0.0000000000
18.8124841749
26.3039874039
31.2232385612
23.5640415321
37.5755480865
40.2050700573
12.1055855936
30.6829672438
22.1839978567
39.7507079813
31.4570151383
47.6409857656
24.8887417919
19.8201078404
43.9203110677
20.1982621195
18.6079443383
4.9737668755
52.3678948017
26.2289480475
47.9708963796
29.9130126561
61.1353783383
18.0504670758
14.7532943217
28.3131176790
34.4976712797
41.3298301951
6.7841581001
25.9023099453
60.4608618690
39.7269651703
43.0137506014
29.5090729913
35.6692750876
44.1288582410
46.5212821764
46.9886269942
26.4183552621
43.2479124752
22.0834410654
47.2831110198
22.5618898329
35.0305786611
16.0814164428
16.8622948823
41.5354995660
44.2199714981
21.8908673897
30.2558915789
32.0168587751
31.8056684915
27.1293487867
16.6767331045
21.8101358079
65.2286663221
60.9830524798
46.6057939329
32.2716553580
21.7874911552
34.0338204881
32.4114019695
45.9851311491
30.4722011630
26.3741898433
20.4741565206
30.6759867218
31.6063571436
35.3810317389
44.8084607523
17.0204365874
15.5772946157
11.7420280353
24.1865241213
49.6102949364
38.7472617102
30.7174701241
23.7061243971
34.6037295306
21.2503354699
15.0362853358
35.3020603482
24.2241583217
66.6397257544
41.2477758032
32.6801715192
36.2493562140
12.2528197625
27.7850723153
59.1483888181
51.5720745060
18.9986784920
18.6365221837
55.4532240249
41.9528373901
46.0343832373
12.0619962374
22.1351731090
28.2198256758
