10.5090005477
5.9032339794
4.4457149850
-10.7381071277
-2.1565619445
-3.1725442411
-4.1543577559
-12.9543950688
-1.8807830901
2.1386059615
8.9663453859
5.0388114688
-6.7359423961
-10.7711896805
19.2435866305
1.8512521268
11.7743447503
4.1823281542
7.1295462720
-0.7617774218
-27.8571150931
-31.2074617503
-4.4332565543
-14.6233041998
29.7509839230
6.2493580240
12.4687807135
-24.2662896543
-19.5407094117
-32.0367087012
3.9598136565
-16.2254813938
-3.3535341940
20.4128718973
29.1466836268
35.8106360732
-15.3217506726
15.5985837384
-19.4184042883
16.6718337862
-10.7951792153
21.1525357824
27.4099243121
3.8914381459
9.0546323290
-29.5132041123
-3.8039777330
-6.2912051172
-1.7697303985
11.3898694675
-8.9654702363
6.6684704953
-16.8720426413
7.7945247941
50.3212878839
-21.6036777809
35.6768128899
-4.3454901947
9.1156129440
10.0308937428
-48.7712579857
17.8827764119
-47.3001895882
12.0576738454
0.1695845477
0.5225342850
-14.4851005251
2.4364995384
-2.6730496335
56.8652523375
-76.6761908744
-58.2574849335
-57.5445771470
15.9184888698
50.3686005118
-3.4082025848
59.4045807699
11.7395688185
47.1290302455
57.4703483321
125.1151979528
-40.6140749857
-58.7233111836
-126.8153670012
44.5218041958
-11.2214648302
6.8565944591
-41.0303236543
7.4319543402
-7.2530407925
2.9031606196
-33.3024300008
-36.5074366006
-3.4807166756
38.0551126072
35.9927869631
47.0884436998
-32.8642883617
-37.4541172459
-35.2008251804
10.4016358173
24.7767532782
-14.8015441907
21.4994792422
13.5884587529
-37.5992912857
3.5118947700
-11.3556437654
30.6358194763
-2.0093055704
5.0258229678
3.6930649705
-61.3159312470
-20.7199818195
-15.4388606327
4.9614579667
22.3597015090
8.5438924046
53.8684234348
2.0353228909
-9.0112306001
17.6039807815
24.9403611944
19.1766044814
-16.6205213214
-22.2855841631
-34.1322129512
12.1112287328
-10.6288094787
32.7513561145
-3.7578212987
6.8850546092
-36.3886984828
9.0175499393
-13.0120920940
3.3316518961
-7.6400253117
-7.5769931943
37.4596788336
0.0761890077
22.3087578403
-14.0221392634
-12.5333888118
8.8787924775
11.0003638533
2.7262677425
-6.8547113458
36.7016249481
-9.2681356317
7.6058731316
-40.1169307121
-1.4219544794
-9.1916051023
-18.5968700380
19.6223971575
-15.7782823120
18.7200123641
4.8696704251
4.3945080599
4.7113311942
-24.2568302119
9.0576716359
-22.2562346333
11.5201209020
19.7200214015
20.8370656911
-1.0652693474
-15.8081868147
-18.4820736509
2.0880251597
2.0540733865
20.5086818067
0.2393178447
2.9428079803
-21.2132448401
18.1329814498
40.1203150983
-2.0762414717
-8.0812750364
-11.8405762629
20.6594435227
-10.4761634637
-24.2716057732
-13.3149910998
1.6655520191
-10.6890619882
13.9184257331
-3.5684367874
1.6840487450
7.4883754019
6.2183649206
1.6835542499
-4.2086502355
-2.1185024230
-1.0251855977
-0.7739121183
2.1209298366
3.8459457818
-1.1268049353
-4.0607582514
-1.2238813214
-12.1299638125
-43.7088020614
2.9013498425
12.0211333843
14.2151085678
14.1550208901
-1.2701753131
27.3336594107
-20.3368038452
-35.6197668908
0.6371136635
7.1703794723
42.2085904701
-9.0707134997
-3.0802823637
-54.6714763751
-13.5829837315
-15.3919511903
22.7598227592
3.1690388993
-13.2518902037
30.4252001355
18.0284579911
27.2247590181
-1.4319522929
10.1891203190
52.7336710026
-3.6704178061
-9.3700348275
-55.4046857354
-43.4905672588
10.1668312781
7.4062880282
39.6385179606
-14.1944441272
-3.6643546083
15.9695214764
-49.8484473927
-24.6495150621
-9.3088241596
50.4489186129
20.2133615017
37.3336240855
-28.5939175473
7.5580079025
-15.5551677794
14.7712032990
14.6519054648
-24.5871055105
17.2498558772
-21.5156932269
18.1889993261
-0.5220812943
-1.9683502286
-9.3166945770
0.9786496947
2.1304165533
44.5057491137
18.9821398333
-13.9217994467
-1.3780013351
-56.6579758785
6.7160167335
-33.9247716605
37.3750264888
3.6515309390
-14.0444460919
-12.5333567941
15.0866662752
-4.0308347752
12.3775979501
-11.6944808257
-46.9132109981
4.1962261942
-10.7867502675
47.2079573567
-2.0544765720
11.3253005020
-0.6379982998
-15.4646680597
-4.0807491352
0.4727456241
12.4665394767
-0.9775065454
20.1978459765
-0.7521353601
-4.8239883267
31.3493178110
-13.2013663222
-2.9390607272
-51.6766574705
14.8098782713
12.2827556858
43.2916070928
4.2631407504
-1.0766308765
-36.8019446055
-1.3673785840
-0.9414012874
-1.6802896335
5.5663096783
-7.3529548927
3.1189929112
-5.5837723521
7.2339867220
-1.6367562764
-4.2773660821
-1.1969046566
-0.4697454499
1.4436932907
1.7437427240
-5.8218628528
-0.0446278870
1.5901634532
24.1323976923
-2.3474477287
0.1630363415
-28.2473452554
1.9387884335
-1.6274984267
-37.2522339854
-16.1553686282
-14.7106187545
-2.0390286396
1.7679077631
5.6410306166
8.6334564969
9.6145644371
1.8521118605
-59.6814648269
8.3397501196
-18.4573168779
94.4542185180
-3.1581955821
27.1392540546
-5.8346177434
3.4420488183
-0.0130904832
5.4811580951
-1.2941411311
-0.1361948625
-0.5099264385
-4.4728588531
-5.9932415758
0.1550437827
1.2101540423
0.7085948880
-0.6871430498
9.6902660647
1.1412045854
19.8516472240
-11.9889900165
-3.6414667184
-18.4561606843
3.4135198895
7.9341953524
-34.6685160197
7.3821976970
2.6110693558
33.6513668569
-5.3760488316
-3.6587527021
8.5306430188
-16.1171229299
-34.6851794376
-8.8948262145
13.2614279115
29.9658473837
31.2912199720
13.8850490921
8.4177949662
9.0054709773
-7.8177198164
-1.6209727515
-38.9153585908
-5.2177819369
-1.0298080004
-16.0150612741
-1.1490655160
-11.5199821588
10.9090150724
-2.8578651048
5.9682025729
23.8478649700
-7.2653403207
41.2782364643
-24.3737065617
15.6747585160
-22.9810363909
5.8922021137
-1.5185399279
-7.2275630289
0.8541163788
-3.2558162686
7.8229979884
-1.1144306992
0.3718686221
-13.3408566329
-7.1968308102
-2.8519951989
2.8767982197
-3.0422679041
0.6001047958
-0.4586519206
58.7729029951
34.6830401830
102.3422716662
-33.8851954501
-60.9007605066
-80.8879586822
-23.6621838358
23.7632636164
-19.6905698895
28.9635544193
27.4681952836
-25.5973519010
-19.9499782285
-22.7618481732
21.4154613216
17.9856159784
-10.2390868558
-1.3018087699
-22.9228270831
6.4883177451
-1.3750746830
-17.1610222620
-19.0504833262
-17.0679042084
13.1465544448
20.4633862920
20.5928479573
8.5477451974
-4.4711714034
-2.9754126398
-47.3491422322
-21.0439128762
-15.2345048966
47.7530747709
27.8529516103
17.3618572404
-40.7933300552
5.5008714924
-17.9004620235
37.2264775495
-5.6164896663
15.9830281893
27.7216649379
-15.3885585033
-26.6186858917
-9.5254213178
-28.7516128674
6.9885452017
-17.0187843610
42.7660299434
16.0240309647
312.9441379381
-57.8161735452
-18.5479885444
-310.5547458773
59.3059343322
24.0715309180
41.0298469468
-0.9037496947
13.9629753547
-33.8640329569
3.6620789821
-14.2345515937
21.1042993855
-9.6906147015
-13.7588876184
-23.5908294961
8.8796605121
16.4688465090
-22.8465325357
-58.1396053635
37.9243050140
-0.9014218916
3.0518032402
-5.9772671307
19.0686705480
53.1404258395
-34.3854205350
-13.3000791670
-8.5419666011
-10.0210299291
25.2908598012
-0.4492944604
15.0675185234
23.9045718191
-10.0588344952
34.8781285827
-19.0264582162
-3.1293761226
-33.5111674142
0.2713627878
6.4870868437
3.0610658332
30.1748622836
78.9419757599
5.8189717759
-47.3151193086
-63.2495921101
-15.2934873718
-47.5614905271
14.1423596808
-25.4824570892
39.5350902176
-15.1639759013
16.5158579336
9.6072288334
17.1461435327
-12.5207240450
-4.1070676590
-4.9928839016
1.4512340446
-8.4769968218
-11.0806819544
16.4997660904
14.6498302455
1.0309701232
2.0153403080
-3.6465954746
-1.0819315794
1.5209839433
-0.9712121088
1.1825180508
-5.6097801859
-0.6287795828
-0.0864405909
-2.3491660103
13.0277594066
13.2114767905
-56.0173675458
9.1497022746
-19.2837533890
15.2446746569
-29.2384913276
9.8091049789
46.8412459510
17.0088576979
-24.4497153217
0.1046799896
-8.3478375456
19.6168094813
1.7857119587
24.6635494736
-6.3258019872
0.4432573511
-23.6901649067
7.2175806313
-4.3509154108
-21.9171094139
20.7023068804
-0.7718202972
-15.1093786609
-3.1182790358
-2.7194598374
37.6384809124
-21.5868044694
1.4195092781
30.0254808849
27.8908712028
-46.4957539589
-31.6108594753
-24.7798720363
52.4751816894
-26.2880358678
6.0371650741
-2.9677461869
25.1376588132
-6.4568574209
2.0491841699
-5.3274910721
8.6046002764
-11.9886307071
9.2572840136
-6.4440373091
32.1407518950
27.5086039534
27.2691924274
-44.1297158230
2.5615546238
42.1135904891
10.6751841075
-32.8495744641
-71.1236535370
14.2209713587
39.1292425480
-8.3413747198
6.9835338436
-39.7995786934
7.3008111544
-8.7876192008
103.1123179474
39.1427231725
-9.6242847642
-75.0133959323
-6.6239315462
-37.8406357303
-27.9458479119
-45.1310328414
17.5833305710
-0.5779627990
0.2562042004
-11.5072426841
1.0952260270
13.3966005802
43.1929179648
-16.0751845270
2.3143462025
-12.2360395352
7.3571420923
0.5176189799
-1.2623155683
-25.5721219779
-33.0902477234
50.8370474674
23.0106444337
25.9765454542
-49.0174786026
10.0567545325
10.8069154697
8.2962784261
9.3452673818
-26.8657697998
-12.6262993435
-8.1225019355
20.3405914169
16.0088083419
-24.3804504314
5.2905996026
-16.9523832733
26.1283009037
-6.0967333541
15.5235236501
68.4306782410
-31.1782118310
35.2128768682
-61.4190399992
-4.5436997243
-20.4690652778
-7.0172093162
34.3881621961
-19.4410241784
1.0521172005
4.0471531138
12.8279134184
-2.7943965985
-1.9072688172
-6.7018423929
-6.7391832957
-4.1269577464
-7.9562709421
-0.7686280171
0.6485961482
-0.2013377744
0.3678403250
-43.4902198078
-39.9981890367
-22.8828358288
19.3702734311
-4.1071364377
19.8423324541
29.1141679053
41.3412733251
18.1048640074
22.7431901732
66.1759074335
-7.9243896448
-24.2590501036
-55.2542465678
39.0506984630
-15.8512624377
8.6372084934
-28.2156679225
13.3648817429
-11.2470042574
20.4808869126
9.5153357521
16.4818587268
-27.1693767518
-11.2552944620
-10.8546194246
-10.6526460403
-25.2251998633
11.9232435122
1.1462040851
16.8662094964
-7.0915294406
5.3599024397
12.5853297716
-7.8491587955
-17.2236867692
11.4820056460
-7.1077161510
14.9049660045
-4.8161451836
0.8243209733
-60.3326461054
-16.9744292171
6.8828928236
26.9078386450
8.3362518928
-34.1095740877
35.4038243160
8.2399463024
25.5134537502
-1.7988747781
6.0502519998
36.2706410368
2.1385798730
-12.3178814402
-28.2740195310
-31.0864456346
0.2905556016
-5.4868762136
31.8927240585
-0.1408172652
1.4260479976
-16.5660023464
-34.4517303130
-34.7785026414
16.3576681185
38.9907625727
38.8336127389
69.5737825414
-129.7137392005
-24.6906399790
-79.4240895168
80.7954572652
-9.4070021908
9.2523639652
44.2295101534
34.1033614741
40.7555148166
-7.3694107887
4.8008739414
-29.1147394800
4.2847965530
-2.2516295184
-2.0719700775
10.9074058880
0.1425936529
-1.5580722623
-6.4122330914
-10.7240252826
-4.2216150198
-3.3515419835
8.6912116282
35.8796626098
61.5567302053
55.6656854710
-39.6687805869
-59.6157467828
-56.3247098926
-31.1661980902
8.9275186261
-16.5502354233
41.4076388376
-11.2643945950
14.1404374348
-9.4756611170
-36.9153843922
66.0831059991
-4.3387795285
-4.5239056899
-34.0792201518
9.2617249829
45.2275554405
-36.4219387522
-17.5015028961
35.1344395086
20.4804220635
11.8127789971
-36.5858300841
-13.6525711702
48.0616326032
-15.8377794416
12.7116631920
-34.5025565836
15.5451652225
-10.9294126991
-2.6050642641
20.0948842685
3.4734249480
-5.3369979481
-9.2788817101
10.9896248900
2.6438329177
-10.1113707464
-14.6987876329
23.6289151061
26.7686353075
43.7111867848
-31.8897630171
-27.1806529005
-45.2577006686
-10.7757338178
5.2598412953
7.3023883210
8.8214512042
-5.2688358886
0.9069455324
9.3377728756
-37.2796873577
76.7497117430
19.6822085346
15.9012811515
-29.5416180147
-27.2996400447
25.8263102510
-44.6450769643
-82.0731223411
-67.6945481578
25.3470804561
82.3070612174
63.2556387062
-36.1194310735
32.2334975949
-11.7293611114
6.2014145295
-32.8106919699
12.1217257848
-8.1133484397
118.4441684157
-145.3019954619
-42.6450173852
-123.7715503906
116.7708859084
19.0989734928
4.5693340186
23.2945925371
23.0411240686
3.5135454587
1.7107514808
10.7000713229
-2.1783031275
3.1333996763
-8.2832199606
28.3769172037
-6.0278384458
-1.2813672671
-27.8877643031
3.5057544926
-1.5327569587
113.3142358472
20.0000206591
-22.5510604432
-80.2007361811
-22.8541456258
-40.5674157554
-37.7310439931
-6.2743045314
38.2726762247
0.8589320733
6.0383663296
-39.6059678498
3.2694581673
5.6121459359
67.2658920496
30.2484388866
3.6093197930
9.6954529270
-41.3325491032
2.9603263886
-4.8482612772
-35.9394645002
-2.6021138952
6.7540228923
9.9060129759
6.7883576917
-1.8447608409
24.0018996033
-10.8940568918
-7.1355786380
-14.0165100829
7.9308275679
-17.4047538016
27.1321722206
-7.7926594684
14.7838787383
-45.3889363499
8.1183076209
-0.1924155173
47.3013232508
-12.3405345338
5.7505855927
28.0623542797
-34.7324790212
44.5428682644
-1.3583484156
16.9919405103
10.4325731863
-33.6704055115
0.6234610923
-42.1147217801
-1.0258544112
-24.0566379586
7.4016276786
6.0798659718
45.3959422902
-25.8205174246
-26.5469105789
8.0270264328
-0.8523376194
32.6681848833
-9.9798362335
4.3141638704
-37.4488331447
17.5982543622
-36.0041413771
-16.6531236092
-30.7281904510
33.2958308035
47.9590776381
16.9051856719
-0.1109234350
-17.8242243964
-4.8945493396
-2.9395919834
17.8458292079
3.0721095573
2.2969985552
-44.2705236014
17.4188475051
4.3771449967
43.0965258081
-18.4279305870
3.3212639413
-16.7249439838
-2.6879224336
-9.1348069435
3.9276311559
8.9262972114
6.1487822253
14.6808435083
-5.7664212945
3.4629907454
-1.9611462531
0.3773626169
-11.5789966517
1.2516133660
0.1597669818
3.4036205007
12.8199232313
-4.5969332492
-1.5031916061
-20.0963867273
3.2067557132
-0.1482252051
-41.4391833565
4.5044792657
-28.4471556683
22.5858589059
8.2706085566
11.1978144455
17.1877415996
-5.6943637520
14.1113523473
20.6297133384
10.6791056790
12.7838274601
-11.6876669915
-16.3696510275
-7.9944217733
-40.9755876706
18.7258941285
-15.9588003007
39.9246456371
-10.2241156310
8.2807866178
-16.3489842152
-9.8682890469
-12.3169991756
2.9193271707
9.3195441495
3.7769560063
16.2460059054
-14.0459770108
7.0140253369
7.7036728799
6.2185368673
1.1680436927
-9.4690797073
-0.1255922707
8.0359878225
12.1641978155
7.8726775521
2.2767539017
-9.4895342544
-0.5900061859
-2.0345698828
-7.0167112636
-45.8575848982
-16.2882668566
2.4588039952
34.6383802783
13.1498878399
-13.7859816813
12.9026402859
-9.1574481788
-2.5170263473
1.8523798603
12.7076337091
18.1862505499
-10.8184880783
-0.6539905325
33.8697949514
2.9649393046
30.2176592343
-28.9633397823
0.4572644883
-23.0517408905
-56.7167828495
-8.1976035282
32.0626963758
20.3103169322
6.8654159198
-47.7335321345
35.6681076415
1.1412567623
15.0052702460
-31.7229616349
-4.4654675150
-18.1052766795
27.5548647416
1.2341945683
11.6049238484
26.0594581723
-0.2087457143
16.6132094345
-25.3025877547
-1.2785686857
-17.4593913606
19.6888207761
29.9108908339
-41.3783723166
-0.5952784287
44.3478379708
32.0751310897
-20.9451051643
-76.4575101961
9.0703435177
-15.5441916482
-0.9281637601
12.4933003187
16.6388852333
4.6142583655
-11.4142218693
-26.4173576040
4.5110001976
-12.8996401117
25.4480784137
0.8400784097
15.2102473620
27.3320929167
-2.2099840179
1.6705610055
-0.9722995237
12.2271824994
29.7214458447
-28.1120919495
-12.0172948216
-27.9992462685
36.2206578982
-22.0763060069
-3.7850707066
-33.4990801513
18.7253225538
-1.9182971254
-40.6870254654
8.1510130767
7.7180132380
41.6035324224
-9.0360182050
-2.5264098959
40.8440282551
-25.9268113419
-1.1590775596
-34.7117837487
23.3114243442
7.0249030434
-6.3477803381
2.2894483145
-4.0669044580
-13.2336685926
-42.9645715080
17.2911337674
12.5326974673
44.1755165054
-24.2816581354
-42.4174049631
2.1933348301
-18.9455187351
40.1828562781
0.6868963952
15.5807937729
-0.4292857890
25.7696235612
-38.0987230439
-40.2472687128
-7.2962705746
3.0696169225
39.8179426052
-15.5867609177
37.5201412366
1.9626321101
-8.6187022808
3.9898746901
1.1305272857
2.8518789866
-3.1161848431
36.7665117187
-5.5492478183
14.6068992950
-42.1744454051
6.7041737536
-13.1472825503
-20.7977100469
31.3370680880
-13.1729630924
25.5658998776
-32.2503898799
15.1964999237
37.8880455970
10.0748445155
-1.9003518149
-28.5112906166
-5.8512621878
16.3696522134
-8.7370111247
-4.4651864710
-17.9524551602
-34.9850071189
-0.5603459661
1.0879876622
35.6262178581
1.3728559771
-3.3089240946
-7.8790123072
-5.3822294275
-3.2419881932
12.4798955880
7.6953162683
0.2243406907
-13.5242455392
-54.3577814857
7.3111718349
-12.5120104957
12.5442700758
4.5243752823
20.7941608290
38.6879145580
-6.5969619965
39.2408087081
1.0992068905
0.3956838385
-33.8265616117
-1.2154523736
-0.9325086764
-9.9664990957
8.6011257664
28.2519332687
12.4175275407
-15.1375364219
17.6352857608
-4.8380298532
8.2821965810
-44.4300296985
-4.9667693422
12.0606194709
-25.2618541649
1.9395248399
-13.6901599134
24.3414884859
-4.1297859738
-6.2785747398
-12.0085528121
2.5646887978
0.6474636714
2.6178286414
-23.5655805996
1.7620105828
-91.6004943650
-3.7601182700
-17.7120937767
13.6315343759
46.0504842381
11.1393667839
61.7570315559
-66.3263264418
43.3478905971
-0.9574670422
49.1666370635
-32.9060643046
26.5601196461
-20.8960446088
-1.9427052616
-21.5915051375
19.6354828973
-4.0490801031
12.1957565645
37.2604755705
53.5148677335
-30.5598462915
-12.3743795815
-11.2112500080
1.7882010360
-6.2369873455
-46.7984596729
12.5099198605
19.2812560108
-12.7484005024
47.3616255655
-36.6698041286
23.2350266288
-21.7041515975
22.1341192443
-7.3061260874
17.9132762061
-20.5631497907
5.3749460007
-11.6593337262
6.7486024196
-32.4816855197
10.6336868369
-8.3183694318
-6.4909752117
-20.6328154947
-5.0318660063
29.0663880566
17.4910876670
-11.2365534531
13.2993913800
-39.7250273302
16.2672170181
-1.4619398044
25.9791258411
32.8807727178
4.2269145369
1.5470664850
-28.5600808005
0.4588001505
-4.3994731703
3.3305312777
22.5834670675
66.6100658374
-0.6345546216
-0.6459778144
-6.7436977870
-2.0140785747
-25.2962873890
-58.8708569026
-23.2682076063
1.2824677262
10.0798487585
18.2656176077
-2.6093842777
-8.2229544069
-0.3772985815
-6.9975291224
0.3633898690
1.6354743838
1.5963037306
1.2240793566
27.7843614627
0.2437173095
17.7358627454
-27.2445411941
3.7249154360
-14.5450636897
20.2611994565
-9.0205097949
-28.8277046362
-18.0070607015
-27.4045109544
5.9338037381
-4.0521336401
37.8576110240
18.1156314308
-30.0859527746
-2.5111635563
-7.4219648275
33.6365912957
2.2900673228
7.7464899899
19.9278978953
-7.2179174097
-10.0193116476
-41.9867352992
9.2339644782
17.1169137727
17.1283903283
-57.2035142657
11.3855126929
16.7218026948
15.8000922737
-2.5082523202
-15.3419953260
39.6084711571
-16.2993864745
-3.2146237589
-7.6613609376
3.9963861352
1.7574628880
2.0724610151
-0.2252359996
8.5849224543
-41.8483822087
2.7813191595
-12.9095311997
46.3593966364
1.8348163901
6.4262698746
-6.5928613632
-8.0770166864
17.9919400610
38.1141259143
-18.1473324805
-18.6364403192
-30.4433778705
17.8370634816
-30.4455965764
0.0119900241
-27.9783944652
30.8391921514
-4.8187220131
19.5740445483
-23.6766842822
-58.0202932992
-74.8629804815
-22.5008164199
29.5254977113
18.7944060107
54.8605869575
26.1183754264
47.3226043281
8.8757009937
16.4065377537
-10.7607625930
-17.9523828240
-9.2233867890
27.9110826527
32.1620827775
-7.7393298905
14.4656254815
-33.1518177007
7.8752852133
-18.4874004423
-63.4149692990
53.6492020136
-18.9843277073
42.1214134729
29.8951950611
42.3012353737
22.3535742758
-88.6490036672
-22.3728975319
3.8177986934
-13.4776064682
6.7840507223
-3.8880810340
18.4462577379
-3.7062882678
36.1773783108
-9.9504807746
20.1608916575
-39.0854139169
9.4196052939
-21.9124229759
-40.0106842284
52.6909440165
5.6957179808
13.9502916145
13.1067932434
18.2993333988
28.6575698589
-70.9982450715
-24.0398298683
-5.7836705172
-1.0964486277
3.0389024913
6.0945288783
6.8278331057
-1.2425938701
20.6973168674
-0.5944779869
8.2716414229
-20.7699566572
3.9766810388
-10.9658262753
4.2488573126
22.8119498958
50.0949668411
-7.7421984364
-24.8872201649
-48.8150391833
1.7222754699
47.7519351790
-20.4305788540
18.2400615787
-18.6407247576
21.8003042146
-16.3963573209
-30.4181420183
0.0445330199
-26.6289173156
2.8220764661
-15.0563360561
29.2884685371
-4.0243743212
11.2661970711
10.7365951822
26.4285293988
-44.7808461104
-32.1296014453
-6.2001907431
8.3536019118
25.3869471971
-15.9182540735
34.7271557873
28.7895964952
-6.6199293376
41.7075602002
-35.4430874648
3.5121402388
-36.2173316181
10.1145867434
6.8177261949
3.4955693164
-10.5576377584
-1.9321335017
-3.3213825253
67.7924617467
0.7856222842
-38.2862078402
-71.1265944192
-2.5583872462
49.2847229696
1.7857973391
1.8278234941
-13.0860054754
-24.0612449454
-5.6704145357
-28.6099607711
26.0526324796
0.7297644963
30.5232655119
-36.4112685676
-5.0011539469
-9.4442849874
38.1215741728
4.5462137042
19.3075887647
-0.1613714227
1.2823787883
-12.4788081731
35.6585094559
-25.2158898367
-8.6835167151
-37.3126193088
22.7954038760
19.6637663573
-5.4417680615
0.7639178622
-20.3956582498
5.5469437320
0.8291295528
12.0309130034
7.0882778685
-0.3281265572
6.5680215813
-12.9774489763
-0.8775912592
-7.4779305269
3.5757107274
-33.6086493575
-17.0630683546
-22.8048905927
16.5633934993
9.1682167881
10.4718363350
18.7066645537
3.6408168783
33.3342093159
26.9317344985
-1.5950099796
-18.6876946779
-27.3874241918
6.7589547992
-32.8951261202
-3.6238131245
-20.9577094532
33.6614607235
1.3973234053
21.5236312371
11.1375168741
-11.7243853284
-16.3969395681
-11.9087584817
-16.5403135034
3.2829435350
-0.1469824452
27.3543641699
11.0629382366
-21.6257462556
0.0855191935
-34.7172813011
21.7776357050
3.0513051875
36.2024173136
-8.5113577096
-7.4855258294
-3.9693098599
9.2286519168
1.8972816762
4.5402133559
78.4870461898
-54.3485426094
-34.8308586451
-60.0372333049
77.1179339083
20.8811599503
-26.3930633084
-16.6676892769
14.5244953020
-6.3954439745
-28.6553203212
-21.8640751101
13.6214001908
28.1418624524
20.7183761927
-24.8236757648
-7.3237915398
2.4667941823
23.6643598514
-0.9808102944
6.5153513302
-8.3160523013
-17.5082740401
15.6239654490
12.5583258325
-0.1232241490
-8.1235442885
-11.1100931478
21.3542553971
-8.8750641978
15.5483397151
11.0847232957
-0.4500450969
-7.5212065568
-6.5028798553
-7.1574561925
-38.6757039677
0.8455249710
-13.4974514937
40.2030772147
-1.9063711367
18.5731010693
-15.5137973938
3.4994339676
-2.7010520495
6.9852675411
8.3384243509
-0.4625082709
11.7667696070
-7.8131827941
1.2010811837
32.1758515609
-11.0891049730
3.9280639874
-36.9414657480
8.1252768001
-7.0412356121
22.9898519224
-8.8604843001
20.9396550455
-20.1421968964
1.1828975194
-13.5677433211
-42.4281071654
-51.6914164300
75.0768715538
24.1896405409
52.2827554995
-83.7935751756
18.5209502160
0.9402711823
8.5355346071
-4.3886239239
-9.2564266516
-19.2184824064
1.2584853064
15.4024019946
12.0277396967
-36.4436384308
-4.9864637661
-27.9856956796
31.8078665635
5.4188600123
21.4811414188
0.2177414934
-91.8249002768
-12.8351316240
-24.5781204039
9.5559305987
17.6679651282
21.5328831575
79.4140869598
-2.6277114285
0.1989732102
23.6676612288
-45.5365425467
7.2642932243
-21.2451759427
49.8359759177
28.0640025967
11.1802794355
33.1986073733
-23.6288380266
-9.6726765061
-28.3401893800
-1.3989895099
-16.2757301605
1.1472073054
0.3475340079
18.8336905045
-8.1282354699
13.3320849774
-78.7380137226
28.7910076443
-35.2836631906
15.7525353629
-7.5981556876
18.5678679592
58.9199150863
-19.0702417854
-4.1718405889
-7.9548680939
-14.0204648579
16.2343989075
7.5562599750
18.4208653548
-22.6005265558
-68.0134322813
72.2472460328
12.6537325565
79.6515145762
-93.6199957842
-3.2237464228
-14.1536856347
24.7905493359
22.5535281754
-27.1230199107
-22.7560814353
-21.4455460719
30.0372301835
14.9378813539
-69.9460330038
-18.1002653214
-12.2484991518
24.8851437598
5.1959387717
25.1036003144
202.9347587557
58.2163896626
-125.3944868925
-152.6530494538
-52.8275302060
93.7105559818
-14.8023576766
5.3266194800
12.1991326498
14.0904436237
6.1799579480
0.5475638012
-4.5089071908
-3.9911115207
6.0821332971
19.4800098407
-3.2095625955
11.2582056982
-18.9217675540
-1.1801534866
-10.5382990864
-30.8389561693
11.3105794894
-15.2001914423
31.2556661295
-8.8009871705
17.6554746798
20.4954075184
34.5270951622
-28.5001626979
2.6984289723
22.4324563252
1.1401622324
-24.1687899234
-55.0794277241
24.1848094304
17.6763964476
1.3158123496
26.7158025963
-30.4585696615
-4.9830900524
-19.8248270901
-8.5336230337
27.9628149047
6.5216066340
-1.0640265875
-0.8254736094
1.0647831532
11.5950967957
-26.2079573063
-13.8538128915
14.1207690994
4.4216104237
-2.7965939592
-3.3360430601
-1.6837167099
2.1730415573
5.9135282529
11.6213453550
1.3124220342
-4.8754786674
-2.6801196091
-1.6989832088
-5.3823136221
-33.1230990375
22.6924623273
-0.3922970806
3.4760385384
-27.5483023053
4.6467136092
28.1168388654
3.0283366606
-5.6924545503
-7.1797049149
9.9227831193
5.7823020583
-0.2312991974
-7.7087198132
32.3842960719
-3.5091981708
25.3341429462
-27.7970985658
-5.5424482141
-12.9426469560
-2.0621335382
-11.4551345209
-0.7627687837
0.7237760064
13.5590534886
0.1569826304
-7.6016278259
11.4158369828
-0.5649707405
-2.4097351389
-10.8766878994
-9.3837538056
6.7625229905
6.4085783338
-1.8369864766
-56.3077986342
-23.8184170156
-2.2698689171
32.9571407873
7.2001511610
28.2778604655
-3.7830618943
6.6533308813
-23.9069257107
4.9373925381
4.9900438158
21.1538449493
353.0311380590
73.0613699715
-316.2322790080
-345.4029877449
-72.9477866983
308.1405413090
14.5681768891
4.8613055126
-15.1631730879
-4.2263619356
13.2056223005
11.6089865348
1.9612197751
-4.6547358140
-2.3176131906
6.0051047150
46.9527219873
-17.0723890538
41.0476867175
-36.0013926009
-20.8468547969
-46.2816778957
-17.0346674965
36.8907414597
-3.3365660153
-7.8859186369
-5.4765582233
4.8305946390
5.4183714464
-2.7863139158
22.4114788229
-3.2085214284
22.1037321048
-28.3250616244
-1.5915947616
-22.9235457019
-8.1560706825
-69.8274265141
-26.6304399336
13.3995047013
20.2026687862
-17.1902045884
-2.4251795137
48.7995983660
40.1670324347
-8.1501746881
11.6760457635
46.8588449964
11.2455029845
-6.0507702117
-42.3854181261
-7.1549683011
-6.8950132901
-0.8278761204
12.9962030293
1.7522570522
5.1050999017
30.1344963040
-18.2538528931
-13.6698037911
-21.6001107754
4.9363620435
9.6598978987
-14.8476697931
11.6456479515
5.1259161299
2.3708312996
-2.5297112733
-10.8964060400
-1.8987805775
9.3443104093
5.5031732070
-10.9877726086
7.8032668035
-18.4782540616
8.3072379556
-4.1985504398
7.1233621185
-6.8189274504
-10.3515874575
-17.1550242854
14.5615646475
-7.9910634756
3.1428662338
-2.4049147010
8.9713674166
18.4374837108
42.1351988581
-7.2699888118
-42.3630093154
-44.7923867012
13.0365583363
49.2925767852
-42.2247427912
-1.3032460075
-16.5707931383
37.9340561730
1.5212009520
18.1053075114
36.0634072680
30.7028372006
-3.2671054615
24.9028424156
-14.4414402832
18.0495196880
-59.8151326652
-11.4634579290
-13.2645371829
8.4323713064
7.0642717319
8.6329003382
-5.2928028925
-12.0801668507
-11.6852917548
22.5401649491
7.0880857625
-6.5244538349
-12.3977714532
-2.8340475167
-0.6815186127
28.5218078279
-45.3845807611
25.3976280543
-11.2513017401
29.7132066313
10.1101920219
-8.4041933861
16.2696183433
-36.1415327517
-16.6795192126
3.9471097570
-4.1365013834
-2.3291881708
-8.7993934021
11.9761865064
-38.7288307671
-16.2126494237
-4.0997320553
40.5119018610
12.2285011530
14.9233488897
-57.6059550182
-25.5967554237
57.4091815404
2.8538024184
6.9850944085
-37.2502334740
54.8862165085
19.1327663635
-20.8988977389
-2.5646615235
3.2770843016
-12.1877758640
0.6475265209
0.1859586207
2.1041087020
-12.0068096279
-2.1222259593
-3.0866965700
13.4775922382
3.3947634648
3.2864405760
13.1573372842
-9.4281374097
18.9821955677
-4.0244490291
21.2042573619
-4.3143263304
-13.4967008573
-9.3967838110
-12.4888688362
16.4771580587
-12.5163672703
-21.8663234619
-13.5841268809
8.8644948096
19.4875778689
-25.3645929351
3.0113589952
0.0199719103
17.5711602993
8.4299023884
7.9439144936
4.5281249071
-42.2219382805
-10.9700016165
8.9266624500
-1.6517369879
18.6784486866
-9.2903487789
34.8532057921
-3.3852423587
14.4415802122
-25.0547460951
2.9527702187
-10.8125849688
22.6339553737
-15.2398625199
12.6948420575
3.7057309232
16.9082747841
-20.6223599471
-5.9777758559
-18.4592296371
-47.1610455427
-43.1824647888
-22.2376465978
-2.2007309116
-15.1011275890
2.5730916571
40.0634268157
65.4557257069
12.9702094256
43.1410481554
41.9126404843
-6.6853770103
-25.9151806272
-46.8127300665
14.9306773784
22.6420973483
11.5533457556
14.7601548316
-17.7497323252
-6.9501607601
-13.1733484903
-10.8449062126
34.0152275043
15.7532943002
12.6189530672
-21.4994495962
13.6843896180
1.1136693901
-4.8222036381
-32.3486129729
-27.6196803617
-11.0467266236
23.0477102217
19.8396014655
-1.2500326418
-21.7235875083
0.0352407809
-7.3422526905
10.9954343181
1.6859105131
3.2107140458
-1.3509013430
-25.4304971560
-8.0619719396
51.1720103898
8.9140107274
3.9941935178
-45.7347342886
17.3592389066
5.2362644327
-6.6207428236
10.6529934913
-40.0715177992
13.8674524185
-13.2168984491
43.0345728047
-22.3285174854
-15.9329976171
-11.8188647259
-10.6101645229
14.3369132669
5.1725504575
12.5176989682
-2.7680804463
-0.6035057837
1.2399387753
3.7674088118
-1.4199243220
0.4669018066
27.8446116005
-77.9006852749
0.8486793043
-37.1720522558
49.6670412101
-9.6444487805
9.9241954543
36.9033884389
5.1813932633
21.1039709079
10.2267849560
23.8051960900
-23.0565518417
-5.6181605143
-27.9120858730
-9.4060831651
-33.6755034359
-54.9258567542
10.9815327206
33.7162915743
54.2988559307
-12.0180810332
-32.1939415438
27.2916569726
6.8367008142
25.5291305495
15.2471898227
5.5585104114
2.0153996000
-37.8049550029
-26.1922662769
-11.7769251372
-13.3438058159
24.3353707395
7.7118611023
16.5023358048
-0.3092432476
7.9352116169
-5.7157408823
0.7966339906
-0.9274154953
5.7248386436
-27.9703224552
-44.5143440790
-29.8887535805
0.2882811612
4.4172085871
-11.9480524622
29.0515460884
37.1544034052
38.6691782925
