0.0000000000
52.0743658601
76.5408005045
42.4650385251
72.0640613532
62.9086549483
28.5692778608
24.0729149336
33.6921093782
98.8022379779
88.7742362033
30.2946038571
29.7460555633
71.3908915398
92.2268429177
26.0479401755
58.5045530105
86.9590733237
40.8324880839
86.9990004788
73.6073986652
58.1495466543
65.3162648449
55.1156313226
96.2237220112
51.3650020025
64.6249095291
15.0740751610
76.0207516161
31.6465378164
81.3426817524
78.6222523509
58.3591857108
55.6629791725
53.1891051460
57.3842928119
88.9337898262
81.8246452542
66.1536011739
80.8421392940
45.9045796653
86.6374553740
65.2142766826
81.5733182241
70.7896460781
79.1114423621
38.3679672290
51.8368743703
67.7768034638
51.2016864028
62.5572160380
49.3387498699
54.3096897720
99.3354233502
70.6922005263
43.8325406047
74.6420727947
57.2888546936
59.5505438186
54.2162151608
24.8777476580
79.9914041781
66.7945202729
14.2987251645
72.7818433790
47.8069250225
85.7011586622
88.7836220058
29.2899860080
63.2827121555
97.7963217919
28.6555811843
63.4307627267
73.8277300189
26.1481449286
51.7840937424
83.3039498940
42.2304028745
69.9321331288
53.6002844981
67.8515409835
52.2910613684
49.8649547202
46.4899401096
74.6338510400
69.9071221018
96.7016398975
76.2602179085
76.6067157337
53.8818083727
92.0867944696
96.5775712222
74.0125469316
42.2466945243
62.6975901685
93.8064238479
97.4330861508
57.9674908255
46.8345152165
60.7719387536
