0.9572168300
-10.2455852568
5.2666622447
-7.8295070619
3.1801158269
-4.1892759884
5.6991687740
-64.5754236184
-0.2619590799
-14.4306088244
55.3878112380
-11.0408733194
10.6361344099
7.0900032651
15.2565721855
18.4347515363
-58.2455209979
44.7533630921
-18.4890855204
33.8973242174
-51.5762690343
5.8777265699
27.2100937399
4.1876134413
-7.9556163587
14.4360672440
25.2912985619
11.2700806958
-0.6782456954
-18.6148864989
-6.2226149697
15.4857416150
42.1005984306
-10.3241649170
-20.8606046069
-20.0726640063
12.3765164644
-2.0817781568
-31.1001788428
22.5076919178
5.6493362370
2.7773525261
-13.4654551700
-4.8538774135
-5.8446985657
-4.2443855115
0.8009492609
0.3483190337
1.7113455865
0.5321846476
0.6296677767
-16.7082224598
-15.5953037061
65.6655386768
5.7506342121
-4.9159466291
11.9071552265
10.4136222838
13.2168023961
-75.9964605078
25.0651079614
-7.4490351736
-17.3034285523
-2.1222982955
0.3701147653
-2.4054850898
-29.9829851374
12.1634578516
18.5750932798
33.5768226088
1.1811365476
15.9351439868
-12.7255802054
1.3538422251
-2.8100971146
-19.7762966050
-2.4536621948
-11.4780983045
-9.4437276428
-0.4550244373
-0.8082552186
11.7836749361
2.9934279148
7.8891820675
-10.2511717471
34.7403304651
-16.8373722493
-21.9217567193
-5.6099545043
14.8151754167
29.9685368679
-29.7031696850
0.8788020015
-1.5929063001
-0.1221438492
0.9522896665
-7.4239890557
10.4773303298
33.3968050444
-6.3121399293
-19.9708916954
14.4377997556
10.1878384264
18.2429075937
-4.5728298737
-8.2945648879
-4.3669574488
-29.6940719237
55.9918518354
66.1941112570
-70.8755415060
-19.3023841147
-16.6853144107
-9.3476722645
-23.3892616689
-55.7346515298
59.7656878977
-2.2782053694
7.1511202516
-1.0450578975
1.0066355090
-2.9309389119
1.1191882876
8.3130853306
42.4045848513
23.7962204702
-16.0405200642
-3.2090479411
5.8384468194
15.2015836180
-31.6089135126
-13.8134160801
-16.5448789858
24.1109363675
-25.6107412158
12.4291938306
-5.1646705534
3.0494446052
-4.2745082087
-34.7663050954
1.1488319056
23.1676816128
26.5134521150
28.1563237661
-19.3374209312
-21.6417764352
-35.1963047599
-4.3703015164
-1.6507064933
9.2003079790
10.8401901285
-3.8866129646
7.5423228023
-8.1125361396
4.6788783222
-4.1855654963
46.9075486141
-5.9499015105
2.0161502365
-40.4250225095
4.3066219306
-6.6763824170
35.5099035963
-27.0306098033
-13.1066497568
-2.6023890100
2.0948994718
12.6735763961
-12.9847063145
20.2866309723
12.5194978869
7.8888559616
5.9805187029
-44.6429199221
-0.3797769863
-5.0822867198
3.0788285244
0.3873462004
11.4688357115
24.2320556513
12.9915106621
-41.0787984050
-21.2876622034
-17.5543854125
41.6193171332
19.8100740598
-16.8083927014
32.4883558674
16.6732105460
-24.6430522364
7.1249653737
6.3879304949
11.7125577644
-46.2285487247
-11.6777071248
-43.6355942545
-5.7582461164
8.1493576446
42.9733751811
-7.4518539143
3.9612639383
-5.7492349214
14.1368265533
4.9635320001
21.4153664544
-6.4391350483
3.8751945152
-6.5247870558
9.0887750224
-4.3199270507
22.6891917817
-13.8502067533
-3.3519309389
-7.1750315210
6.6442331199
-1.3086297192
-13.5341022379
3.5517259359
4.1353712782
2.3507455486
22.0126536953
41.4492629930
-18.2576357214
-14.1277643672
-17.0166901683
6.3175200835
-8.8953444264
-25.9568842338
-2.7592305255
4.2593626655
0.2763041814
1.8894160023
-3.1710275523
-14.8562232541
-29.6781816732
1.9364523295
-8.4358137987
42.3486725148
-12.4978432702
6.1974289227
8.2540257758
-8.1847407262
-17.2826348551
-11.3009089675
6.4831403695
24.4171853701
-10.7685345856
32.6366593379
-5.9868795464
14.7389840374
-5.1101420917
1.9174883828
-3.8158894916
-16.8503915821
5.3962306355
13.1877552554
28.3157765004
75.2581022321
-10.2320405970
0.5067981937
-19.1545609093
-4.9351916198
-28.3639666496
-62.7771903795
13.6633528237
-30.1793862616
14.9906239412
-17.7858790875
22.1236648825
-5.4049951759
-3.6761655706
9.1839801537
-9.1349871912
3.1283325838
6.3109374880
-3.6471041998
-11.3800519016
-1.8750282105
-0.4196567716
-27.0891048985
-120.5353538380
-55.5089506811
26.2803646715
119.6420395316
57.7580294585
-20.9436928293
16.3158886181
-5.7352265984
17.7063970033
0.4275509057
0.8384051901
6.9589786632
-17.0410674727
6.5376083534
7.4965814119
-23.8886293917
48.6314012506
8.0722472396
14.5584956947
2.1292212270
-9.6187990703
8.3251963103
-49.0485345556
0.3199015738
-26.8653879594
54.8811079115
-6.2699394559
-4.3819132577
-5.6514422881
5.3387861942
29.0072727674
-50.7648582966
-28.2838015218
-6.6717789877
-6.6667190102
20.3670961175
2.4012160673
5.0013306370
-10.9970624759
-23.3713946238
86.5088027515
7.4965588809
25.9932764649
-2.0277264025
-4.9174087694
8.9604458340
-76.6889505083
-1.8850117940
-7.1496355804
-28.2864732184
2.8790999343
-5.9109526093
12.0548634055
-3.5477616742
11.6292466042
20.2396705388
-7.6527529280
-5.7253592271
0.7639913843
18.5018024641
0.8539503612
-10.3626608276
7.0923571567
3.2712072806
-5.9344915251
11.9296826212
-1.2009353254
-6.7191746244
-10.9827968256
-3.0792862585
12.1175362136
-1.3522271116
-12.7837385221
-0.8994095218
8.4403152458
5.2230802681
3.2027760356
-43.8239589437
-29.3953838343
-32.2913523367
19.2176297877
8.5067945989
-2.5187825757
31.3117183952
17.5142008664
46.9021435572
-8.9514275239
7.2963856011
-22.2960397107
6.3411396364
12.8918396589
-6.8883868184
-3.2715701476
-15.7521369208
26.4771606803
-8.8795359989
42.3055447148
3.7561172472
-19.8840692642
-15.4234767357
-27.8237479388
28.8785830837
-28.6197024433
24.0019256917
-1.8188787061
-40.1153072977
1.0912451635
-6.2077172669
48.3519012316
-12.7136482875
40.1880277245
-7.7303886600
14.1620529188
-47.4845034494
-0.4085442688
-14.7055149009
-11.0862969048
-11.6828358810
-6.6440089963
-5.4139103179
9.2279238113
5.6794541909
14.1436795203
7.9302239756
0.2320569489
-26.1408708033
-58.1341101828
17.8396865588
10.0404587249
22.0601880752
-33.5674402460
17.4191747969
35.7998757648
11.7569496694
10.5703155694
23.4458084296
-32.8373970774
-3.0334701602
-21.1767636710
37.2249881350
60.3890256627
-106.4741613194
-47.6570241360
-34.6429220439
78.2153454377
-10.8201553687
-24.9487106909
28.9274373030
59.3363534893
30.9162171760
3.6186855541
13.0634306472
-35.1151506419
4.2476750305
-10.7496512760
3.9022375870
17.1494247509
-4.9013916341
-7.2457858259
-7.0230970097
1.6723907560
-16.1665558389
-57.5960402134
33.3970339114
15.1341733808
1.7726795816
-7.6099026145
4.1594663528
54.8849974654
-23.8564575637
-9.8874688164
-2.9305772308
-62.2373689250
12.4732240545
-6.5724115595
50.0611787138
-2.1011583332
-8.7250543042
19.9532155705
35.3555677599
-25.5319516619
-15.3456334819
-15.3110840455
7.4135453665
7.4052267018
-16.1136851809
19.2921242306
-0.8520731772
-47.5201853626
21.1440001091
-0.3419878361
54.6093205931
-22.1378368514
-4.5397247900
1.7539314577
-55.9477611337
-23.9764823175
-6.6629361819
58.1454100482
22.8957199759
24.3216422746
15.7662875446
7.5531329160
14.9607550137
-32.9605595628
-16.3132145499
-37.6172911448
14.7911704660
9.2289199166
32.3103305135
-9.0979225890
58.3280091854
-34.8415252722
20.2635675782
-70.6235079034
2.3373194728
-14.5004998380
14.9139060491
5.4713678034
-30.7944575388
42.3719090415
4.1620253946
23.3238673590
-8.0208719253
-13.2847557478
12.0047332228
-31.4758077622
-5.3781382809
15.6558325162
-0.9701235081
12.0051743552
-5.6944550617
-1.7422900705
54.8148823281
-18.8981740896
20.4448326458
-29.3042307169
8.5392107099
10.2163234791
-27.0028220243
13.2334610706
-31.9755549537
8.7359640284
5.8452476094
-8.2922264123
-13.2772268523
4.0695038184
9.7217252031
1.0599899895
-14.8873906759
-0.2270989536
7.6177018815
30.9192813854
18.8916128392
-12.9458309353
-23.7499418944
-14.0204186102
4.8308377361
-9.5551064402
-1.9971673164
-17.4233276071
34.6264448028
9.9360870536
16.2670260979
-40.1039149368
-9.9857025820
39.3538405659
-17.7953835918
-4.0301944219
-39.5828285619
12.8600935473
1.2501203940
-8.4748208061
22.3943386975
-18.4013156033
-19.6862237874
5.1042235663
12.5881746007
31.9310254914
-32.6971525728
4.8365487396
-72.5318819232
25.3667784374
52.2460715519
38.6895071405
-19.5380495735
-1.7950385870
15.2034169260
-4.3165580805
-41.0028726537
-8.3525216119
3.9662337920
9.1400530979
23.5010839703
1.7309676741
-14.8514953116
-0.0466141683
66.0456441407
21.0634638135
34.1016858827
-38.1243632675
37.0704127589
-34.1056691179
-24.9967727694
-58.1139295647
-53.2630025202
-0.5041834174
-5.3160904103
53.1979639621
-11.4876988618
5.7883035924
26.2079205453
-22.7362221798
62.7970437059
1.9786314578
13.0683922001
-3.8237670240
-25.7654316183
6.0685352746
-63.0542582416
-16.6635518826
-44.2416709384
4.8601884517
18.6242178706
35.9108549343
-19.7483546668
-9.0868326172
18.4158468816
16.7490224567
32.4237667426
-20.6914196872
60.8889768186
-6.5073670723
33.3864301338
-16.7521566307
-18.1581105765
-9.3016782903
-47.7900622934
28.0066613235
-0.9537233466
-27.1679098683
-30.9948668008
3.0665372971
32.5690652956
-41.4971471955
9.7700671397
-31.0112776348
48.1988200134
-3.2944936126
17.2009696402
-28.9625405265
5.4664026931
-9.3027028557
26.0637058497
-3.4223117042
15.0117567885
-32.4891657958
13.3191628835
10.0460653745
-16.2736027643
-1.4703841681
-8.9063264869
47.5840072492
-13.7737687194
-3.3305526228
13.2712051589
-28.4874149223
72.6011503710
-13.0415922254
12.6801151156
-53.2530141933
1.6930445241
36.0001012216
-10.2681268815
-13.6914311335
-3.3715044071
-13.0595517659
-3.2672074437
-16.5966574856
9.1200515416
12.4119054753
-6.8193140342
5.1515587251
59.5297852711
-7.1107613871
-14.8078753882
-41.7036137261
5.2949077578
3.1758064858
41.0856644162
-20.0697077082
-5.4451880229
-16.2270301003
17.9433455405
6.1587883397
-31.6567336798
4.3151315155
4.8689304612
-6.4838162981
-31.1638524995
-10.0966604063
-2.8300500515
24.3118045494
26.2071568646
4.7760543189
10.8191391042
-4.6497434294
-27.5056690004
7.7152656477
-22.0427431890
-27.7841527550
-51.3474387550
25.6045143721
54.4658268880
44.5148824502
-4.0183573711
-23.1906335380
30.0575554740
-41.2630743193
17.5243682550
-35.2802728753
36.3084467887
-65.6638654572
25.5297116109
14.9077479841
62.5365100052
-24.3765502050
-3.6782419757
-46.8930339375
10.0732365170
-15.2028785548
41.8553857773
-13.9947368823
19.6516731652
-6.6814530671
-90.6188871863
-11.2722911008
5.3279796380
73.1246499294
9.3407113861
-5.0823388967
16.7727629652
4.7431496420
-20.5807452785
17.3284189357
-17.5975084691
-5.5226292771
-11.8384121057
-5.3725446756
34.4236342157
-7.6775903382
23.7636300408
38.2159895349
11.9514807245
-52.1019517234
4.7371208335
-15.7573344557
6.9714952001
-36.6725564623
9.4832504904
25.8470102668
-35.9102193243
18.0011599638
-4.6966386417
43.3751494917
-20.8911044011
2.9321603267
19.4995192736
23.5007128025
-15.4261081138
4.3801724451
8.4196804511
-10.4322956998
-24.9219581498
-31.7544610918
26.6066401331
-7.5355611450
32.3014497608
5.6913789938
2.9648681542
-32.3806235267
-3.8043832901
-22.8142871856
-24.6615039003
72.4756494099
7.6578034188
-7.0777298254
-31.1653359848
12.3678147736
30.5379995687
-46.5049750476
4.3592506773
-3.1865015731
-14.8396120131
-12.8762826294
6.5761303524
5.0260067729
9.4537313855
0.6147914191
14.1375119686
-39.7008160433
9.2194723326
3.6201607385
45.1275749332
-18.6353813645
0.0448697983
-37.7977617000
-27.1798133260
70.4129893590
16.5009649742
-2.7290900407
-28.9753855409
19.9820385875
28.4803615484
-43.7320836500
-1.7126428950
-2.9902783249
-11.1678553941
-10.4600965231
8.0226127378
3.8589971323
13.6984951799
0.5874850909
10.7478760742
0.5458218028
-10.8731837434
6.2452087713
7.3492005246
11.4280760332
-12.9168205557
-5.1318951331
13.7651464797
7.9212376832
-11.9662693300
-6.7934544303
1.8120957036
3.5653856221
-2.3019541788
-7.8712901198
-4.4219483880
18.4825183408
-6.3918876416
-8.5574335068
-11.3476357906
-1.2232967025
-35.6068519118
5.6617673934
-5.9761548132
23.0999808449
7.1886544462
-1.7163237410
19.2845111405
-19.2760869360
5.9420607392
-19.4278791466
-30.7262468599
-10.8820787261
5.2292608641
-5.6670182911
9.5105022700
12.7109445732
34.4002126980
5.7069668551
9.3298111487
15.7419090543
-50.7718772812
-1.7317598149
-13.3090654594
52.8793905287
-1.2805929138
7.3953249412
-9.7252601909
-5.9923450811
13.5052258581
11.7798209575
7.3643045634
-22.0495593950
0.8681365602
-48.8576807890
0.2736407857
-15.6469185600
55.5335283924
4.0964069611
12.0845947757
-50.3956008933
-82.7579043843
-77.9032395733
17.9781985518
93.9752009883
38.6694877966
31.8662430747
-11.8497214578
39.5857386122
-16.3021767550
-5.6427904025
-15.2795786593
10.4912342990
0.6422104020
12.9633078392
-14.4320804513
15.5205803962
-24.0919605624
-7.3204664456
-9.7265895171
-0.9796612159
28.3164014379
-7.9606609203
30.2547404382
10.3195045675
10.7720849894
-20.9694113183
-2.7072907516
-6.3838571359
8.1945037436
-14.4898142375
-0.9585995190
13.1183966838
18.3326045001
-5.1244089277
3.8881284676
-13.7954257078
4.1417439802
-5.3078986305
9.6655294509
16.3100353139
-39.8366717557
-12.6207436850
-10.9257282955
0.5896385756
2.6065382627
-4.0453873987
38.9738833320
5.2507802951
-5.8449713088
-24.9427554045
-1.4623975385
0.5097378900
17.5279127295
34.3035264531
-51.3607770787
-16.9592042227
-31.4117534511
7.3037721958
36.3501065192
-14.3332679960
40.2180425103
-9.9523093392
15.6622965278
-0.7130002820
-11.5847705046
-9.8287650135
-4.8477727113
10.6446273930
-2.3689232837
14.3787117407
0.6093128402
17.3649688835
-10.1948479242
6.4616102660
-13.7503056973
3.7154951263
-4.4076957820
16.0924337497
-19.2215086690
9.6909775684
-3.6342449553
21.9210262421
8.7267287097
-16.4457024778
-1.1160149809
-14.7323018313
-56.5162146851
-7.1808279049
-6.9417104672
25.0300889326
-1.4170083425
-24.4743369090
27.6723695863
10.8258426554
30.2559084902
6.5336820386
-39.4600633328
-40.5470442172
-17.0858933950
8.8741629597
-3.1672957151
10.3631375351
31.0168072048
44.1598812104
2.6757225159
1.6419597405
3.4332071984
1.6999579689
0.5949772254
-8.4579297070
3.2114966999
-0.6386540691
6.1597156663
10.7519850083
-5.8038890821
-1.3265714722
27.7559558613
-11.9010457810
-25.8573484164
-5.2364672112
3.7604645351
2.9251010236
-26.7438465167
10.4828753157
25.7905880193
-11.7300346682
2.3309313550
-3.6538207952
4.2144074867
0.4796946441
0.9985042069
-7.2523767223
32.6811069773
6.6733170217
17.6975257374
-10.0099387715
-1.1013769770
-11.8011435391
-19.0978837062
-10.5377156533
-23.4053570696
-2.6839036232
58.6098393793
9.9377211406
12.1013779634
-27.2137069931
12.6001326071
-11.7011345717
-31.4665238241
6.0705903346
-15.4668879514
-7.7913064254
1.7977956641
0.9332000209
7.3711670171
-1.9928935505
-6.6471324977
-28.2483520332
4.9641782827
2.4987407008
18.1725576602
-1.6495396272
17.2405031604
14.4283616584
-8.6279921481
-23.6283862217
-7.5050732092
0.9845338308
22.6550562033
9.0898683665
-13.1609967851
-63.5684655610
25.0959848526
29.9024049658
48.1839033372
-23.5846038383
-14.9328510224
12.7492033158
-4.9479595547
-19.8347893285
-39.4461700362
35.8674709930
1.3043239357
20.4820739381
-12.2496885489
15.1752354482
24.0143627773
-25.6984269382
14.7484470373
-5.1212036033
8.3175215565
-32.3395626452
4.2334568139
-9.4291299575
-21.6741830594
-3.9114918792
-7.9704512119
14.3275984969
-7.0016570300
5.5679651104
17.1943313102
10.3768873451
5.9556516467
0.4197658688
-10.3670330181
-31.9046144721
5.9871748205
11.8040820496
32.1002495439
-16.5951502835
6.5738120360
8.6807311779
-4.7296453008
6.2902754190
-0.0497222539
8.5174600402
-11.1672328284
-10.7599775672
1.0364071977
4.4254715174
-4.8597034434
-0.0718452772
5.0880404134
-8.2031734168
13.1792006086
-11.2234072355
12.5546521014
-52.2907848194
30.2523758740
-11.6455068366
32.8305974732
-19.5970332345
6.4446017688
-11.9077671198
24.7599831347
-9.8921030775
0.0970918021
3.0888773290
-2.0980360175
16.7081264068
-41.1671410825
7.2379177802
5.1746470219
10.3823457647
-4.7437413759
24.3454005707
-19.8997662228
-6.2202231312
-28.3767642304
9.4916391196
13.2896058317
180.9181502853
-147.3514701625
-26.1210672822
-177.6666137118
166.3800925359
31.2997153269
-0.5062135748
-14.4251800507
-0.4214141859
5.7382018699
6.5105012463
-25.4921904605
4.9359280262
-8.4252230654
28.3624416599
20.2714711990
-6.0983840428
-3.4514003493
-11.8732781612
0.3567147780
-3.9437135124
8.6392979427
12.6152532477
2.0466251280
-15.7058785043
-35.6633049912
-31.7608741123
21.3055814254
-39.1150848092
-44.5570248174
-3.4756317954
19.7290907027
-0.6150214719
-25.3432466367
20.7414194275
49.5936851732
24.7243794869
51.1633774776
24.0247531038
-23.0343671547
-6.6154065454
7.2624694030
11.9117230806
-25.5851994169
-7.4419889148
10.5195877235
-4.6394811736
-14.6279692927
3.5026736814
-7.7572609709
-1.9590342728
-21.4423122874
20.8682651307
25.4294951215
40.9695885082
-10.8095468478
-2.3534753514
-42.1201232794
9.3514171459
-1.0671500890
-33.3630702798
-9.9931508404
-26.0846347326
0.8228422313
3.3014746503
6.9381019573
14.0907116234
2.3162115282
15.4662606422
1.2072570362
10.6367308872
4.4933276303
3.9127571700
4.7411040687
-1.9753751423
21.2633596069
-72.3264316571
-38.6893802557
-22.5217334444
35.3598332249
1.4339338309
15.6279747726
28.6498856183
40.2627498486
-38.6437918386
-0.7149130413
-32.4044826192
3.7515150038
3.9152486190
3.7812511173
35.0027117039
-4.4278645417
30.1988731635
-46.4449549627
33.7037857101
-16.4347216032
34.9496892584
-10.9226783161
5.0296947341
-13.2549413689
2.6477260291
-0.0111694231
0.3337664103
2.2840669745
-0.8257854852
15.2525687910
-18.7336317318
14.1714791577
3.8337114748
8.2804996446
14.2148322672
10.9563632754
-6.1985530986
-9.2578544025
-18.5885667892
-4.8989061143
-8.0433910191
43.8989858286
15.6913175800
104.3064714562
-30.3108425090
26.8109662232
-36.3586552368
-11.1149906653
-42.6419484323
-67.9303594748
22.8261586257
-9.2647251571
-4.8403671430
-12.3369473691
3.2420818745
5.9798261725
-68.6896774653
-12.1291028929
-10.0876468396
55.7208874897
-4.1240785278
2.6788448315
-32.4230066194
-50.4491379932
-15.5145456585
16.9352526347
8.1591680955
10.3753161076
25.2065679517
40.3192871226
10.2685241377
-37.9285147446
-11.3515383887
3.1782481295
8.1890393947
8.1553224177
19.2188571317
27.6220342533
3.9510716471
-23.7259333861
-16.4074887971
-44.5542629970
-2.0159379712
9.3265133288
32.3175155156
-5.5379218644
16.7775063235
18.7093481087
11.0170972357
-25.9813801222
12.0920880960
26.9574944919
21.6522675580
-1.0956790178
-26.8123975316
-39.8142000955
9.9869690587
-14.8723933627
47.5485684331
-10.8092551312
19.0076638445
1.5933509900
-14.5080690521
14.9498298736
2.2224756521
2.4888982323
-13.3424207553
-12.4750016280
17.7723308702
0.7043697415
132.4656946001
32.1099390391
45.4121088413
-119.1525095340
-22.7436111462
-42.6620673868
-14.8987023998
-10.1310971880
-8.1373249303
-4.6351279564
-24.3177645791
13.1076446762
6.8377099637
-5.5741990691
14.0583109284
-0.6266640450
30.1290390702
-25.7333795601
-68.5512520385
15.6439409168
-17.8968748588
69.4856580583
-20.0471198358
15.4045341342
41.8730453005
-7.6168611212
3.4015583256
-31.1721640491
7.7206778196
-5.2103894129
3.1979496685
-18.6597930582
-8.4865167420
-6.4621545663
5.8046266744
4.2530800874
-6.5589344926
5.9298465914
6.6481108154
37.6092807984
5.7143238039
32.3088707450
-0.6626104004
8.3331627807
14.3840942666
-30.3012846420
-10.7819737057
-44.5612392913
47.9976387698
21.4486565291
-1.0786918657
1.5860557048
6.0087096674
-2.8810055786
-55.1377579876
-30.6776499678
9.8227705943
-8.4453918251
2.2896001020
-23.2919860617
6.4763289069
4.4866750702
14.6913453037
-49.9696473135
7.0521726106
8.9579567567
42.6182589149
-9.1335736704
-7.5052119524
-3.2724666423
-3.5412193972
8.0223625257
-2.0591582666
1.9649551698
-5.6268242583
-7.4659132285
-13.6203720679
21.8765548859
5.8511187012
22.6513030211
-12.0056486910
10.9725393132
-9.7896097761
-13.8841976593
-4.3494473414
27.3191364333
-35.6874451277
36.3323212971
-2.0205129403
21.1149695701
-28.3118051236
-24.5793062435
15.1856459339
-2.2489305475
-7.6066308831
43.0028065338
-42.0507232034
8.9387983323
-15.8649529558
43.9538522546
2.3648582256
-27.5860143758
-5.7470814367
1.1957259321
1.9145925625
-0.3434962241
0.6335419146
0.9923769738
62.0367462119
-106.7269396292
10.5003451045
-69.1130530298
106.6937100323
-17.6910439382
6.4741991390
-2.2429835620
8.5930442696
101.6365239791
37.0627688370
42.4919077068
-112.5845353863
-48.3193048730
-26.9030976583
11.7145345590
8.2000736321
-20.7896949571
18.5257457512
27.4034187962
-15.8698635175
-11.1048161617
4.2771123124
-12.5912067926
-8.2276882786
-25.8602074756
27.7596461941
-23.1793218142
33.4745202276
40.7121130877
29.9122426910
-35.7914349586
-39.1191178496
-2.3436305111
-12.1636831611
-6.1439582298
4.9555441847
1.6806003235
1.1894255664
130.2190254487
-32.7784157880
-79.8159051465
-110.0988163899
32.0672452565
89.0408252262
-20.5918838697
5.0832270905
-9.9995852060
76.0689449526
-112.5790046304
3.2358550309
-75.3386954479
105.8541960822
-12.1000581239
-2.5179619747
3.1662094861
11.4111375005
13.4416055642
-11.9540539964
2.4774714820
-7.7729792746
9.9967723945
-4.5356455018
-4.0550377612
5.4364246683
3.6048337619
25.7316162166
-16.0101732433
20.5264065510
-27.6977311375
22.2006531460
-18.8908017249
25.1820258156
-1.7078212712
2.0096684373
-25.1659185564
2.5777010156
-1.4881670186
11.1607071531
-14.2891998252
-33.0099640117
2.6378396844
-20.9627433423
12.9637394848
-10.9718017210
31.8491385245
19.6971738302
-3.3192824034
6.1142304172
-25.8427127842
-15.4542670606
-1.5703931356
11.5429838892
17.4512671736
-6.2596653417
10.9500723964
16.5182734889
-20.5798369253
24.8579631306
-26.1216756179
15.7105874733
-6.7752268900
4.8295570294
4.3186083971
-17.3184460248
31.5488139764
13.2734582541
-17.0373889983
-28.2955377762
-8.4740642405
19.4503033732
31.4773208935
7.2317051666
-0.8527218314
-36.3003427609
6.2856008394
-3.6182882978
-47.3371320488
0.2436449733
-60.0914629350
34.4470794502
-16.1126357129
34.5775324774
16.9930480845
9.1567426042
17.7062286141
-6.9596237600
10.0782395742
32.5589228096
5.3351705693
-2.7944724922
-11.2280379390
-0.0211541924
-3.2483016032
-13.9686531547
148.2025756946
-132.5028837154
21.6033706484
-141.6381353488
142.3398108628
-18.3660428048
-8.1962777596
-14.0272775064
-2.9649713222
-13.6379224938
5.2194551565
51.3626198734
17.6353960439
-11.8696293328
-46.7184973237
-41.2416082511
29.9771591075
-15.1149165317
39.4152611273
-35.5704573090
15.3387152937
-46.9377602492
7.6154725031
-35.9130155340
40.3073575764
-15.8307652004
21.4316681912
13.8643716072
29.6999169270
4.5400663118
10.9383918765
-13.0232520303
-5.7862260015
-20.7015598015
-12.9190724650
13.5568976323
31.7942199215
-30.6726492822
-20.7467106438
-20.2931554617
6.5249281707
21.8095549492
-15.3620253425
23.1522811140
-4.3953891387
-7.2255684467
27.1918412970
-0.0341936845
15.5807831004
-12.8366518704
1.9025349456
-0.1387064707
-3.3087497761
3.4110130246
29.1288960330
-13.4205355664
-10.1198151101
-19.6745278516
5.3935873991
0.2230516830
-1.2347637713
11.4946739703
-11.7268483173
-0.3234306324
-5.4172460847
-4.0339997811
-0.2162165037
-2.8270498773
14.2170118404
17.0209010847
-7.8465060724
-2.7172150431
-7.1557141942
28.4358000684
24.4846774303
-13.3318821989
-19.2912977004
-15.8945372818
51.1838000070
-46.4381340134
-13.5619303355
-47.8397418571
43.5361971803
8.8229335037
-6.1838830771
-0.4710451301
7.6680905773
-10.8673031649
9.8618297787
27.9330147559
9.4938661264
-3.0102739520
-25.2944315501
-46.2297594669
11.2120907683
-3.7511545085
50.9894658012
-2.5650350630
6.2726965330
-35.7065596760
-21.2009998605
6.3975357955
15.7121658258
5.2883453215
11.0943274105
12.7453813548
4.4194711691
-16.1256040546
86.9061017035
-85.0909655071
-176.0916171469
-84.6636363534
35.5790546460
136.7318995600
4.7372583909
43.4474608039
33.1091369622
-15.3498147523
-13.0328039682
32.8964661189
7.6901080609
-24.0123658235
-11.5039697668
6.7890810539
36.5411120733
-22.0060971882
-20.7097942716
15.8051890122
-23.8204957924
17.0900035150
-6.3905523862
26.7968748914
0.3795552343
-6.5195586891
-11.0958452852
0.9593062794
-0.1158102799
0.2246075046
31.5674020120
-43.6556776337
-4.7036220510
-18.3977331819
32.1580260202
-15.8529237990
-17.2536043162
15.4886125326
28.1839419701
208.9798298223
50.3998082522
64.2462179472
-185.2481047956
-62.6698031182
-101.4280510079
-28.8332104894
14.5903876645
40.0094853446
54.4524352015
-45.0181907179
-13.2069812726
-53.3670540148
51.9300500452
-4.0792775082
-13.4699091835
2.5437931184
3.3918059808
-7.9404565854
31.2531687514
-16.8076444367
28.1715428314
-40.3848035740
31.1182889850
-43.9536530336
11.4099789353
-11.8736884617
49.0807656756
-12.4373844246
11.4634780883
18.1806415287
2.6765609045
-10.1089907664
-5.4056770336
-7.1400231647
6.8857305378
-14.0726750033
-3.3719419819
-3.3403014100
8.1464345500
-19.5204090238
12.8013174082
-9.0950967333
6.9278397015
-7.5242411203
-0.2144626469
13.3445849125
-8.2118549484
-12.1277522216
13.1271386932
9.0713372513
9.7404116633
-5.8875749677
0.7847293470
-16.3666686410
-7.5231074576
31.9431139401
-19.7011511362
-18.5070877512
-18.4328292904
35.7888842177
26.9014256245
-13.4578017613
-33.2751307877
13.7109879999
-10.3792708827
28.2861767585
-13.6854189267
3.4767227679
-1.0978396175
-17.0773150314
-3.8539620574
37.7932898989
14.2541689380
1.9108227785
-35.7320706430
8.8184213841
-0.6976401018
-24.7362983606
-3.0589502954
-2.5056055262
-2.8684985284
4.7934920900
2.3583562671
13.0982279241
-8.0389500498
4.7335763590
-6.5142757737
9.1317996543
-12.1082036560
10.5708586839
5.5518993557
23.3335011198
8.9493428179
-10.3999116065
-6.7429732390
35.6705552144
-14.0836712938
-16.4602017384
-30.1443375867
10.0834489675
16.9348790952
-29.0701922300
10.8953731737
-23.6465271957
34.7877261017
-14.2566449711
-1.0541082252
22.6063407273
-53.2142016636
-21.8766770274
-9.7616417495
36.2677392873
8.0132932245
-21.3242892307
1.7850988796
46.2905633918
-6.2733938066
-12.3013034028
-2.3176392790
6.3955696735
-19.6059744650
-6.9541013050
5.0504066083
44.0411253049
7.3916998296
2.0323511769
-11.2053208101
-5.5546184858
1.2700365698
8.8426872196
12.8929045429
-12.2868824075
7.6333644508
-17.4825448786
1.8938854317
4.2664646588
-27.0185972483
4.6800843210
-3.1484076622
31.3163526563
-48.0438568678
12.8900253244
8.5690677790
52.5996367399
-15.5541491432
-5.8984918069
32.0049993507
-15.7457405020
-22.8428362737
-3.3338931329
2.4776588446
-9.8689981790
-36.1430138654
16.0118049586
33.9669768773
-38.1920628495
-1.0506811488
3.1501401738
10.4039648062
8.3594433576
31.8547024838
25.1875779165
-4.3128298008
-34.6875404442
10.9977668646
-24.3546631637
-16.4010520598
-20.4176911493
36.7881544770
31.4203460447
12.3820412911
-10.3770426901
-17.7518976683
-33.1988433553
3.7905160820
-7.3152416363
35.7533718796
-8.9224965955
5.8048235237
-37.7385657736
-0.1420884852
22.3428293833
29.8769473615
-11.0556832701
-5.0356452771
-0.9569274852
-12.0652762630
-10.9269165068
2.2353941886
4.7881890154
1.9895127218
31.2990251682
-6.7712377256
-16.7287434139
-16.6137655933
22.3876256596
-17.9720808054
-14.2737850965
15.9826937825
14.5875736672
-0.5113399593
-13.1375207188
14.7600160883
-6.4227491168
6.7512385410
-15.3904949793
6.8317440047
10.6833071086
1.2208005102
-28.1380049162
-17.6142952143
57.3853876691
-9.9471485653
2.1763678373
-6.4367657408
44.3591757831
-1.9833214533
-39.7954721309
-28.8359391063
-3.1789679342
8.2721655640
40.1168536325
-7.4698763044
12.2192219582
-50.6276376829
10.9037701039
-54.4152093252
20.6160844840
-1.7678425419
16.5984255724
30.5497464957
-8.4007022744
38.8816605873
29.5088971429
25.7652715299
-18.8349569812
-33.0799629367
-19.4036287270
12.3282622800
42.9743855164
-42.1573752442
23.9274063462
-26.4174773738
29.9530367587
-17.9648471839
-20.8607872262
13.3694543404
-13.3565073437
-6.8846028043
-9.7493588230
-9.7950930984
12.3917521315
-6.3722489522
21.3519916293
-9.4513122728
18.5084680685
-19.2125200050
-29.8573146013
9.9050382157
-21.8113360802
42.3320138402
-7.6823040506
15.9558949937
10.2607651893
-21.9816949812
14.7168206955
-5.2558058832
20.6991501754
-21.3223124361
-34.1528667193
12.9097956420
-1.6496427952
116.3576563873
-62.6419311445
-66.2401502932
-96.4396365357
97.9930306608
59.6048690763
-10.4249660253
-23.7305546030
8.3379950770
285.6901894786
4.0001405034
-84.8761281349
-257.5152729335
-26.6226039057
112.5445595479
-27.1535789968
2.0937053313
-11.8188089914
-5.1122125676
-39.3384305804
-16.6720626533
11.2710305533
34.3966587368
13.2302996223
-33.5411572974
6.8358730982
-33.8192544682
28.1020692333
-0.1775154429
29.5008061594
42.9233695115
-66.3473003866
-42.1245832221
-13.9191419802
-6.4868473041
42.5439577639
-24.5990516585
60.2145020931
8.8315083098
-27.8682453835
-2.8493341749
7.9085978190
7.9939581100
5.2394519695
-2.2372915320
14.5806436207
-5.4291851176
-4.6551840614
11.3349982982
-34.5205422126
-17.8264798633
-11.7611997184
27.0889685269
29.2675479551
-4.5513887081
16.1802451711
-17.8357483855
-40.5971400105
-1.5213978013
-33.8344521884
51.9022859829
1.7730827671
34.2805768995
-37.2153863919
-26.3240011967
-6.8812243473
48.6563264129
1.4339871937
7.7727634518
-5.1146743706
-37.2554404956
-45.6336604373
4.5050389820
10.2821755231
52.4800898794
-8.7651522840
46.8346870723
9.3597713858
65.8893338813
-16.7882535877
49.4698182991
-20.3611111851
14.8650589448
-27.6942957602
-39.7471112208
4.3055475599
-38.9311089122
23.2779409776
-49.4475731343
-24.6248745013
-2.7054384701
26.5359308902
-8.1844786557
-21.9545843166
22.0687296777
30.7709387823
13.6870399695
18.4702081400
6.8449471427
-20.1522219843
-14.9810565874
-4.7486851412
44.1468440900
-3.2158416161
-2.7704272229
-44.6319094015
4.2665820569
2.9708471574
-14.7468010920
19.0202040982
21.7729551962
5.8739164673
-25.6174423953
-16.2848836563
-22.3701001363
64.9891132452
4.7220476265
40.3148805427
-13.6892124276
16.4034355974
-12.2952378333
-49.2039732229
-32.6207157246
-25.9947243751
-74.8688337857
52.2242592185
-4.5997365740
14.7588563372
-54.2538592476
31.2459588467
59.4539709888
1.9894024388
50.0692673256
14.6951969106
4.4439113230
5.5192531918
0.6564167603
-8.3709341432
-52.5316110520
-11.2450369495
9.7739602511
-9.9610300035
0.5400183039
2.8162373920
19.0789209454
-3.1346234628
-8.1721020479
18.3396898917
10.6339287482
-19.8456184156
-1.4919925371
-4.4521268196
17.3977443038
-18.2951604293
-3.7718082766
35.3117996065
-24.1341930535
-8.4704118545
8.6898965321
3.2760870105
10.6997796064
-8.5513513356
16.5870901318
-4.3112336607
-1.9673232915
-25.4294417588
-48.5867662486
-30.7248309674
18.5689731617
16.5667423103
7.2001772495
-4.0097209014
19.0190751789
9.4982098568
-14.2033877293
14.1624952370
-52.5461233568
21.6741664576
1.1049321241
40.8932856599
27.7859338860
-14.4251243163
4.5472655439
-24.0255488021
10.6747406035
4.3573011570
-0.3669533170
-33.9203698240
16.2087551265
10.1562618898
29.6469834195
-13.1160250046
-12.4710100920
-6.1390215796
-24.7755128899
-24.1081176268
-98.3011105998
7.9134348587
27.3415642174
75.8094109147
-26.8744548889
-3.5018210627
34.1787464825
29.8067266845
-41.3664131243
36.5794348512
-59.0819399067
12.0706825056
12.3976232233
27.0014903264
30.4728021082
-49.3972022261
31.7768046813
17.1583434504
3.3571830224
-19.2142904635
-19.1457252185
-0.4612963429
21.4504447752
29.3587141167
-2.0267125097
14.1447408467
-28.5139385964
1.9753407529
-7.0936331201
177.1263973727
33.2165989315
-62.4771966807
-160.6480949788
-26.6135274894
95.4846550133
-18.2015609248
-2.8447378606
-32.8887889934
10.4579276225
12.7121031385
12.9507699572
-14.0276403733
-9.6678560682
-11.6725665102
7.9671450911
-13.0581275726
-7.1316179337
-52.9971289838
33.2389413351
-66.2625187853
19.5896727282
17.3345627706
36.7032305749
34.4547577615
-51.1162700000
29.1493363499
-3.3869001625
-5.0786805816
14.5091861130
-1.1793518591
11.9283627817
-15.4155980175
34.1857121042
3.9747184743
9.2022729152
-19.1133743287
3.6668911191
-6.7763973136
-20.0960677364
-6.3482783907
-30.4355157541
-10.4747274119
-3.6651680942
38.1227908442
27.0999494015
13.2238700000
-5.7791228224
10.8156100456
12.2451349249
-0.3276510355
6.6407894418
-13.9658391573
1.7930997393
-26.6877563043
-7.6556191023
-1.2201447409
-6.5456566467
-4.5731251478
-1.1714482382
3.5047275556
4.2584128080
-1.9590461312
13.6932869724
-8.3739355032
27.6992584989
-7.9910611039
-17.3694015519
-16.4678978373
-5.0314331749
24.5823408070
-12.6801969386
-49.2088482094
6.2853992466
13.9801439403
44.4580558313
-10.5112572004
-10.0497687515
-6.3022654431
-11.2826541529
-5.7449125361
8.5392545859
6.8003477158
0.2590846047
-24.6393322576
-11.1202095454
0.6817498514
-1.2688969780
1.5940838388
11.5675224678
28.5361647877
6.9283496125
-9.7305798673
-18.1980816715
7.8519597486
3.0152260181
13.0093184152
-20.0448797848
-8.7506506517
3.6413374619
22.8603985580
5.2080521230
0.7521033424
48.7565429023
26.0322941449
5.4253394398
0.8199392960
-2.1332376657
-4.7441493048
-48.9380190494
-24.3349236780
-24.3498284957
4.2028787543
-1.2832563095
24.6667014352
-2.2003727881
-2.5321552887
-20.7146419838
-47.3681714000
-48.9852024207
-8.0996353907
12.3704568242
-3.2627712178
27.3547946297
31.7900113768
52.2586177347
-3.9363850238
-0.4260365886
6.6573449483
9.3118444931
3.2083613400
6.3538980846
23.7927708628
-8.9005870233
22.9012139707
11.2112274771
-4.4220681578
-2.2059486058
-40.4000546569
13.3837484507
-29.9552151460
37.7365285012
35.3847844756
-13.2540413167
-16.1338610556
-9.4516490512
-6.8794740481
-20.4394619783
-27.5713573985
20.1869919868
-27.3846066369
4.2771668611
4.2392911446
23.5485981909
0.0727287277
-3.5562914183
3.6827849271
4.6874448274
3.1305880507
-2.3380618084
2.1011915367
-3.5293325412
12.0379557047
2.6333263790
13.9244996035
3.6164372022
2.1353045841
-18.1474735954
-14.2332649577
13.2499418692
11.6900612016
13.6874929602
-23.8737388040
4.2724934672
-29.0086910315
-13.7575191595
-3.2683731240
14.0697021035
9.8021891625
-7.2156180668
5.1407592840
-5.9101059198
-4.9954974920
8.3815912836
2.7980027366
-32.8855990850
-11.2006984074
1.7840660133
36.3412530409
-27.4846582946
4.8738979432
-1.5053273032
38.6984341409
-2.2855314864
11.8738651518
282.2255919205
40.9420556846
-20.1168424602
-259.1332621126
-12.8069038985
-24.9737390212
-24.5874956517
-29.7023348540
41.3126246265
29.5016113445
3.0013208631
-15.6574867624
15.0888505918
13.0966614300
13.4911807740
-54.5735734588
-4.8477276494
2.7943835542
21.0789378343
-23.0447539236
-34.0188656601
-2.2717567737
-23.4044593890
-8.4213216531
-21.4374218849
45.3503420147
36.7444112263
-1.4568276500
-12.0031453836
-1.6617241289
4.3515699943
0.8305774630
0.1388428423
17.1357152594
-9.9882805972
4.4587378753
-2.5098188143
3.7734874255
-1.1218267807
-37.8422698172
-4.4788022812
-19.0814799872
-3.9004801728
-3.0706545321
23.1858451177
41.1755142959
8.0516432768
-1.6891917313
7.8823978792
9.1839090033
1.5304493149
19.2738267258
-8.4143702615
3.1810538260
-35.6234240200
2.7868760038
-6.9803937404
16.8515027138
22.8253261664
-1.4426248492
-25.2903202442
-20.6848086315
-3.1649086200
-31.4333013422
18.6687532621
-38.9926338276
-7.7216632523
-22.7380673461
22.4973893435
42.0023207889
4.0849896975
17.6195840588
-47.0460866955
39.6072592291
-29.1890169142
34.7410455264
-19.9433968188
19.8634095669
24.1462542279
0.4326927062
34.5215395037
-14.1663266847
8.3787927022
-21.6300721984
15.2070621969
-8.4105933624
50.8939167765
-3.6939685803
4.4506516352
-32.2394220495
-12.2952745943
-16.1527182768
-17.3936258830
-11.0192021010
1.3478798237
-7.8668230620
6.3203791428
3.3390847386
2.6610275917
10.3762315758
-7.4363953095
11.2982064391
-23.8337985409
17.0245522848
-36.5462111835
7.1537812756
-1.0832027995
16.6488937194
14.1099020655
-21.5546077388
8.9781788791
-27.3727968605
2.3478177107
1.7306688425
31.0455223104
1.9344233580
8.2790600353
-34.6556710053
-9.6140592694
5.4965906115
-0.3035061557
23.0163423929
7.9965966031
36.5870728440
-13.3781951640
-13.9633524517
46.9547675606
5.2876397470
41.3292050356
-55.3281801085
-9.9052955429
-32.0164213576
3.8496918491
4.1944592932
-13.0457877258
-28.8632976114
-13.0356120363
-37.5175691506
-3.3896584254
-18.6815567722
-4.3135033577
31.3110899002
27.6627370113
41.3398799636
-11.3388570202
-0.1812389792
-22.3273612918
11.5038250944
0.3525382509
17.0119942436
-12.3227066215
1.7030530102
-5.3784193249
17.6604421618
8.0871318981
2.6380839674
52.9287463581
-16.0978471074
1.4102870037
-24.1846837314
-5.9058238531
-7.0546830330
-31.8258842102
21.9882052406
8.1491809545
20.8035230325
6.2229908808
2.7144710103
-24.0819236161
-6.0354420492
-5.1027685411
-8.7824050641
-23.2177015124
26.7294207782
-6.9548626140
13.1718104563
-18.1135431673
13.8336749636
13.0145740562
-7.3223400721
1.9908550922
-70.4565381320
-15.4129666395
8.7888465448
-0.7414307861
19.5688754735
-7.8536211099
58.2670178979
-2.8255984097
4.9207967131
5.4409723631
-3.9585329498
-0.6922860361
-0.1928661363
0.3473336010
170.1773418151
94.7777582477
-16.7054748695
-148.7164711382
-84.2201003300
-37.9179821174
-24.6849123738
-10.3847387890
52.1506992172
33.3880784509
22.9145416219
-16.3244231057
28.9648422411
1.8327791177
8.1390835304
-62.5744900755
-22.8161370954
10.0919111188
17.3822204778
-78.8356213649
-7.1703865874
-34.0310252592
16.0823126088
10.2277110967
13.4450504282
59.9220669358
0.2379185539
-22.6637744960
-12.8180140296
-52.7119653948
25.0846280669
8.2970456644
53.5941090922
-22.8761951271
6.1539607868
-13.6077144161
21.7488411481
-3.4155844363
12.3508323648
-0.8674997644
35.5581032322
-11.4142147543
-16.6207501885
-19.8784412695
10.9968585115
12.8173096408
-19.7757060569
1.7250835381
-19.4468276774
-82.1301149775
-37.5624069312
-22.6827028675
69.5412644482
15.0165760406
39.8554957733
9.4199195414
23.8332720281
20.8158427200
-13.0222191640
-21.9985196733
18.7768508414
-15.2276293987
-16.7079900353
-38.7003362276
28.2105960865
39.3079568747
-47.8520188544
-12.3203645883
-34.7786520572
55.0319905831
16.8862146102
32.8389196954
29.6289064809
-3.6690517189
30.8648276316
-29.0671220913
3.3149327438
-14.9524766675
-8.2242374854
28.1106760571
4.8516634510
2.5056209421
3.0243154785
-0.4040143616
7.8366505596
-30.5569552145
-11.1794434186
10.2568851222
20.6247043520
8.5279298179
-4.8613636188
-1.1838070584
-15.9835855339
-9.1379316309
-21.5041775386
-2.9099957990
-0.3204790777
1.3623802702
-6.8434541706
3.0833074405
4.6424896486
4.6468547241
-12.4155732771
-76.3300027944
-0.4833837910
-10.2405395093
9.1640070575
7.0553423598
20.9558761452
63.0004887172
-3.1902642421
41.9912331888
-5.4686984785
20.8256424984
-30.5929359593
4.7918923924
-18.5247899645
-12.1548059660
40.2209430740
-33.2394595470
14.1051598930
-45.8072697245
27.3942676721
-31.0640795141
71.3001420428
0.6789844735
56.6244083173
-79.0306267558
-6.3566610908
-40.1404862296
22.8786747177
7.8988407309
-29.4090292904
-2.3775775410
5.2232996485
20.0856963834
-24.9859116646
-2.1746768301
9.9256706387
18.5553775109
-1.3188433556
37.3781950522
15.5505619785
2.6965233281
0.3535758606
5.3453604889
6.8626446127
-37.1026023745
-20.9728668548
-9.9657709902
-37.3651021973
-4.5296475251
-13.9597735879
35.9835492727
-4.2671631183
11.6193045251
-2.3796195568
-11.3249779536
-33.2946010879
-0.9878126772
-11.1423977899
-8.7117100513
4.3526348782
21.9316051170
44.5117601345
13.4632803402
-0.0586030066
-35.8065888027
-21.7263635588
9.3140821724
33.7698725503
11.5527789242
2.4182186353
-11.7586157740
1.0806200408
4.9928210521
17.2379678354
-9.2547486886
-6.7488372158
-2.9256346514
-68.5980168085
11.4793505511
2.0288161891
4.9777834203
2.2679490428
-36.1600828404
68.9010177965
-14.3323999614
33.4492867470
49.7260509596
-21.4900790918
22.9078558583
-32.3052883236
-0.4287296303
-16.3603125408
-52.5802387759
22.0913092493
-37.8162003197
3.4353938866
-64.2144386321
1.9037622896
44.7911225962
43.6217045154
34.0212397110
-25.7943862635
-14.5572256605
24.7052222484
12.2813220057
-3.9879429574
-8.3259315309
3.9774387903
17.3001947677
-16.0945931635
26.1114702824
19.1127908956
54.9483983789
-27.0084346030
22.4591460168
-58.7591887603
-5.5447783889
-23.2197470857
-3.6572668451
3.5900392272
-0.0960613075
1.4827584042
-0.6797102073
3.4090789203
1.0442562699
0.3427135700
-2.5939731064
-0.0991990390
1.6721203846
1.9028468214
0.0138636506
68.0725226679
-76.2630242028
-55.6652040202
-61.5079234196
89.1385111339
44.8941720564
-12.5355624558
-8.7942788759
8.3581033589
-62.4807423411
26.0936376267
-28.8208848727
23.0465682582
-47.8641428783
-8.1343686322
40.9397385541
19.0619942711
17.2451504657
75.5769282494
-57.8326092819
-6.7863050034
-47.1549349113
46.1278080942
-29.4727527523
-31.0445700812
12.8053125017
49.5381392611
-3.5115579916
-34.6505837535
-22.9084357338
8.5847007023
32.8685016498
31.8377200751
49.0465233717
3.6934159790
18.2332358861
-40.5640479710
2.7283915812
-20.5555224704
16.5519276163
-10.0876527688
-36.6227310404
-10.1623239018
-15.0601935923
0.5269313782
-6.3064229967
24.8160104977
34.9341120696
1.9153159247
-81.8592336405
-18.2356893882
-24.7879381171
23.7492481783
26.3341187800
19.8760091125
54.0341812782
-5.5054547624
3.2186449409
-7.4318665881
-4.3097442462
-2.3791606368
26.2114330021
4.7459778694
-2.7313004457
-22.5713952205
-0.0718263038
35.9449916985
-43.5551895871
-13.4351794995
-39.6222185955
45.3328508808
13.9617717276
-59.1822405906
12.3403981623
-16.4987332241
44.8130879029
5.3375446202
21.5277591447
-15.3111184348
-36.6959981393
-35.5687425850
12.8028957607
1.9306262996
29.5469922397
10.8495677480
21.2742823753
7.2027090170
-0.7989463778
-1.7924202532
1.5269605748
-5.1439076881
0.0154135430
3.8704392985
-43.3101251638
2.8980401642
-31.0809255513
29.5783292366
8.4461649925
8.0453547694
19.1013985347
-15.0899972986
24.4674305793
64.6106015498
18.9534448869
-44.9025820307
-26.3394230405
6.0879569553
8.7957066268
-31.6701170653
-23.7054563081
23.0676299551
-26.7337573935
1.5636540092
-13.1351632697
18.5255951496
0.1831718977
9.8784196745
23.6690806788
-6.8842755126
-42.7987496293
7.5846916649
23.4248510866
-5.6998494459
-31.4313198043
3.4438382503
28.2358177087
-18.5598172943
-33.3754907636
11.9616398122
23.3164546757
30.8883345297
-11.8335134023
-0.9645773363
-9.5490740742
19.2645629469
11.4620953993
-16.5698326083
-7.3840357483
-13.7943774256
2.4642766449
2.2035923426
-5.7453406242
-45.4209552046
-51.9099133031
-21.3859374734
1.6815383226
29.7036499501
34.0572109690
48.1499622365
31.5135435496
3.3116361097
1.8381082808
-0.2308568792
-3.1441943741
1.0554446664
-1.9087155415
-0.5570493320
-19.8744355034
12.3213144458
10.9649973734
-5.4574353741
22.5694623019
-10.8837709192
25.3952279150
-33.5974929786
-62.5322137084
32.6888765983
-33.9044973611
43.3577425524
34.3837069968
36.2138132321
18.5360068212
-71.1528370493
-1.8737000702
-8.1561453904
-4.0470392732
-10.6902585003
10.4052004511
9.8576425791
9.7834422244
86.2973307920
-67.4366754811
-77.2647242475
-73.9422519356
90.8352554775
69.9736879688
-13.6572872542
-28.0858386469
8.6085265913
-32.3912557645
-8.0566653074
-28.0565744976
36.5295169338
11.2918965867
35.4372294172
43.2621389790
-10.4973935498
-6.1039361438
-10.8658042636
14.5808985762
-14.3682301046
-41.8010328199
-5.9422054116
21.8675448767
99.8731484949
20.5924744178
-14.9553890896
-73.6260051194
-11.5385144598
-31.7713735360
-28.6363848346
-9.5191849874
42.2865653522
-45.0910024544
34.0799316555
13.0621179228
40.8557692529
-47.3089873321
-10.6886054399
10.1638702366
18.2150285050
-2.0194670298
14.2861557750
0.9247022944
-10.5487653066
-12.5591132300
-6.8219786157
5.8588835789
28.3861216906
7.6604312394
32.2882952423
-26.3820017967
-8.8536918109
-26.4763922562
-39.4166402588
-6.1528638851
-48.7981160666
-8.4233257220
-37.5794249151
5.5495181898
36.2183360243
40.7076258707
37.5517509767
-11.0512695751
-46.1320593291
-11.5334556682
14.9549752315
22.0212617049
-11.8807548798
-3.4276491682
23.1125246560
18.7966934952
28.0764954168
9.8892238590
73.8613705607
-26.3816128413
2.4095276170
-21.3227832145
5.0002242486
-11.8166531351
-49.2044297711
-18.4455735084
59.6000699834
-1.6035480246
20.8919214446
-54.8659730409
2.7718502304
-29.7541643448
-16.7688615530
-28.6449216938
27.4855749486
12.8457069414
26.9971205075
-19.6979825728
-11.5682873344
-1.0341718900
13.2974762491
14.9029322896
-3.9508309216
-12.5359099067
-41.8535050358
3.7161141346
5.2422327633
39.5622328999
-18.4402656904
4.2359636788
-0.8587494540
15.8074776826
-9.1518498301
-37.9434764826
78.6533186876
3.4457189919
32.8455082202
-65.8336563410
6.1985815588
7.9131644873
-12.1768341222
-17.6716922220
69.3358687308
23.4621896177
20.2335195889
-2.4036553394
-15.1734472021
8.6725322830
-66.0088759984
-3.3820903971
-60.2926086034
-48.7805549681
-6.4907914065
37.1317265948
12.6831401924
29.9993390512
12.3254767428
37.7835909169
-12.9659878366
-12.0893760809
-20.6800332554
5.5449361056
-24.2613897651
21.3268079540
19.5663093167
20.9754804453
-4.1232685994
-11.8175508156
1.4813401401
-0.0796813052
6.0462331894
37.8501082169
-27.5490766585
-9.2860287652
-0.0548948862
12.5844984980
-3.7856256795
-10.6253563138
15.5864075375
-12.1923840367
102.9157721508
39.7435975781
-14.8766351109
-67.4264061103
-16.5369291172
-37.3636744464
-37.9298725309
-21.9584999589
47.6218604347
-10.5589398102
0.1426636174
1.6258228354
13.7858358230
3.9407406126
2.8550629659
15.2517410750
14.0896716421
-7.6479941538
-18.3988312694
-10.5062102671
2.9700550165
2.9641317478
-18.4867707615
-0.1979462731
13.8600338060
-8.6024373050
-1.1211793123
-11.6672243028
-4.8845112075
1.8676605892
-5.3980603860
11.0540835724
3.5993943157
-4.7611767754
29.8355307281
-12.4591789704
-19.9454068169
-2.5273704260
-1.4545591388
27.5214714988
-22.4716412085
14.2740542820
2.4660696344
-11.3154544759
7.3007755792
-5.1196442243
19.7317042931
-11.6119677356
-66.8167766509
-15.7889275940
-12.7019843693
31.3631565589
5.0032054494
29.8360975594
16.6777748426
8.0050694270
49.5220972232
6.6889119981
-20.7628273896
-4.2601144878
-21.5385336832
20.2181724529
-52.0588156226
114.9750622955
39.3969304190
-71.4913563046
-64.5128160315
-31.0216738905
48.7864070865
-17.0814915584
1.1753449071
12.5142683343
22.5608365048
38.6698886104
25.2676825665
-20.9884274419
-43.9153053530
-22.5377209337
95.3187809577
60.4191649617
6.8984474815
-53.8810526264
-15.1728696982
-43.2518233605
-42.7654263511
-46.2261711163
33.4768148272
-32.9599464837
2.0825501383
-22.9170888053
28.9790474135
0.1868171686
25.6167119181
11.9138433618
-4.6870724737
-8.5810329004
-10.3628055000
-0.1111084260
10.1740625279
17.9122148797
29.8894484825
-13.0427436756
23.5030987117
-33.7328660543
-7.3814091136
-42.9384640636
3.4110545290
19.6282101431
-14.4477181179
56.0768919497
6.1204442167
13.6912627442
-9.3955291928
-2.6396765500
6.2740175583
-44.2164671038
-6.6090848346
29.0748893406
2.0391816130
16.0958892862
-27.0157512333
1.4107364369
0.8462163154
-3.6236874255
-2.9536382533
-17.3104973420
-7.6939003759
1.1718549812
-0.3868706787
6.1599955244
2.0821232361
7.3793765846
-23.3267015156
-60.2734845684
-12.7555760178
1.6818051365
-4.5493277189
-27.4583480717
22.6573448738
64.9275847724
40.0125305806
0.4119120533
9.1744756494
7.6146009110
-2.9072363502
-6.2829481162
4.0544519565
-7.4387195551
5.7143297331
6.3191897457
3.8923559857
1.5549843360
-6.1839672717
-2.1118403762
-12.0041818074
-21.2156710679
200.8396731070
59.2982204457
63.5931535554
-172.1395031468
-42.1514270728
-77.1858196672
-20.0251853609
-18.6622038701
16.2129506269
-29.7199623594
-4.3240324274
-10.0636786499
18.1111287979
2.4149208154
7.4049859763
76.6539694264
-20.5955599724
-45.1744345703
-77.1190438541
25.0067385653
21.5707565023
2.3975458938
-9.0720973745
30.6630487249
0.2899638676
-27.2402520123
3.9932270586
14.8896461428
13.3928260528
0.2401491182
-11.0575806134
18.0332191370
-2.1068717083
-14.9695290408
-16.5462391438
28.5105874137
22.2537953613
19.1431187431
-35.0236334718
-57.8862341339
-17.7575671674
23.9266948425
16.9199861358
4.5867943207
14.7028171158
39.2363131902
12.9581316494
-38.6436483520
33.3974833446
-3.1116075023
16.2438986685
-30.4247839058
0.9573484582
-12.4840922743
21.2934135254
5.8474758020
-37.7047966197
-24.9906573946
-0.7163562081
33.6998333067
-76.9270576108
16.4192748567
-76.4098892499
14.6058095084
-59.7339631313
18.8757937391
60.1168920792
37.3433372975
56.2772016012
-26.4086891166
14.0523734296
68.7146133001
-3.4250403211
-9.7718826601
-3.0156873097
31.9208260851
-1.1907299899
-63.2362786891
19.2464113004
4.7721374907
20.6654450568
-26.8813232718
-6.9707161035
-25.0434723182
8.4767145919
2.1033106320
3.4174284168
35.1169590473
16.0120800734
10.2637167441
-20.6741455619
-3.8355732429
-15.7479046593
23.3438285968
-3.8776610616
-14.9765658129
-12.2101597721
-12.7204348474
8.7670994326
-16.9316073638
18.3168814530
14.2182379985
42.5552327267
-37.7302601531
-6.7840424215
-34.4731477618
8.2252039446
2.8411969436
-10.5913096734
27.6038446599
6.3575528422
-29.2829413387
40.4291029835
-30.5235809452
20.6740435797
15.5230255974
19.4282265976
7.6255118210
-61.5369302418
11.3210184353
-17.1978817139
-6.8644897791
-9.8065459371
12.0456197860
0.4552117999
4.6415943397
22.2824914934
5.7628957934
21.5898165020
-21.4972700230
-5.0285337971
-22.7330298996
12.7696033142
0.2862462605
-47.1934782554
-16.0658140226
-1.5825088586
51.9002451530
18.8948003760
-4.4375042317
7.9668604896
-13.3354895229
11.7046826037
-22.0557008582
-2.7656672628
-5.3723418970
21.2627844747
-5.7181018889
-19.7301413565
21.6567049697
2.7535788140
8.3491016506
20.7249753900
3.1884392350
13.1202987705
-40.2101471904
17.1925786393
28.2711628435
-36.2130116045
0.0103654238
6.0244908206
14.1146786273
-17.7095122039
-37.3678474159
9.1893010159
-15.6750609051
-14.6529027559
-26.9483113501
18.8888569480
8.7268532228
27.0874032187
-25.9955094009
23.6567088144
0.8003409252
24.9603378480
0.3151095961
-3.0680990478
2.2810312251
-24.5830155497
-5.7447109434
-4.6990447102
-15.3025803898
-23.3844459743
2.8067091709
9.9653559463
10.9973731659
-2.0854424011
1.7057282643
10.9010865489
-43.1114697586
-0.3623724186
-28.3971559280
25.5558842765
17.4704457573
4.7158492430
19.1159653882
-13.0704033840
25.3529645921
7.7868322527
-1.9720536056
13.1921760654
-9.8290911194
8.1031276883
-5.5044693297
1.0543916408
1.7059950782
-5.5975648523
-1.9960419546
-0.1121436639
-0.8475966327
-11.6838568889
-8.3315061628
48.5150170243
15.8542222933
2.8918571966
-44.6309061812
14.8714304609
-21.8437901381
-17.6704779222
-8.9837191217
-8.9759874476
-7.4405848807
-7.9001202518
26.5670710378
26.0622520104
83.5031132553
7.8050147311
7.8336456421
0.9747992736
14.7317029823
-6.8348686920
-84.7279539210
-15.8005950697
-0.1232075473
42.9086615431
-37.9383987175
7.1771245279
-17.5491297714
30.0452393441
47.1005546795
-26.3257977436
9.2555396436
-53.5433895472
18.9881354382
2.7134369581
-10.2272403184
-14.8898619656
-1.2450189120
-5.4613533881
-42.7634163530
-11.5961699806
36.2453530076
10.7000938538
-4.5145517872
-2.1969089506
36.9530158256
18.8566222705
-33.0370094552
-17.5019950195
-35.4363744269
-7.9524501670
-5.4308974700
-14.1849704547
3.9275955808
20.0877158682
45.9305377496
7.2251071551
0.5901603450
17.6564269090
-14.9072404448
-2.1381221389
-5.3327751733
9.9018020595
1.0250836154
-14.8426370899
6.4057109736
-14.0062075086
-25.8987377755
24.1341468057
8.3862966951
27.8942105271
-14.0575140442
12.2538674476
5.7102670467
2.1692124812
-9.2297606768
-3.6519353103
-3.1062569940
-31.8824878912
-57.0112469784
20.3070060681
27.1912317754
30.9958961095
-23.0122512464
3.8704167675
22.4209856989
1.7979225489
12.1320710494
51.7620604517
35.6224018263
2.5764499548
-0.0587429356
5.7178825085
-12.6931427493
-50.1408481606
-38.5431164293
-2.8020915115
18.3442245422
4.0053961444
-7.1293992279
4.7257830212
-33.1344356640
7.7983242241
-25.2701230243
26.4608957045
14.1514930173
19.4402201792
14.8849122712
-16.2369721794
-17.2665406402
-13.1695680337
-38.1617492321
-14.4401050278
1.2260502220
30.8742835165
15.0653851980
13.7595315293
-3.7888808092
2.3596369739
-14.5575007753
1.0624257041
0.4590811945
2.3791487784
-24.3705878035
-20.1697866402
22.7016359823
22.3136375702
-1.9052149431
-9.4643505790
1.1678978345
22.9546490884
-10.3795033072
3.1911856394
-2.5398430868
13.7585793001
-1.7831386868
0.5388360218
-3.9141540890
1.5014828113
-3.7799111185
-7.7316337916
104.2444295148
9.1633868634
-83.4248727452
-93.7116101932
-6.8151967991
80.4607706434
-2.5393758660
-0.8909165387
-4.8137011682
24.5882462881
-15.7035400286
4.7480139560
-14.8233079046
-0.0356356654
-4.6440229392
21.4234799689
-28.7440697417
61.5737280300
-24.7182060060
17.0154924704
-55.9527535184
-5.1115354532
31.9133576674
-11.0582209668
38.3529421488
3.9802931062
-33.5179172131
-14.0879438738
-16.1556164687
21.9968749138
-12.6801791510
12.9368849615
7.6718283436
-19.6876942285
11.2196457523
5.8967664103
-1.2297286964
-12.1302140246
0.6481170690
34.8367368519
21.7441985862
-6.9614535105
17.3525982049
-6.5767742633
18.3820231791
-44.2154069632
-19.4640211655
-8.7829837539
-20.3018132765
-2.2757056195
-14.8666112088
13.4324817144
3.6008778010
12.7326667828
-19.9937511252
-17.3923013001
169.8401850894
8.3898482846
17.0932942198
-167.3831017475
10.2568744496
1.5835357957
-3.3474615095
-61.4786485977
-9.0938314424
5.3699121117
-25.0990644780
0.7640210303
23.8724094778
86.1471987569
11.0592063995
-20.0326158318
31.4153536601
19.1418012753
12.8490000180
-22.7133342899
-24.9345316069
-21.1718353217
11.5502886611
-50.0131759273
21.7192236186
-6.3043726800
4.4223195558
-10.0802602448
-5.3010575219
46.0444874473
-9.5015124200
-29.6940422777
-7.0298396936
-12.9835406342
25.3155169638
5.6919280375
19.9403302376
91.2139865532
-42.9181482598
-122.8166423903
-83.2803248287
8.0028791813
109.5683097054
-16.7711549667
33.3052119805
1.3217581493
-35.4330908371
-2.3499249476
-11.3600776196
21.1233000932
-7.8381814785
-21.8589558406
15.3688818670
12.1889154559
35.2299636308
-18.0902449769
33.7822788040
-6.0230559547
9.2367749180
-10.8472743342
4.4430753061
8.2509402212
-25.0174775286
4.0598119514
-4.9263405131
-25.4531680372
12.2327725472
17.6857977839
28.4828008205
-11.7537479025
-6.9272799852
-12.5335666877
-24.4279931121
20.5615904116
3.8931208523
33.6427659624
18.4692108489
16.4967066243
-70.3282824656
-22.4689517243
-13.3032987214
70.3425077973
-20.7135759140
15.1326483911
2.1649825914
-4.9416639323
7.7354794693
6.6249810142
21.3040362764
-27.1288577990
-17.7972512892
-26.2395943207
15.6135857950
-9.2704183729
-2.4065974074
11.8457702403
-15.0646689509
28.5298371477
-27.8668709954
22.9128411279
16.4899757988
-15.3395690982
-10.1107422514
-5.9661996898
9.4706011395
2.3383570825
-15.6907886955
15.9842507899
8.9729220523
-19.0578355316
-0.4928064724
-27.9752199727
16.5546728350
4.4257027561
27.9364857084
-4.4322426614
-23.7649392077
-40.2529963180
-0.2476033059
2.2093318062
49.5696410897
6.9203475670
19.8244559223
9.7743634366
-218.2020746478
47.3227537438
21.5287161172
213.9363475813
-51.6598114333
-32.4931229425
-37.1250515038
-36.5435549028
38.7724305312
2.1842335113
-2.8946036011
-27.3771073874
34.4695926147
42.0309528858
-15.8877021024
87.3986852380
45.9868935902
-17.9272821575
-41.5007853513
-3.4429180387
31.0323749069
-40.8982887171
-43.0014570484
-16.7005797237
-5.9600404390
-7.7685205178
-17.1304999369
9.6911898337
4.1061000139
19.7930560759
10.9929689576
-25.9271338902
-5.7663311707
-11.4117897123
-3.1838073455
-10.1208954100
1.0339880849
30.8979042552
20.2597586614
-19.1283645269
44.9502421096
-12.5256132616
-26.3231201178
-4.7385545136
8.6639859371
34.9374158187
-44.1230099001
-3.1634832408
-70.8655792676
-8.2246691310
-18.9132366240
54.5234029575
30.1330436505
7.9281914465
19.3431781824
-17.7919410995
13.9632990890
-9.3815777900
-25.5231266437
-27.7719065896
12.5483280189
27.1934730122
24.7836738380
