0.0000000000
24.8130730339
75.0081084257
38.8898101943
45.0762538825
23.4994723313
17.4937472288
24.6977651521
93.7708811685
20.5216553206
52.9277020425
73.2553083901
24.2417269727
39.2908984124
57.0533229457
71.8536510757
25.4649253974
19.1052933522
61.8595729813
89.6477433582
32.7675108766
69.7084175648
41.5845320226
44.6871173923
68.0776699857
9.0299032209
33.7183365372
28.2267886272
52.3580622057
51.9373163256
77.7283320010
33.5330483577
74.9569863307
9.0477002890
66.6740378690
22.6847913228
32.9711508510
20.6677869385
19.6609577122
77.0872196261
36.5768697053
62.4067903072
52.9423044110
13.7882089181
37.6356418215
37.7966537988
78.0759737935
26.2520890678
67.1434415767
72.8711820121
14.8125522013
51.0187721278
21.8279554666
82.3211847685
63.8883314250
63.0437503885
25.5219813127
19.7957218223
49.4969141656
32.0687935073
60.6989256562
62.7404409348
47.2949215560
87.5426290232
75.6375734194
47.8763198449
57.0447089916
82.8930146469
34.4380657546
63.9582100647
14.8514565003
52.2493740224
48.9621694085
18.7233049317
63.4117978457
51.8310541310
68.7134641366
22.9315895477
50.3729834809
81.0339398663
69.7813114335
50.6374269143
75.5217748178
33.3478392456
69.0883986155
52.8991248246
42.2413110383
49.4684517838
48.2566227493
53.0380324431
58.2890046070
36.9307189163
73.6446783173
53.3194471294
62.3437786086
59.3932128681
46.1342892913
27.7264256393
59.5567568848
19.2726777855
