25.4841884150
-2.0789712745
3.5109318683
-32.4673356749
7.7264374425
0.8528866631
-27.6961017939
-9.9268185314
-39.1361310902
30.0552430869
-17.8742454819
46.1582059062
1.0148545632
18.8727591756
-16.1418702162
-14.8375510239
14.7601156989
-17.9695846131
14.1114756746
-14.1157779006
28.8403018101
8.7658412568
2.9451452702
0.3268565230
-0.5462083865
-14.5390064211
44.5645193236
-3.8844073030
14.2303620224
-51.0061161749
-26.4938051247
-8.4689342984
-11.0000353757
38.9813944399
4.7136068203
14.0794236164
-0.3901542685
0.4327804583
-2.2081993294
-7.4775510582
0.2388636681
8.1912082953
33.6795696798
-1.8348495936
64.0889424144
-15.4030103303
-23.6926480548
-20.9486306653
-14.5321771709
23.6063153753
-48.8458046056
32.7837164910
-18.1568037813
-0.1756845066
-9.7620840676
8.1469492044
-9.5064028225
-31.3858985905
15.0147213875
6.3251829789
33.3600096278
-12.7631215151
8.1418548376
-27.1147261486
0.2873645072
-5.8931982190
16.4791988886
-22.2561290936
15.7072315473
-4.0004618659
-8.4006121506
-6.0487376826
-5.0810913935
5.6335503404
4.8064829627
58.4126389993
-33.1321564803
29.4424166040
-8.3269359370
14.1422814154
11.0341804408
-51.6870560978
24.1145958684
-40.9301308817
-14.6419906600
20.8031471214
-16.8337827128
2.6004134012
11.5710788007
0.5736819181
9.4517640777
-11.7081594854
8.0721262840
-10.4419757084
-3.9417331603
-1.8667664661
-8.2619448126
16.6973245940
-39.2186975431
18.3176261603
22.3314180490
-8.4199271058
-9.5001368461
-39.1647370986
50.8693841271
-6.9392557792
16.1318593584
1.9985630496
12.4946474325
2.7167964417
-2.5470778941
2.0105234276
-6.1976056128
-4.1883605202
-8.3084985031
6.9759717445
-3.7018022366
1.1772505513
-3.8411372023
-0.9974416947
40.6411939512
-0.9320272255
1.8832294771
-44.4166332687
5.1217988948
-5.2858028814
-30.4134816687
19.9805574739
-11.4848777495
1.9394643620
2.4090022901
8.3064078679
28.0407625125
-18.8078724050
4.3093149723
113.6859099916
73.8286402023
21.7731164703
-108.8799914885
-82.3860084879
-29.0053469639
-5.4705555033
-0.7526915189
0.7495632740
9.4544998096
-3.2220708315
18.0409199793
-4.5811698835
4.7606716077
-9.2865244462
-36.4046883438
6.3412866805
-12.8360233754
36.8460412364
-7.1114847492
9.3343351267
-10.8097519980
44.7543852858
-8.9675478272
14.5220904193
-5.5783708528
2.3869741339
-4.5898763178
-37.8058965595
8.4989253674
-7.0135035675
13.2650802974
-17.7343602867
7.3113722418
-12.1098839907
-0.4504376098
2.0350940239
-4.7545941798
13.1446250838
-7.1735290623
1.4975695407
14.1570320740
5.2767501820
1.5019085277
-7.5335215009
-36.2679717119
5.0035683163
-11.9569249140
37.0838471356
-6.5358473817
9.2868861273
16.2764760536
22.0162349309
12.5554039237
-2.0011801975
-25.9536089449
-2.4816290356
-7.8437620396
14.2713980014
-1.9621874202
-14.3940410890
26.9896473464
-19.8736054157
15.3709665730
-0.5650490059
6.9670281424
-5.3603838906
-40.5244183978
6.7041974704
-5.2118230929
5.6252696226
13.3836737428
2.3478734452
-0.3271944873
-12.6228438069
40.9602073312
0.8715636366
15.3193635775
-38.6977202655
0.7332401921
-7.0881343819
-5.6535424101
-10.8605106757
13.0074637621
13.0696219157
31.8973215586
-12.8993614394
-1.2876735620
-9.8864904987
-10.9837727716
2.5903147913
-22.9236998610
35.5976628408
-12.6746709261
-3.2427376438
-10.4698630979
1.5209187221
14.6290116457
-23.9711128359
-43.6729908917
5.9165390996
-52.4646609205
43.8455364809
-7.1342386392
53.9524140811
-22.9930750344
0.1017426649
-10.0425114133
14.9568464864
-0.9272423628
3.2709143783
2.6587626381
-16.5068799421
-25.4185059461
-0.7751264180
1.7502909302
14.8768616062
-5.5691628084
14.2706319490
14.2931225826
-27.2399460657
76.4660399402
33.0282840475
47.6165514308
-40.0237889417
31.5718738130
-25.1431421355
-34.9728285463
-57.9741795552
21.4083201956
-10.8485799436
13.3881657032
-4.9200271032
10.6906142522
-16.9940264021
2.6760581085
5.9900801274
-4.3839469726
-2.7177107240
1.4828900324
0.9532181789
0.8226572404
1.7926242176
4.6760429797
-2.0286928618
-3.3297948713
-2.2823071885
8.3341778594
-37.0393603635
38.0113503831
-2.5088618417
6.3343910233
-38.5874146529
-2.9900364136
27.0447058785
2.4856288725
8.8512240788
-9.0669472731
56.9751654372
-10.4694504258
-7.5465420195
-5.7398490011
0.0306349799
14.3379532482
-52.1078868506
-39.0019604559
4.5705542476
7.6145250173
49.6081026109
-10.9766873801
-2.6271268096
-16.7338140639
2.1681641990
-6.9743993212
6.5057223128
-0.6743869734
5.6116538125
-3.4553598677
6.1040701436
11.9783056018
-51.9023346023
-14.3256489766
-27.2670021817
54.1467684461
15.6287491258
17.5860105684
43.9223812578
-14.4858559049
-20.1042191978
-12.2693841586
-31.4745578873
2.5547324886
-30.8201214791
43.4656005921
11.6275188359
22.6436946743
-1.7329100793
-7.9213527096
-14.9979868192
2.9303602222
2.6117820453
3.0153552746
20.3935083226
23.2601391537
-10.6612161030
-10.3017312037
-8.4295573091
5.8420683735
-6.7817715387
-14.8851470674
-18.8085744220
16.7383321128
44.9435765053
13.5565003760
-19.0815546951
-42.0471253661
-33.6698825563
24.3904731476
34.9606725047
14.1715123612
-11.5992970396
-4.4496282556
18.9085276550
-14.9554092488
-28.0433618729
-49.4807885011
33.1309741982
1.2953044398
53.8832155978
-21.8744808524
-3.7704659062
-18.4109991694
17.6717171246
7.1697663933
15.5234513138
-29.0277035976
-8.7239158982
31.1353876060
10.6858044868
58.5633532816
-35.9436860891
16.3579479766
-71.4754292931
7.0876244709
-31.5441346534
14.0279024438
4.1401822294
-27.7818937306
43.7351573462
4.8975388412
22.2997703621
-9.3906553920
-12.8319262996
10.0819974998
-31.4310174152
-13.8969513640
4.1224266533
-14.6065791183
26.5883319557
-6.6685463890
9.5832072809
71.1676647875
-25.0871633919
-65.9864482143
-72.5782245343
15.1341923542
65.9074926429
-6.4941663060
13.6474032813
0.3238836232
56.7908231158
-1.9036199888
-26.7267360373
2.8851595746
6.3027492656
8.6184259801
-54.6324800403
-4.0897935337
18.1936241005
-6.6309434157
-3.5239476436
13.0935248843
-3.1992149593
2.0663005785
-8.4003951419
-31.8579564277
-3.3891413993
-10.3203951330
35.6130135343
0.3309571563
9.5984073727
-17.1455340112
1.4539140421
-15.2429777205
4.2225257446
-6.3265953139
4.1225393081
11.7031540565
-2.0236530436
12.8406908400
-26.8861804708
-36.5968157020
-19.5445894788
5.3827677987
18.2670595886
-7.4912036294
18.1644690484
18.0059151805
24.0350533064
14.1918530677
55.1646670595
1.2400122973
-13.3881135263
-44.8863087541
0.7624604654
-6.9240035105
5.8565000413
-2.4933202281
4.6102170242
-1.1155999370
0.4912411641
-14.4458527923
1.0281205506
-3.7605404289
6.7024305694
3.8076917826
1.5597680129
7.1013517500
-3.6652107844
1.6227313516
-9.9204043251
-12.9189147484
-23.0757743014
14.8253273894
7.7056603471
26.3669949967
15.0839862778
-14.5932348654
-27.7135194058
-39.2428032903
-24.8865809974
4.3259831335
22.2097497215
38.7815697969
22.6764380769
-36.7811437933
-1.6738955864
14.4382681623
43.3231172223
-3.7171754610
-8.7585198832
7.2341432528
-56.5575364513
21.0917401584
-8.2926770313
42.1400596145
-21.9268000950
-4.5871310991
16.8612372710
4.0107134491
-54.7679254521
0.9358171688
-15.4262006093
54.3405785108
-1.8938795025
11.2455504181
68.7832046335
-21.6816372470
-53.0464848132
-60.2800422613
12.8900466695
48.6165735124
-8.9721239822
12.6969635245
-0.2448402996
-68.7495267892
10.6198184430
28.9199949737
55.4586687109
-9.2447994945
-7.2930735511
-33.9227924943
5.9145848360
17.3010936341
25.5720128807
-0.4229818658
-6.8503735446
6.6881637333
-1.3765973010
-12.0485416947
-6.7238468323
-3.7370726634
-14.5148603554
12.7233686146
0.5856636413
11.2798520140
62.0063258690
-7.3246690611
-62.1536391634
-60.4080085828
6.6058036164
48.9365580950
7.3556348902
-1.6197489650
-3.5770127793
28.0867979911
7.4357158234
-8.9032705783
-31.4909212878
4.5037499744
4.6908244702
-36.0606264742
-3.3781723831
57.9192075894
21.6541542288
-1.6946086465
3.9833039529
12.9795467265
7.5446114727
-53.9224419855
47.1615898430
25.7334352945
21.9156923356
-10.7730016434
-9.8147472037
-28.5086592385
-28.6235267760
-8.4611907659
2.7644909099
-43.8798202892
-37.4496122413
-43.6416538948
40.9458088669
15.5808174897
43.7025076249
30.9210660740
5.9229224741
15.3179536142
-32.4146369636
3.0541310433
-17.7921249046
-15.6290277982
-1.7148687159
71.5924396427
-5.4876446376
-6.7327833195
-23.0797456782
25.1126802882
9.8295962870
-43.6668470568
-25.6403646745
-3.5460267909
12.9281702264
41.8629538056
3.7773461475
-31.6042033577
-2.9701617421
-18.0724229938
29.4334647009
-14.5345109032
5.5384792090
-10.7220473021
-1.2203522628
1.9436278448
-2.4070610706
-47.7499726145
1.2716410108
1.7746895797
54.0077667014
-7.7949848998
0.0864275467
16.2708195988
-28.8410619333
-53.4580873624
-6.7043872047
35.1446780476
52.1961595636
38.2537644549
-52.9286242166
-36.2128870914
-11.7089385820
22.1119298139
-3.2505914594
-45.0531729858
15.5059506932
39.3713874343
-46.1496417727
8.9849808550
6.2349441439
39.1513359254
-33.3025023370
-16.4961990849
9.6824288509
39.8479929662
9.7541567300
1.3610580590
5.2630240888
-1.0634704287
10.4808842911
-5.3913912241
2.2497428476
10.3320756529
13.8510866463
11.9190361534
-17.8118703196
-1.4558777924
19.8668911919
7.5722889687
-13.8739223592
-30.7656321501
18.5352075653
21.5031885484
25.4916224434
-24.9256615268
-20.4280826616
-26.5886414599
-29.4548382737
16.4073690273
0.1746872155
1.1948460391
-4.8336031140
25.3890342748
22.7160083581
-11.0417923451
-26.6732689020
31.9767052181
-4.5479877202
10.3550678967
-22.6594817567
3.2646009683
-11.1110489345
33.0221769736
-6.5418050397
7.1023703862
-4.2612196903
18.4741249682
15.9048695021
-30.1225193242
-10.9082644359
-19.7390541269
0.6045528801
50.0746000462
-34.0103572611
-3.7611760389
-3.9996756542
14.6208578127
-8.8622025817
-53.2854563927
26.6335219307
25.7628737623
-13.8857997286
-17.5120639834
-21.6997094424
21.3556629887
7.7558379634
-9.6447582847
-10.3643885958
1.6173654275
8.0275944499
-0.5948479689
7.5948981862
5.4120438064
9.4970655216
15.2382106453
-0.7147446521
-4.3622911700
4.1384354877
1.4248502996
-33.1497733132
-22.2385952694
3.0514237715
6.0726477662
8.8677534968
8.4234976688
20.4860737750
-8.4686651128
36.9197802995
56.8908925611
-45.1875214960
-6.7927073513
20.3896709457
6.6122356104
-46.1069823794
-64.8650495217
31.8258830244
33.9929171183
-2.9677533019
12.6085912009
-35.2019066661
8.0652863612
-14.6313275905
-7.8907782075
16.7606057377
6.8093719551
-18.4441931911
-1.4453914130
4.5378594643
25.0037763380
-18.3472899376
-11.8414834302
-6.8413327036
15.4135334708
17.2321287612
12.5545370750
-22.6947332101
-5.5666618727
46.1995347875
42.7941485717
7.0938857039
-24.3091091360
3.1570986805
-21.7910985418
-25.0634442285
-40.7355037736
5.5487343498
27.4762696654
-5.7428811929
4.0859395550
-18.8264960157
4.6397634034
-8.2699800616
11.1920085749
39.6208560658
-41.3368774177
11.3691836818
-46.8537707888
12.7439903650
-30.4190871324
8.8359469074
41.1017005249
8.6683332250
3.8724101639
28.4607750360
9.1067286338
-11.6233091054
4.8751845792
-14.9270629393
2.6695964686
-39.3887623559
-9.3565304862
17.7520980752
-30.7680666788
5.7166516071
-13.1707099972
28.4960988256
-0.6919516293
15.6067150405
-0.7915325087
-11.5611367216
-8.3536849206
0.1788554416
-21.8565675596
10.3259768799
-2.2610747307
12.3124953568
-0.8886871603
0.6965408285
19.6790055819
-15.5440327457
4.2945228093
10.5460532914
3.0739013609
1.5763057318
-7.1950425641
-6.7905597958
-1.4321052662
252.6891085912
-47.6742247392
-58.7005987980
-207.9373617985
40.3116099972
104.9360360648
-45.9846037340
9.9329837114
-48.4969483865
-28.1746224568
25.2080229768
-5.4092025347
15.0202130106
-15.2423622697
3.6846775271
-17.7389210257
18.8592927812
-2.0195713837
4.4678771410
2.3520132112
0.9358823900
17.5939485786
-26.3313379862
4.8263517050
82.8165702403
-122.4928251741
-97.8516690953
-84.4145507481
60.7372415284
102.8753101182
4.6855462982
59.9422072354
-4.6526262054
-14.0736924537
26.7353120292
12.9510284702
19.8176314155
-29.7675643321
-15.3401809914
14.0557922051
-12.6952974199
-4.3990699848
-13.7502499628
2.7759307044
-3.9003734472
-5.2739172112
-18.1853244092
-14.6809585347
10.7463522703
-2.8863311841
-0.5656976601
-18.8251832913
21.5676650185
26.4049513503
35.9484448634
-35.9261060172
-107.2962552859
-52.6333228851
50.3575733895
91.7470688814
11.9679200187
-4.9871634114
6.7364108028
9.2297108716
-19.9527969692
12.7874549434
8.5344531214
19.9318491129
-6.8335310650
-27.1263959960
8.7932045053
-13.8373154912
32.2725105315
-7.8106996460
13.7147459256
-21.1862503877
-6.8494604481
-13.6042055168
-10.0439913411
1.0790808211
-25.8820257382
32.2790990563
6.3938893388
38.9311160273
28.8676532002
3.9843949253
24.1442798050
-30.0178013877
-14.9178050897
-28.9551124273
19.1126379223
10.5206609083
-21.2499880797
21.2263448100
26.1716421548
11.9350402444
-45.3838052220
-27.3649074697
14.8034676225
-25.8555317101
9.6752296187
-23.2998327622
24.0984625209
-5.8924570693
12.8832529945
-26.3930301049
21.8026818229
-3.4514940306
-7.2438090313
-8.3122054376
10.8221938270
30.6692506660
-13.7349384021
-0.7723978011
45.1435932543
-82.4399950210
-11.8546284620
-55.3206488413
68.6207908578
-11.2706249962
9.6533141173
11.0743721019
17.2994393879
77.6775826007
-13.3319225174
-16.3369194832
-72.4291810999
12.5384416743
25.9810113261
23.0496265385
-7.4099665026
31.3226636945
-31.4051933865
11.2318077231
-17.0798859316
-14.9499188115
20.6017654710
-4.7172378612
4.6350390185
4.6328831621
-9.9362673013
3.9174329355
-27.4240761218
-9.3942366276
20.6144444679
-15.9310848579
-16.8405265826
-16.2048869177
13.3756550956
29.3797034774
57.1089056117
57.2304114792
-13.4490893978
-32.9263765508
-7.2047889796
-5.5361383617
-13.8390729055
-49.1026076549
16.2510160777
17.7619334287
-8.7088841956
10.4051091414
-20.3849418175
8.1543571443
-13.2816049720
134.8121865421
-136.9571604622
-191.7028644663
-135.6203872121
112.7454253581
178.4162066318
-3.6026885780
20.8253045341
16.7761663248
96.0291308882
-11.8945592384
-58.2478321993
-95.7812607685
7.9566100922
43.6563737216
0.1274564105
3.6030372149
14.2095932279
36.9741142836
4.7126913522
18.9041554645
-30.3155419913
-0.4368206138
-19.1353028744
-11.6774675852
11.2889011559
-7.7706977192
14.6505310767
-11.3033043635
7.5503770248
0.4894908649
-38.3655227210
-30.8084291008
-2.6223917521
1.3323595552
19.6108873984
-0.7470303207
42.5567019819
5.1405802222
-22.1938974179
-4.0033565003
-18.4949103645
-16.0565277128
-4.5312816121
-5.6888946598
33.0483496391
0.7895652008
38.5072234367
4.2849744289
-2.2865264058
-3.6507447273
0.8239687789
4.5224648948
-4.3953903246
-50.5963896240
15.1531029381
6.0243639358
46.5206696345
-7.5804309433
-2.8055233313
14.0124758566
-11.5712649776
-1.2914990805
-4.0341148075
7.9314513196
0.8452818738
15.1818642915
-92.1356163372
-27.0582576533
-38.2250422343
54.2742224850
-10.6706921471
21.5068018016
34.1671525289
38.2566306292
66.5018449308
5.3748191159
63.8473619878
-76.6389057061
-37.1864388617
-25.2115152744
5.7707970426
31.5730015465
-41.9361521258
21.9104853140
-15.3458149153
12.0403167113
-8.8909046430
6.9069511372
0.5513857622
25.4251988247
17.6765612793
7.1595942613
-4.8765589673
-8.8587150274
2.0060539982
-26.3804471610
-4.2729334137
-20.0591584793
4.9752255643
-5.5347924338
-18.2667643145
-10.3567007978
0.5339894954
-4.7232512537
0.6106587681
8.9521615586
21.3847030144
31.2499029491
-4.8155664939
17.2737173414
-33.6668610370
4.7581599995
-17.3665982271
-42.8284145924
7.6796643716
-6.6489669916
42.1719907171
-11.8028321747
11.0997549983
2.4698500910
34.1515599241
3.9896719115
10.8008605728
-12.3589612952
1.8248411075
-14.4126208237
-16.2625697128
-14.7272216945
-26.9038233921
22.3274490439
10.0905651909
-7.9782801249
-5.4446330499
-12.0522047532
33.0065227052
-17.4211385472
0.0627736044
4.8107140383
-1.8995478157
5.0859663800
-1.1367991913
1.0310080700
1.2748226184
-43.5631797742
14.1162522365
-5.2536618853
34.4791030482
-22.0082518588
10.7738578195
-5.4058418654
5.5289664039
-7.7132046585
1.9213328748
-0.5546563078
2.4767481198
-5.7357732704
48.9026632421
8.2460735355
12.5197255681
-0.8309438874
-3.1791635977
2.5055486059
-38.3869911609
-4.7917180740
17.5485166923
-32.8475632802
-32.8319090118
-18.8271173957
-10.2104085112
18.1206759924
4.5576855163
36.2909331238
14.1523005741
-34.3183458904
17.8578832673
-12.4816316572
22.5604084167
-25.2756051608
11.9456345353
-8.9340573456
34.0185395542
-7.6979547614
16.5690108214
-8.5464965083
3.8099828246
4.2813967509
-19.8150759312
3.1872545812
-5.3086717979
-40.6492208994
-8.6018574294
7.2514055197
0.7291253287
-4.4539624993
-2.0271038368
38.0376546768
12.1527426051
30.9970048695
20.2882496433
-8.3633922034
-31.0710463217
-16.6450551567
10.5031840045
3.8057066871
-3.3886623201
-13.3633579390
8.9873311891
-2.2460572582
3.8934493298
-64.0785959640
-36.0814177997
13.5306324712
5.9878495632
10.2521666665
-21.5864831069
58.3936691234
26.1230274751
7.2570572311
42.9070333854
-7.3527165390
38.2784820953
-14.5804017094
17.8657038794
8.4254033130
-31.7283014705
-7.8982489969
-40.4730027650
-8.4508253421
31.5640579443
9.7192325683
-1.2434642764
-28.8378542372
-5.6814143837
-44.7816868706
-0.7079225169
-5.6601925985
50.7612995920
-6.9080421096
8.2268155006
11.0143567604
40.5182128993
-7.6117323650
8.3315986583
-11.6429560957
3.2748027463
-19.6809479871
-25.4847516888
0.2899626818
3.9909644766
13.1948868947
0.2565765540
-7.4553521411
-8.5822412710
-1.8464565915
-20.0504864344
72.9062076049
-50.6588513526
38.4733226545
-12.6165695296
31.7210216013
-20.6030698945
-60.6768253731
22.0080538236
-0.4209161332
2.7488864468
2.4593838708
13.0107378652
-2.6053322638
3.7902907725
-9.9556320617
12.3678586496
-13.1756241164
2.6275122075
-12.0884772145
12.2071928014
0.7795519713
22.0737777969
-17.5958305060
-5.6191127435
-17.1611669345
-5.0833172144
-0.1357691460
-4.6685081550
23.3739453648
-11.5065892865
-57.9204764378
12.4770092544
16.9778942404
22.4795673603
-26.7353274452
-5.7576769134
34.7738695662
8.2822784040
-46.6943477005
-11.0040684162
2.6318915131
37.0130252380
2.5461280366
-1.8292382007
-15.4259693706
-18.7008907008
27.4778503895
6.8470496363
16.8442762074
-9.7227390960
23.9649025940
-0.0473043270
-22.1938250817
-8.7642557893
-2.1582659960
-25.5657433468
1.7242676804
-3.8363416670
-3.6825536884
4.8294360737
9.0678568121
28.5658831137
-31.8271056250
30.6256402293
-13.4728998709
28.3329972629
-23.3370313642
17.7913730823
44.0238642239
-13.3966088811
7.9597324079
-35.1980894485
9.0819647457
-3.5602497509
9.9687593060
-44.5707461673
-10.1743957488
-3.3478682525
14.7098953923
-1.8452043449
-6.1216739323
31.3655448399
3.1569777249
-7.0948094729
-40.2453903429
40.9454815752
-7.8327479615
0.1000575869
-29.0225606113
9.3890402785
47.0567497651
-10.8976333840
-26.6111332793
-2.9852657809
14.7743398447
22.8246573528
-1.1161987860
-11.3364877127
22.8666372601
-4.2858068883
-7.4381005468
-19.8857495989
6.9784952112
2.2763388579
46.1800348413
-29.0745407038
-53.7852083276
-22.3822443195
35.1641673213
7.1038491281
-19.7716991049
-10.8363290348
53.0118381380
-78.2316768205
-19.0148986519
-18.1196099226
71.4340067305
21.8653095691
19.5921333454
13.4644543214
-24.3620212984
-17.4591636794
-3.8118659379
0.7852060545
-4.4157227301
-9.8618961857
22.7804184212
19.2336445514
1.7359873331
6.8635185765
1.3272343565
4.5361139084
-4.1788868477
-0.7341947930
19.5157356299
26.3428003116
-32.3589866976
5.1312701956
-23.6723417377
7.5875554675
-26.3187028654
-6.2986296589
27.0004218849
25.9324879560
-44.1633450478
48.9361466087
-10.1981991069
47.1280732729
-31.7954543805
-15.6442575360
0.8304790383
-25.0511826472
-41.8583017569
23.9210134850
19.6550978699
37.1678674279
-26.7726802063
-14.5666376693
-41.3017481058
-4.3108032010
-8.9514061788
45.0815999324
-8.6262774241
9.0547153378
-33.6102478692
-5.4202996216
11.6773739038
7.2253099337
5.4333331845
17.0025976507
22.8793055844
3.2901380238
-27.8600263293
-27.1338406969
15.0186180564
29.3584556037
26.3035905257
-5.0784386703
-30.5958685406
-16.2496084861
53.6246243023
-20.6948443919
31.6890561094
-3.3495082686
10.0100597271
-14.8834157416
-50.5813863815
10.9989432175
41.5764822356
-8.4788479173
22.3467616274
-39.4678199095
5.2428458424
-13.1301234515
22.8219239926
-7.9978773099
41.1807687511
-8.1759738142
21.3759610049
2.9691810528
-18.2569929963
-11.5659524162
-40.4764167972
30.5686108318
-68.6640158966
33.2746078324
-16.4744934771
63.1426139634
-16.2305057962
-16.5494776718
6.7571120044
-25.7114201826
-14.4905909624
5.8010406955
1.3604829268
18.4483317713
-5.6128787848
-5.5833347773
-5.5377345018
-0.0839396552
-4.2846625531
11.4341688770
-1.4336266984
4.9993514707
-55.6073362341
-4.8532216442
-31.8653572525
19.4742063417
1.0181310379
12.0688017641
34.8875322906
5.9412448816
18.3878171913
9.4743709236
46.2528394628
0.9518343041
-30.7053049328
-3.8915175972
-49.5162877950
20.2575755307
-43.1205378739
50.6175165421
-21.7040816329
13.3679364657
-52.9114010825
18.0266045238
-13.1973083791
51.5523874109
-29.8796522616
9.6439578430
-25.6375838807
31.5389051008
-2.8478981231
26.5394872231
24.0740057652
-30.3236128156
-36.4421454588
-22.7852353016
22.7106293898
37.6158313763
5.4718433251
23.8302457655
-33.9007216479
13.1727686147
-12.1356724442
4.4558467984
-18.9659554946
-11.7585280218
30.5521466350
93.0668336343
6.9427279175
47.3827335102
-69.9508463267
-5.7505547609
11.6006287374
-25.7426670557
-0.3112947501
-62.1662244790
-41.2375823257
-13.1232467677
-20.1691439152
39.7199329633
2.9354723766
25.1778967221
28.3895392803
-66.0610470111
11.4309327208
1.7420113982
15.0153309090
8.2555804115
-27.2570292708
55.2178365491
-19.2301154927
-1.0814857037
-12.2703102993
-35.2535132191
12.7535944798
-10.6795479972
48.2648641634
-18.5891822400
25.0327748592
-13.3574963340
-16.2384236471
-3.4632919487
12.4336715609
21.7986226940
7.3960281441
-17.5526754318
28.0083214989
2.5658390622
17.1467174791
-26.6118744291
-4.0141310388
-10.9567818768
18.3106569810
-21.8759524794
69.3050060697
-10.5169029827
28.6333538287
-10.5700226670
-14.8767453940
0.9152155777
-55.6956492657
5.8540999020
1.8148349931
0.6772235017
-2.6863037625
-9.3594666251
-8.1267768872
-22.7774004594
-14.0128458386
42.5737341959
-22.8411938859
-12.9565710845
-0.9496488018
48.1373437175
28.2897236047
-43.4038005620
41.5207797926
-2.8191415131
16.6906329012
-36.1916285451
-0.1260096862
-7.3466995889
5.6210551487
-7.8250079865
-2.7314901800
-9.6167155501
5.5050776654
-2.2046145363
22.9727805757
-68.9880430063
13.8185223054
-5.0212717155
3.7729976737
-7.3830408289
-22.4425893245
69.3451953591
-10.0541670306
-9.3211272454
-33.5459113283
41.0839828956
-2.5473933274
17.2970926113
-29.6446437580
15.0261101909
17.3837502109
-12.2284798079
39.8400383543
-3.4504410051
9.9737256022
-28.2027814037
-0.8272203511
-11.9838221275
-61.8795738472
9.6051393841
-93.1431613852
34.4809837898
3.6288671728
21.2585510274
27.2063773186
-12.8235732455
70.9346437510
-6.6860766556
-44.2750179335
11.7134708609
4.1549696491
35.3712006832
-3.1111936442
-3.0207093404
17.2401889129
-13.8236759642
-23.2871691813
-10.2272853803
7.7914641421
17.3939425021
5.7581393909
0.3900001094
-38.9310021867
8.7511783503
-9.7626354830
42.8091779026
-9.6937453180
7.8381731776
7.4971340131
-17.3523373202
15.8835896107
-11.5840447708
-7.1765861567
-2.2834420370
0.2894693725
23.1284315083
-14.1321804338
-19.8668840769
1.8437267888
10.6643645071
2.2618289247
-0.8787604971
-0.6575551663
59.6901463585
-2.0149620252
-39.6911561941
-23.1541571123
-36.8615543899
4.1610055726
-19.0116684248
40.2546102457
27.9798376320
16.7782664467
5.0802553765
8.1877337854
-11.0861510466
-1.4244150965
-3.4926082750
-39.1987220753
6.1739813165
5.9145812784
3.6846953147
-4.0919102574
-1.1744650141
33.1298156329
-3.5932101622
-4.9298565275
15.0850013565
19.9287137530
14.2966801014
-24.8645350536
-22.1948626913
-19.1687814976
-36.8249593803
-6.6394138679
-15.6252342973
9.0282983893
8.5794592913
-0.5298556586
34.2682892297
-1.8185964763
16.5218072908
-36.6553487441
-18.5642440335
-6.2098482207
40.6761074403
2.8038595984
5.6267815681
8.3845807852
-9.9023736342
-3.3314894361
-4.0001689635
-17.1284519919
-21.8393230803
-7.1545627439
26.6283243958
28.4011284906
3.1640192403
10.6792242629
-9.1427212369
-2.9690280795
-9.1179632780
2.8030793159
-6.7004359872
5.5734543618
-22.6819652753
6.2039142794
3.6799068945
16.9545450589
-0.9490760412
5.3482622383
9.4198116300
-27.1081482964
-2.6033447967
-17.9422604973
25.0383566062
-5.5702869843
15.2121541921
-3.0119139681
-6.4448140340
0.5356401841
-4.9707478340
9.9360929828
-12.0412594538
9.8385173582
5.4452318989
13.8380092073
73.2278488054
47.8794141205
55.0144152546
-87.9838698001
-55.4392363576
-25.1658047158
10.9886192980
9.4285927721
-32.5437950539
2.0616188838
2.2657860714
-4.0498639431
1.9197213188
-4.8974368590
7.1427636400
19.4438891669
6.3052229270
11.4133526489
-20.2423825539
2.7950511819
-7.7636680622
-11.5735607630
-20.3473684901
2.9055405996
5.1677205328
11.2381970268
-7.2456209942
24.2796611815
-20.1964146682
-27.0221867847
7.9746075797
13.9627927354
-1.3336533062
-32.9229305010
8.6200387220
29.3654152962
31.6417695700
-60.5952882289
53.2665137912
-6.4830205997
51.8058807820
-8.1522167039
-17.2857547990
6.4118891979
-45.4334764848
-27.4029017701
-0.4974763087
-10.0085311799
24.1899144698
-3.8346127129
7.7951758200
-8.5185676143
6.8835023452
-0.0322014740
25.2273616488
6.1195192618
-4.7544649233
-38.5345119773
-40.7218298573
30.1877582891
18.4388260812
14.7393540194
-24.5374152742
16.6623696005
23.6070553392
-4.4728339505
37.5025801382
-29.6441599355
-79.3418740723
-44.6196229176
36.6219211119
57.7543652142
-2.9454476593
-13.2732732631
27.4100215510
-38.8986014916
-8.0582128281
-3.8071178362
44.8980367076
0.8378917215
4.3764346788
-21.2489824877
16.3463706247
-46.3795701395
7.6905752817
6.1927816173
12.6114976937
15.4047060809
-16.2807593062
34.7380370514
23.6790666340
-20.2936938329
-11.9685722305
-3.7090014687
-30.0698146837
-10.5443065497
-21.5629584211
48.8048765380
25.6555778106
-5.1483925334
4.9565806085
-13.6607997111
-1.1044494874
-2.4360228309
8.9788180467
9.0832573108
-0.3541557361
-6.1128726309
-6.9614203070
-0.6106314938
1.1700880802
28.9313351577
15.9313896186
-37.0794832460
10.8331154096
-4.9993052229
19.6205472477
-33.2559960801
-7.3751644824
16.3224735854
56.8718835525
9.5038271789
-12.9449996618
-33.5514408983
-18.1125778939
51.0222483366
-25.0273081387
10.1598371962
-37.7028660728
26.7322324038
-11.8636704889
49.5601709748
-33.6556595962
7.7204513242
-43.8553066132
1.1316846652
0.5056004957
-3.4653636105
-11.3694089913
4.6037067649
-2.7408049500
-42.8533622857
-82.9646223128
-48.6143808950
-1.4780067450
59.8787920918
-8.0231605957
39.5457817473
21.6800007884
53.0605370124
29.9892001227
-82.1762512525
48.4986868274
4.8296175072
52.3817624325
6.0916057837
-29.2036893074
22.8541005639
-53.2889107435
9.8873952943
7.3641741211
15.4866049062
-0.4792120074
-4.1272636930
-7.0048125491
10.3776913443
-8.6941406520
-4.7299619199
-9.4361133668
3.5624459258
-3.8521085901
-58.4871868049
44.0155147273
-48.3150180629
10.9635376049
-86.4803378580
-17.5457299693
54.4750218882
39.5320473532
57.5347002890
18.1104516835
14.8794313206
-14.4098732333
-25.7665463075
-7.5817187651
32.0595965911
-8.0511143923
37.0468928166
-8.2870419216
-3.2666394266
-0.0951327951
6.5142473136
11.0808989630
-36.1850032593
1.0311895035
42.8505648901
-2.3472283484
25.6131484701
-34.4937801848
5.0215942638
-20.6847054634
-48.2769976740
-24.7950140220
89.6463825124
26.8762561792
26.5589100897
-96.8126886257
20.2014117962
-1.9692360507
7.0164337771
15.4505980729
-12.6854098894
-20.3215752933
-10.1023097461
-14.4160490859
-0.4263389777
-11.4886475335
29.4452981942
22.6918433190
5.0500805024
20.0155800603
28.0058430942
-6.0671751165
-24.8284452116
-34.7283428127
-35.0177125747
-22.0829194342
-19.6002800633
36.4559237290
-7.6004597739
19.9349441542
11.7791296130
24.6459741451
67.8013270834
-28.3122189817
3.6068828927
-72.2275504231
18.2598579848
-6.5529127992
-1.0998496156
-1.6140818376
11.2216759097
8.1104549911
0.0389595738
-3.3766141899
-2.2358851262
101.1641139476
74.4245139224
-14.3017080612
-68.2995587719
-54.2070529732
-36.4764091078
-34.4544126822
-20.0790876994
50.0949561686
-40.3380779367
7.5029351404
-9.9904281527
31.5076416260
-6.8007070252
13.7437112433
-40.5822292636
-28.2282722114
44.3435843642
-1.7835252705
-2.7712075053
-5.1347198030
43.6223543555
29.4397330490
-42.4219194544
6.7799180714
-61.9182073151
41.0259894106
19.3213694065
14.4061995023
-7.8442351896
-23.1957172323
48.7107339190
-35.8907727409
4.9496043142
-0.0196327602
1.1353643254
-0.2813368846
-0.3215759793
1.0334259969
-19.9214908041
4.7502089450
-9.9754842023
11.2903893846
-2.2814498265
5.0809336768
1.6767297431
8.2237263885
42.6313078937
9.8183308109
10.0083082420
-1.3613723065
3.0936527051
9.6250508166
-31.6128825177
-97.1819555157
-36.4696059461
-28.3040758212
39.7812894894
1.4832422268
-28.8612401797
42.6984299719
4.9849731657
48.3000480239
11.1762962003
1.0547734812
4.6695837115
-2.4316719854
-1.3792286790
-0.5668170927
9.9701372516
-11.2876133341
6.3383351258
-7.4694268712
-0.9588153418
-2.4175510076
-4.1987057848
-24.9534362616
-18.2874773746
9.0758386984
4.6675618550
13.8680643117
-2.0851269678
43.8285943907
-0.7847720372
8.7152225082
1.1839967927
-4.2170993426
-12.3848730760
4.1690514942
-6.6210914604
-5.9534531001
-10.8279617507
16.5963467956
5.0788809885
-132.0268521298
-82.5657473800
-0.7484936467
126.2054742854
78.0909923694
1.8571599796
11.2901818626
-3.3982699924
-4.6093323879
-1.7519558490
-1.0401568224
-8.2041742654
-14.8296497747
-11.8219917849
20.1454117075
7.7296000767
20.2127187767
13.2695853020
-5.8592737201
25.5806386778
1.8638350707
-2.0474552158
-33.4266704144
-23.1306241257
8.3984693384
-10.0323831573
-243.9522136788
86.0496527782
124.8300379214
244.1621333742
-64.0165338633
-75.9975431794
-1.4017809763
-24.9630368189
-34.9063788392
16.3218699930
7.9686641516
-8.0283913341
-16.2191335945
-2.3880117435
-5.9578454499
-44.4310435913
-21.0955443318
12.3595210115
44.2347800246
22.4301783273
-12.7096199904
22.8200823837
11.0463851018
-26.4743028068
-7.7767170410
0.1554078355
5.5375080064
-13.4483387614
-13.8634573249
30.8430757760
-5.1408505936
18.6711178263
27.3590897407
2.9765996652
-20.4053358867
-19.2692873318
0.6627503295
-2.5194027698
-3.6597464356
-28.5597973849
-3.0022659773
-22.1446008804
25.9975276998
1.6112132917
16.2956178762
4.1803762623
15.3449065622
-17.3659780330
7.5152678721
-6.3511611668
9.6364763810
-8.1766900613
-3.6334907613
6.6610210510
-0.6239947201
-12.7936758579
22.3159048955
-2.6394666564
4.6297561031
-2.8463375582
0.4404303095
7.8298426545
-17.2646824296
-4.0302264395
13.9199175193
44.4518550761
5.8965743043
-17.5550423676
-39.7392751928
38.3328729996
-4.5341466005
17.2353672891
-33.6484224172
2.1336206919
-16.4235284633
48.0727747519
-9.9497384390
7.1605227737
-7.5615725363
18.7894847764
-6.7610703370
-36.3259663827
-4.2891224958
-2.0323808229
-49.3084255313
-26.5805445472
44.2463704207
21.3068182561
10.4157888128
-47.3423924333
24.9072715265
16.4826176641
-0.6283609815
-9.3664867954
-2.5652769742
7.6396992059
3.5911349429
0.0973182974
-3.0942254656
-24.4836789533
2.9004521620
0.8831516611
17.3813476999
-1.3081589409
11.2029277858
-4.3960875983
18.7384628423
2.7188621742
-2.8962685199
-18.6243945607
-0.0183224075
10.6433099252
-1.1987948849
-14.6403862191
10.1493176132
30.6648808471
24.9907119432
14.3113311495
13.6391628820
-6.8171534344
-22.5720889366
-45.4938546933
-19.6337278547
-16.4441952757
-31.5980962838
6.7936382354
18.3070140818
32.2803418162
-5.4797030699
28.6638642954
-8.3618008067
23.3346264816
-23.1237367693
2.4842378827
-16.3633838653
143.6768675285
-19.5487233156
-29.8762216277
-134.6249768606
20.4980187372
47.5094013374
-11.0399329487
4.9557659367
-18.2838178737
42.7816189906
-86.5888753838
-34.9078670679
-48.9034138786
59.6949442655
43.9032014883
4.4314611931
24.4441596632
-8.1741974265
-1.3858207613
-16.5056976600
4.7100611600
-0.4759296034
18.9279706809
-11.8518014204
38.6428075917
3.8607782634
21.9210131978
-39.0223485959
-2.6448361380
-23.7538895544
-8.8506240439
-48.6984367625
-9.3698842258
-6.6663834176
9.3950050517
10.1745665097
8.7778905728
31.0244890736
2.3683291780
-3.3213647377
-24.0240238124
-42.5836466290
-2.4393372525
2.8270356473
0.2093054305
7.6549834923
23.1210283117
38.6257445459
7.2369121882
6.0308113456
3.5730425884
-2.0125357974
-0.8918521661
-1.1645810412
4.8843297741
11.6943954453
2.9981772024
-4.6681251288
-3.2987756794
-3.5284419756
11.7532949117
7.7977384194
44.6141467103
-13.9961492172
-7.8401428572
-5.3328546246
1.0474746385
-2.1780837472
-41.8275991841
-17.9587104640
39.3175455736
1.9600789974
20.0388035428
-46.3033360699
0.6458023101
-22.9584556335
5.4220629651
-66.3011747842
27.6225287484
36.0177227979
-12.0394498626
-5.7649911720
-40.6291256617
78.8113152108
5.7357365094
2.9749501624
12.0624326196
-13.3773603329
-4.2161838744
-9.2299776855
-32.3222600597
-39.8821071995
32.3749409834
23.8006555102
37.0282644625
-10.4616902915
11.0648569251
6.1930662188
-27.1270434644
-38.4909039123
-15.4656285897
14.5102260943
-20.4904507089
-13.5770237017
15.3923282873
61.4521545696
27.0139475713
-25.9455155897
11.0008132865
8.8137385036
2.0402642845
-8.3732394154
-8.8830223673
-3.6159652381
-16.5274945775
-13.5294845785
-27.1270375352
20.9573145686
8.7061567645
21.3724212737
-7.3497246657
19.1000988545
3.2703570337
6.1714898675
-14.1137074247
7.8537942425
-6.5830319388
2.3354458463
-1.0847657360
-45.4163814213
-22.7641688613
-24.7532309641
49.2542931399
21.3770531632
19.9466258600
16.6581254806
16.1152931794
-13.9771176777
-9.7013323197
0.5364074223
-2.0638375897
-7.4632581336
-17.7630931799
16.5627899070
33.3785359997
15.0970909911
17.3467721750
-28.1762565438
-6.0410320970
-18.2641198923
23.2604557729
-7.7819537086
-24.4194835273
-14.5089619893
-22.0426340918
3.8074391987
-15.7486315789
26.6117131549
25.9452760501
-67.4345196247
-157.8280308825
164.0674622433
19.9097189745
152.8400006223
-164.1453813909
45.5341293632
5.0763859820
0.1515360692
3.7999814536
-6.6128297160
-4.4833049141
-0.0144530129
0.6812909315
-0.0061960118
22.9630021425
1.5880965348
12.0898587176
-24.6139244586
-1.8780698891
-13.9794193923
34.8441673228
-69.9623382981
-12.6266859272
-41.7222432660
30.8948673200
11.2497826796
0.3883980401
34.0450027505
3.8845994090
128.4798814106
-24.1776991363
-111.2524011406
-139.9689937933
19.1207905695
68.1982453810
11.8705009249
4.4013147792
42.6522213607
31.6054662769
15.3239207590
21.4327982963
-23.8462557857
-9.3558865753
-21.6490005699
-39.8217195043
-5.2600156138
-17.8293899137
36.0683202014
3.8901325365
13.4869164948
-3.4933351946
-2.4731372383
-8.2326818491
5.7109323027
14.4070367051
6.9133226533
13.4969297243
2.4784687731
-3.5699475470
-17.6131034455
-61.7217540140
19.7630235025
7.0827305109
23.2944703956
41.7656912426
4.2894889202
22.2871731881
-60.6387219754
-24.0432379713
-2.2373425231
-12.1038148637
18.3229920844
5.3349677907
20.4456034416
-57.4517863851
-20.1491008545
36.3168306746
30.9399505695
4.2427917431
6.4138944526
-6.0588611952
8.9166077161
-17.1690752987
-1.7910363784
-1.7304696215
12.4983887564
-54.5166401143
-204.4588875456
249.7586167408
18.4228457069
180.5785115974
-224.1108275247
35.0143756221
17.0771217396
-26.1422380764
197.6010396540
37.2847425918
-148.4297754445
-169.6567926255
-33.9200366031
127.9154110945
7.4969039603
12.1587192366
-17.0512265605
-34.0421674080
-6.2355548512
-16.5656904706
32.9742263640
4.7455675689
15.3371547288
-36.6738786735
-89.7624548629
-40.2106476147
-21.4878224390
73.6243959351
-9.2562060855
37.9744482410
26.8307317975
37.3628953498
-14.7480853562
-5.7887447248
-28.9757970272
19.2263445229
-2.2457015063
27.4874224867
65.0366582976
7.2859905312
99.4422689374
-47.6035985050
-1.6819011895
-27.0636496659
-0.6561262296
-6.7723286980
-57.5577518248
-16.7207259524
9.3114946704
-8.8141167864
15.0980266185
-0.2281579083
8.0308970132
28.2729807356
23.1127167620
34.8936073468
12.8502736097
5.0806229868
-14.1411714695
-41.3824575340
-31.2791576118
-23.2264364068
8.7843842304
-8.2405475231
-1.0428368199
-5.2336532139
1.2875134737
5.5280651658
0.0609118362
6.1383859696
4.9847075376
-4.4501998303
-8.4455744444
-18.7653944451
2.7204571285
3.2627036250
12.5526788644
-13.0039904379
1.2150918784
-37.5678440057
25.1529798607
5.7160527581
37.3225471579
-5.6702651199
-11.1633812214
-2.8161686133
1.9263122152
4.0216196158
1.1533796004
62.4121189900
-29.8797139253
-1.7212343028
-34.2877286981
-1.7418940001
-4.7201692566
-25.8004352312
33.8282407606
9.4471013564
-4.9309700309
-1.2557946364
-15.3713673868
5.4800042731
-0.7938401525
4.4445836940
-11.2780258210
0.0536201086
9.8291717564
6.7192920225
5.0086176212
9.9770803423
4.7734952770
6.0367535878
2.2246030484
-5.4077961290
0.5041336121
28.4817228923
7.9726177408
1.1105138710
-11.4895962052
-4.0036636328
-12.5309210796
-25.1778492885
21.9392454815
-5.2141864712
-6.6345625981
-4.7219349718
9.2687617550
6.4248468671
-19.2521875250
-5.2592270304
2.1204092530
32.1102663309
49.3717647811
-3.1872569529
-40.1293345942
-48.2962118329
-2.7393973584
-15.6438756956
-0.6596576599
-4.3713474269
12.6489974990
1.2404688456
10.7291409945
-13.9240679579
-29.3921168462
-1.2302812977
14.5836366798
30.1444905600
-6.4511891077
-6.8789451636
-1.8127277561
-3.8312461143
-34.0679523040
83.8986666515
-16.4726068063
-9.9370440262
-10.8365970346
11.1576915630
43.1805520296
-74.5286757001
6.4152225930
-6.5102403616
52.9156606183
33.4795766476
16.5489381147
-50.9695128643
-29.4249610453
-27.4919820399
5.0913904103
-17.6041195248
39.5575808512
-1.0491205839
21.5931000918
8.3513867635
26.6568130061
-37.6627870665
17.6521507714
-22.4534041815
3.1734407359
-31.6931164241
-8.6404316054
33.7929845638
-2.3990471667
-24.4909102031
-0.0452765413
1.0280920905
8.6510994183
1.7251914495
-2.7604922588
27.3339712866
-8.3085732110
-40.1446117656
31.0160506391
16.9160361042
37.9000379927
-42.1154593723
-13.5799954157
-48.5259919697
24.2082605941
-6.0128565484
41.3635979412
-1.3022155129
18.1182462071
-6.9014891600
34.4592663236
-25.6494600641
26.9133018080
-21.0250224516
-2.4556721929
-21.1338339063
-18.4318936629
27.1402300006
18.7514335557
-57.3874593308
22.3244619140
-2.5134534126
1.6977060595
-9.2949972700
-10.1783967716
38.0097506855
-11.4701923120
23.3799895891
8.4183463816
-21.7863445109
-21.1551576737
-8.6467390861
9.0865835909
25.2727366148
4.4998865090
16.0844317041
-33.0725965012
-8.8532234043
-16.5826005431
-6.5509561638
19.5974874111
9.8194241550
-2.0345580244
-17.7686322366
-5.4626293515
15.0930970833
-9.9228127653
-10.0469891435
-8.9584559951
11.7788687283
5.7959878330
-1.5156939129
-5.6925956652
11.4291681915
11.5403038918
-4.6671871297
-18.2185291035
-19.2541702488
24.9976431756
3.3541449014
19.4802920705
-13.9694369947
3.8275925425
12.8795899360
1.5095583789
9.0242523046
-4.1130525914
1.0383353728
-5.7781385755
-13.1574214788
1.9858793093
18.3199776802
5.1495712579
-0.7187729491
-22.9445101599
46.3037511138
-44.4733187726
-20.6562121098
-11.9658744454
-1.3725025969
7.5419670504
-36.9281950172
44.9940363514
18.3562584424
-11.5701799343
70.1307547938
4.9401294559
12.2918332878
-78.7913136545
-2.5817447286
1.1099766857
5.6973437669
-6.2219805455
-8.9877331887
-7.1056788786
-4.6448221951
16.4401681644
7.4465686273
9.4865637262
-34.0212752862
-42.9563429671
234.0714484136
10.6694861483
44.2894685747
-258.4762749635
16.6672896489
-2.2303899456
18.2250832389
-15.3542770666
9.9149447196
5.3958819987
1.2917504785
10.8956577752
-21.8465365426
12.7943731315
-24.6829664110
13.1591611054
-47.8499910687
4.0282781051
-19.4377050134
48.3502102243
0.4004592145
24.0671990460
14.7946935954
11.8393773791
25.9289826142
-22.9201767316
-6.3374504895
-18.1608688394
-6.3813063949
-8.1908976054
72.5155481687
-7.2085978964
22.0486047941
-66.2836385883
14.5991664350
-13.5255724937
-18.5385717922
-11.2248492164
-27.4488732134
-9.9785899161
19.0847374885
24.9410987866
18.1261948899
148.3597006257
81.6251939679
125.0903569852
-191.7025597055
-66.6620542308
-76.0304988473
42.5991906143
-18.2894268949
-52.6689134886
-2.9596884069
-1.6782227151
1.3505337327
-2.4206662082
-1.6683672023
-3.2460070036
-48.3095620149
-16.0119235425
50.0536569333
-34.6212093210
7.4780277657
-20.0873790898
82.4494983394
15.3127086457
-28.5888765433
-25.1526525690
25.2622360053
12.5308084248
6.0600648224
1.7540476700
-27.1524014581
19.5077015667
-27.7412289194
13.7507693606
5.1882047259
-2.4338740896
2.0082999784
0.2583090657
-0.2734024319
-0.6194055209
-1.8716663553
9.0051863758
1.6961004327
0.1114736646
-5.3133760235
-5.7677944968
-8.9543269017
18.3696299696
2.2928706476
10.5524508960
-8.8253253422
-5.4246563962
3.3695430284
-14.1896082733
16.0916712548
34.8747738425
-38.4542306372
28.7186109516
-6.8923072041
14.8946456425
3.5074775176
-32.0578379910
4.7674166633
-20.4112093502
-11.1940328030
13.8600966555
-38.9238800341
12.0619298237
5.8855649696
18.2208094730
-10.6940235410
-7.1158355947
-32.1638615368
13.8294533747
4.9351014960
18.8965862504
18.4635615091
-71.7484000794
28.0452746321
-10.8705440645
59.7609967163
-18.9855657238
20.2234553683
-22.5892966549
-26.3174577338
-12.5364601363
16.9891668315
35.3660873429
-21.4772056172
13.9722474345
-8.6765688810
-66.8975358844
-2.4159679118
-32.9038112093
58.5360279800
30.1991601367
13.2831240325
11.4232721970
-21.9871711884
23.4561928269
-23.6850835840
-1.7264472536
-21.4193793356
17.6696134452
4.2472694734
27.9253056128
-37.3086431887
-37.8667431746
46.7270602713
3.1415582527
-3.0198365624
-34.4920370006
32.4277784379
42.4604082499
-18.1374022598
32.6927092318
22.2278266601
15.2765832285
-28.7038638505
-34.9611148229
-22.4657440283
-76.7194692760
-9.9808560556
38.9451456954
11.4975010119
9.3655345662
22.7869251230
68.9879007056
9.2539601053
-55.1464573068
1.3973388212
5.8724495837
-8.5702370168
9.3466061947
0.3844468226
9.0200069989
24.3697316274
-12.5494770975
-13.4832558080
-21.6308880561
-14.2027509335
-8.3627613368
-8.0160835051
27.8415355326
24.0010505421
-19.9221015114
-0.5431263894
-12.3238319833
17.3209386596
-4.5700550091
6.2782332180
32.7984493620
87.9981532380
-17.5664691179
-51.0389983208
-59.9349890298
19.6041625021
15.3750043568
-30.2961867176
1.4031043733
8.4222288204
2.9678754434
12.0737372284
-9.0237210485
-1.8949467581
-2.1645201140
-12.5435111385
-14.8931348829
-14.0599295994
9.3607212433
12.6886697624
12.5130184594
-5.2937740951
4.4317434230
0.4408619551
-5.9460629478
8.3473750681
-17.6638206188
12.7186560881
-12.5904608995
16.9050825039
-22.9007254048
-24.8762879098
29.4577151205
16.1117012713
20.8405105551
-2.4683938799
9.0944883976
4.9786597557
-35.0337510551
