0.0000000000
0.1344510120
3.2615566186
4.3493126722
5.8791075304
8.3079794959
114.0181654815
50.3709265991
54.8300789206
36.6886208032
15.0188244698
14.6094485468
2.6915611873
8.4243275997
29.7681514969
27.2238988730
17.5784801791
20.8593215521
30.8935660340
13.1568678305
56.2096704686
93.2117297653
6.5916626020
26.7053103009
60.8299466995
15.3981053033
25.6495511171
30.0844185510
6.6093699918
29.6697661233
15.5071496934
14.1696252613
7.1271483616
17.7255609389
21.6717650008
95.5635351302
26.2146390955
32.2985447362
19.3069985611
21.9057487664
21.4402737830
42.2882581057
32.7386866354
28.5557810348
29.5857027865
42.5303414897
24.0520727785
19.9126003107
27.9664692331
31.0262712334
25.1545499041
29.1047239293
44.0352100980
41.0999081282
36.1054832972
35.6597063547
33.0830169695
28.7918190086
24.7642276504
30.8782317221
32.2603074307
6.0030191065
12.3749632785
7.3098148813
2.9803563698
3.0932557779
0.6043947490
1.4877218180
5.6376183037
4.7763054217
7.6134619029
5.3938636780
6.0887630729
2.6198668711
1.0715765819
7.5409503486
6.6250365348
13.0330688753
14.0629449625
4.7000443353
5.5013291724
5.1301719311
7.4337890667
6.9651818798
9.7211579224
12.0996025370
2.6278119493
8.5629915086
4.4695990748
4.2516403007
15.2642072210
7.4695862641
9.9132198028
12.0786573886
7.4561768830
7.2692796821
12.8141415859
6.0488414873
13.2438718346
7.2665755815
