-4.9249417862
-2.7435692926
-5.2267778261
-0.8566345794
3.9743743659
7.0141598015
4.6589184680
0.4799136766
1.2047444958
0.5751914455
6.9475943933
4.5008301823
-2.4224659459
-2.7907190340
-3.0341575458
5.4676527659
-6.1423679782
-1.2139473655
6.9797394041
0.0581753675
-4.6144775869
-3.3686602515
-0.2566293319
1.3294201715
-6.4084377611
-0.5464378364
2.0356312172
-5.7460563029
1.0905049632
-3.4830552191
3.3437169367
-0.3910168674
2.3188787837
2.7615653360
-1.1529366736
2.5212297224
6.4637451759
-0.9179888112
0.3026451515
-5.2901814672
0.7555191782
-0.0220758278
-2.0148040834
1.5268960597
-0.1558219965
0.5521102654
2.1321088863
2.7904923258
-0.5653609415
-1.3995164517
-3.9155644944
0.7949033239
-0.6239046113
-2.3521539873
2.2186613440
1.6954458252
4.4397300940
-0.7551405932
-1.4186585397
-1.8342434161
0.0616543117
0.3605222193
-4.7504257243
-5.7824982387
10.8408348499
1.3875071572
-0.5430455330
-13.0028386833
4.8524670388
4.2830116924
-1.5093306952
-2.4814922522
4.6827232835
0.0218854584
-8.5105880602
-2.8340977555
-0.7371289609
3.0604586563
-2.6134104297
0.9255653980
4.5588802111
-3.9463440464
-7.0582994772
0.6739102747
1.4630792382
3.5910293830
-0.2801761298
4.1596555574
3.4067182912
-3.2501215479
0.6645491059
-3.4169294694
1.3295682410
-0.8914078424
1.5507330331
0.1557632544
-1.8649386979
2.7683992279
-0.7623422616
0.7096028671
1.7862319827
-5.6998958683
2.2095655629
0.2714131217
4.8321050547
-1.2216198265
-0.0755929624
2.2788952736
-3.6528133780
-0.2654077376
-4.9194387369
1.7926370983
-0.0080175714
2.6174880972
0.5620791373
3.4555293421
3.6938146054
1.7295434095
0.6884916066
6.1944237958
1.5699880233
-1.6268437394
-4.2055668228
-1.7826130794
-0.0438575530
-2.7737970195
1.1057375273
-5.0460210104
-3.4040644187
-3.3676724806
3.0959347079
-1.7261723033
0.7883110651
2.4042585941
2.2333806265
3.3655161464
4.8086672248
-1.5092286176
-1.7321977131
-2.8297941315
-0.2563085505
-1.9262531825
0.5674545510
4.0937419602
5.3365090931
8.9339644707
-2.4684766876
-6.6699571375
-5.2926845974
1.3288851230
-1.1415990337
-8.0250862317
1.7971195707
0.3539129187
8.7318943979
-0.5173743351
3.1208886097
-6.9028935207
-1.3894377194
0.5479829738
-2.6455887999
1.2110114326
-2.2865276323
2.9038194701
3.4442895526
1.8784341525
-0.8340232419
-1.0714064412
0.5924662102
-4.5618190796
-0.8451214741
-3.1388030165
-1.8389566900
-4.3430804162
1.3108015257
0.7842779551
1.9870078146
1.6671010727
-0.2422044934
3.8196527150
5.7118031314
-3.9797033979
-4.5502753130
-2.5260853375
0.7896118460
3.4025436909
-5.1149604028
6.1811896749
-0.6535815485
-3.4347101065
0.9959767452
8.5042785375
0.5033814045
-1.2504491894
-6.0596434308
7.2382683302
-2.3741148122
-5.6779188641
2.4937525839
-6.7769882911
-0.6977710558
-1.5030690969
1.5364952987
-1.3340323987
-4.8782797569
5.7146236532
2.9270466304
-4.5571809024
-2.0107775596
-2.9179041424
4.5200679324
1.4103298585
1.7079297427
1.5235399060
3.5527122512
2.3579863988
-4.3682058263
0.3523929888
-0.8342747079
4.6003684335
2.3724695621
0.5044870679
1.3544873283
0.1699036964
-1.2596258047
-7.9398038221
5.5278675852
-1.7930417487
2.2845814213
-2.4748043982
1.7658830325
3.9159125403
-6.3796319153
1.6510346369
0.2683553507
-2.9569145827
-3.3285620912
-1.0878069414
1.5053666446
0.0183630658
-2.7521201899
1.9470795875
3.9595713229
0.7015133100
3.2355354746
-2.9887677001
1.0189073745
-4.8519827189
1.5693975395
-0.9957133061
-1.5401383072
-0.2937006961
-3.7148566036
-7.6448278524
-4.9618340160
5.2564157887
5.1961285755
2.0342652625
2.4407194902
2.0373870773
2.0905404686
4.6626591171
3.4098570554
-7.9675924487
-1.1793109692
-0.2188628975
3.6115867015
-4.4661024939
0.3131744293
6.2222701153
-3.4356428826
5.9339732550
-8.5480228540
-0.0299705787
-3.7615945481
5.9669662045
3.8124268307
-2.8992207126
4.0083654474
-10.4408876354
-9.7577776942
2.7012619757
3.4544794783
4.8515036706
-2.6237682708
0.5566156023
3.1903559019
0.3000463915
0.9371909973
5.0416650966
-1.6017042786
-1.6960907595
-2.4960592613
-2.1684980733
-0.6897143622
-3.4143740402
1.6026702065
11.5276055885
-6.7176271387
-5.8185890799
-3.7029097132
3.0049093779
2.5274764697
-0.8060101647
3.0410299603
8.6819628188
-21.8530500692
4.0823548300
-2.8390244893
23.9224442206
1.4196296701
4.9646503315
4.0965463741
3.9875340036
-3.3024493392
6.2177737005
2.8001591875
3.9036737103
-3.9730171558
0.4837797383
-3.7741953042
-7.8977894664
-8.7902412967
-3.9808218668
100.6874535711
-257.2394597499
-54.4052505050
-3.7087549786
-25.6985468900
3.6910929235
-12.6756708414
-99.5367194611
2.9126269690
9.0333472338
9.5076011948
12.6470531927
-4.5358953964
-0.5688712665
0.8256766864
-4.9561478268
-5.9392073791
-5.2093815230
5.8597565070
-1.3272947616
6.9880287786
-0.4403891198
0.4909655318
-1.1371707582
2.2809526596
-0.5605329621
-7.7016810479
-7.6050353274
3.8419110532
1.2847148344
4.8844335679
0.7722472996
1.2711441286
3.3268089777
-1.1227007856
-0.8629435095
-57.4367144727
364.3977981648
38.6127859500
-23.3523485935
-4.2418119990
0.0723737537
-10.0052256535
18.3301295530
4.9002401736
-4.4659226539
-0.1569605580
5.6651268877
1.3959517730
0.0131985431
-6.6419046914
1.7134005740
-0.9617455250
-2.9125322432
1.1457865110
0.3065524685
-4.9643713058
0.0374700188
-1.9942992900
4.6498882319
-3.8622232150
-2.7203813745
1.9141427836
9.5384569872
-6.4102501657
2.4410651402
-1.4865499087
9.3064112785
-5.1645887265
-25.0364258753
2.4707662241
38.3006311796
-31.8158337690
7.5583276198
-6.3772903404
-6.5787518568
-0.5685488316
-5.2642540090
4.0983064935
29.8975109153
-18.5531669469
0.3070973731
-6.0018647716
5.3673432663
1.0933169526
1.8152772270
-0.4586820954
0.5783391595
1.3605350123
-7.0639322466
22.2077086345
-8.7289095674
24.0301495308
21.9015960898
-2.6115298789
-41.9667040152
6.8691630603
-5.7329386355
4.7228841845
17.7037575346
9.5509512797
-11.7424275862
3.6998717212
-0.4011312560
11.6515637930
-20.4010859112
-27.0964782588
8.4777491644
-0.8097580179
-5.8423223062
5.7812286610
-5.0289965171
-4.8576899116
1.5351851621
11.0944485032
7.8120372212
-10.2191804062
5.8027352784
-6.5347408313
5.8503052844
-2.8268859865
-1.9881338150
-0.4480229914
-4.8700572303
7.6792112214
2.4185800314
-14.7556937054
-19.7358313832
-23.8494819848
-8.6630381295
8.6658751373
-1.5863988385
5.7024446261
-1.2400900224
-3.4919241051
14.0685703848
29.0917025027
35.2173989386
1.9678220614
-13.0617824259
-7.8687755337
7.5903846477
4.4619290144
-8.2400645268
-16.0109287841
-7.1431839817
6.5171189199
-2.1213263114
-14.9236391507
8.9674290314
3.3124833249
6.4924255862
-17.6110108730
16.2827819748
-1.1139479471
-6.1347814247
-13.3589059645
5.6672317207
14.6431397351
2.6239198431
6.5709493689
-1.4807450822
55.6234166870
15.5486535624
-21.9602012875
6.9196004217
1.3772610998
-1.6604361893
7.2657081729
-7.5955251921
-19.4754436202
1.8231425457
31.9475555813
20.5103529440
0.4311062808
1.1402658665
-2.4397633515
-11.4492311690
11.5480975903
-6.0637515521
3.6676695364
2.5189761603
-3.5831095722
-0.0120782594
-1.6045717332
5.1458178233
-0.7687941509
0.0330626753
2.8438641050
-6.2315195027
-23.7854723609
-8.3857730088
-1.3244768848
4.5856202746
7.1538063319
-5.1755976590
-0.4432698988
3.5145437976
-28.8151537002
-38.1724809919
14.6264968616
-17.5010761497
-3.2728826268
10.7572056764
-4.8427961392
-1.5160182079
-4.5698182763
-2.0373292322
-4.5201419614
-3.4478744624
1.0358935457
2.4331757025
0.9753969934
1.3915156546
9.7776944598
6.0586867870
-8.9591121572
-5.4373792293
-0.9653264868
0.5691957814
-4.7385792441
3.1807436268
16.4918637731
3.0853624614
0.6867662072
-11.5048424480
0.4478573082
-1.6617194650
1.2345751293
-1.2015161021
1.0418640599
2.3760583967
-0.8305295804
-7.7977302013
17.4773301386
-0.4988258441
-27.2055260273
1.0417276868
0.0719665459
8.5099595426
-25.1740041305
-2.8445875167
22.1884115474
-1.4233072026
-5.2323073350
-3.6845369896
-0.2274033437
2.7036158627
0.7281792822
3.5670628347
4.6630201623
2.0365326010
-2.6274221661
1.2886868915
-2.9798538920
3.2669212515
-1.5953893136
6.3728392419
7.1611571951
4.7164010390
5.0908911958
-1.1124537643
-10.0330376773
7.0758980144
-1.8798287022
2.2185485964
-2.8740414677
-0.2775182702
13.2166929750
-9.7433507849
7.4409554686
-9.6270756124
2.9570903341
1.2670157786
-4.0068929968
4.4845495808
-9.1921827827
11.1530262819
1.7127975246
1.5266294544
-1.7254690465
-6.1564166323
-1.7810509280
1.3046948228
-1.2459542344
2.4711306684
-0.2471209768
-0.6939389370
6.1250509227
-2.9072578185
-4.4960778854
-5.2897875930
1.2406504006
-0.0409259255
-1.3421553291
0.2126153707
6.7583857300
1.7897753628
10.9461577357
2.4076496523
15.2068268913
3.3983666993
-6.6283192360
-8.8400431417
-11.8744829071
5.7782815898
2.7944941979
8.3728475394
2.4227949184
-17.0229760422
-8.2469310678
1.7501798026
3.7388639022
-0.4268577761
-5.0931130543
3.8498906554
-6.2719459298
3.2730499426
-3.0479957585
0.4465371818
-3.7847785437
0.3055582660
8.2591380950
-3.4052546267
0.5453537462
3.2976638651
-6.8914724569
1.8804845188
11.0307855463
7.3390858445
4.7111463472
0.6869453554
2.4046463296
4.3084722806
1.2813606155
7.6450931132
-2.7635682322
-3.0355246465
-3.4037625285
4.0007976075
-3.5966759472
-0.4785813189
6.6086667489
-0.2198579278
-6.6202758968
-3.5575303099
-0.3018068545
1.2119424284
-6.0285613705
0.4207607356
3.6844751066
-15.4184815504
-4.5324369922
-4.2432941419
3.0846354177
-1.7107285806
0.6505239551
3.7119625094
-4.8597167377
1.3859754894
6.3681239340
-4.4139499650
0.6861340577
-4.8875615467
1.2512225849
-0.5431478319
-3.8937394385
2.6477968981
0.4193419123
2.8674927010
4.7006257333
2.7745724858
-1.8192193054
-1.8211696467
-4.0001768959
0.2815259444
-0.8252940335
-2.0210796518
0.1483817898
-3.4918601006
-2.5707981486
-1.2934306146
1.2315564828
1.1089971127
-1.3913877308
3.3553233404
-0.7057189520
2.9590598847
-5.0832233331
4.0640261544
0.5116226863
0.5133465660
-2.5805696822
0.8910312360
3.3619749894
0.0073467585
8.0490040069
6.1081801488
-0.2672357703
-0.2838816670
-4.4086111645
-0.0119762926
-4.9020660940
1.4570225975
2.1979114700
-8.0888520801
0.5561655480
1.4324198686
1.0817650963
-2.3791029978
-7.9399667264
4.6208630434
-0.5620603660
-1.5477847467
1.7637015370
-0.2371728848
-1.5864044283
-12.0099565921
0.7628754883
4.5653785236
2.4531888681
-0.9978071808
2.4256802173
12.4263120989
-3.9927041185
-3.7742806905
0.1235334292
3.2942457177
1.9000510777
-7.0588889048
0.5118512647
3.2829242570
6.0497831026
0.8329513830
-8.0137488016
-2.4633644086
-1.4128166965
1.3968740335
-0.4288969927
-0.0317016234
3.8605269549
-8.2077140027
1.9988215326
8.6101465377
-2.6080629054
2.8537911266
5.2446021929
11.5848281403
4.5819045700
25.1748277426
6.2252897856
0.7215844798
-1.4181351944
-4.1674889441
2.6513281921
1.6808117745
-3.4279646126
-1.3767322500
-0.0727470463
4.9028415649
-16.4243466515
5.7156495985
-13.0216048105
21.4459675960
-5.1377879838
3.8484403406
3.1106969268
-3.2301999488
-0.8673048148
-3.2442316372
-2.1468286323
-2.4283404521
0.9406316495
0.9857087203
1.0275497991
2.8234276008
1.0492204116
-11.7174555265
-2.4013869863
-3.6634751018
5.8948427846
-10.0215021363
-1.1197853766
9.8046219502
-7.0483870806
-28.9156598810
-9.6215897341
0.0745241313
-11.0792584466
17.1015991098
-5.6320636104
28.9568333822
1.3509584096
3.7299817033
1.8169925052
0.2753653006
6.2068010998
7.5500501008
1.9727701286
-11.5940088257
-13.3743970535
-9.5551147509
-6.7873800381
-8.5599225855
-1.7661596184
-9.0992973520
3.6441658248
0.6418560463
5.4269023381
0.7512348259
0.3896111241
3.0352115765
-2.0779139262
-4.3907127964
-2.2869742736
0.1231772383
3.3076460268
0.2945707083
0.2859207683
1.3926544490
1.4698465681
-4.1894377845
12.3910328322
-23.0023457060
-4.0464712178
5.2065960026
7.8271033804
-8.4315061176
-19.2994439233
31.5566311083
9.0952182732
1.5215331056
0.4879469015
5.1716149756
-1.3606445523
-0.5526849550
-3.7893786272
0.4420428425
-1.1547647548
-1.8469221330
-12.6536401246
-22.3133479895
17.3650429374
0.5808485599
3.3701346391
-0.3681131037
-1.1182937973
-3.8782468367
7.2475445508
2.1415606300
-2.8169971094
2.4878614648
-0.8091044728
0.2787252109
1.3111674943
-1.5294034216
0.6309356409
-3.6348462157
2.1943431408
-9.8292535324
-7.9571920055
-1.6812963965
5.8199354792
11.7307598207
-3.0552558992
2.2389845149
1.0561905821
0.6016674334
-3.2851639413
-2.7250857424
-1.0659919906
3.0693202460
2.1251860614
1.7678452291
1.7305054010
2.6177229136
-4.2645784649
-2.8271910107
2.9079654199
4.1615290632
0.9820900453
-1.2166396752
-0.2413345365
2.6254730587
-2.4101419233
3.0438796467
12.1367918029
-28.9108676501
12.9712749135
15.4442485832
9.7468963049
-1.0440495103
-3.3769442044
-11.3734512363
19.3574063566
13.7546130868
-1.1832076713
6.9658307137
3.6194757056
-0.9070679168
4.8509825760
-2.6934217192
-3.2861022819
-10.4337077246
5.0029131443
-8.0669272274
0.9646774684
-0.6263385183
7.1038719970
10.4433361468
-2.4575992440
12.7463507725
-3.5781221384
3.5664195054
-6.7458676598
-1.0471242839
-4.5547371900
6.4142118594
2.5806435128
-1.3902088756
1.2927369948
10.8463129361
16.6669046101
6.3292985431
-18.2978247072
-10.0702469574
-4.4893193692
2.4237926146
-3.5977408511
-7.5391576770
-11.0458743441
-24.0471246122
5.3418780152
-1.2446074430
1.0071202822
-2.8567187093
-14.2594716278
7.6852981522
-1.8064824091
5.3272132225
2.5002767495
6.3981531188
-2.0289284914
-1.5110393042
-2.4113764559
-1.8245347848
-2.8545639663
-6.3342739185
6.7934151910
5.9201182035
4.6065323173
-2.7234428582
5.4823226135
4.7466700143
-12.8918557451
-2.6671568783
10.5376329291
14.0155462341
1.1442567157
-0.4385925187
5.2585082867
13.0658968865
2.5540019294
-14.1117223704
2.5997584978
0.4911186723
-7.1429495781
-14.6303907966
-27.0702561767
12.1183026627
-1.1740106106
14.2490425365
-5.5697642883
-3.9772157160
-10.7078081473
3.2214141545
9.6393604344
-1.6080641932
2.4377050062
-11.8298872966
5.7562117324
-4.1402247513
-3.7455925365
-5.8735829150
-2.2956876417
3.8071435254
-4.3249445960
1.4908519945
-2.5897435486
2.6497016555
2.9361401331
0.4216529805
1.1223388734
5.1715862837
-0.2060263657
-3.5908747920
-2.0618639163
-2.1009029448
4.8476601552
-2.5059588016
0.8404168318
2.0532125281
5.1972589574
-2.1565899869
4.6658325552
-2.5394252948
3.7572831250
-0.9800609108
-3.7179657235
4.4369702998
3.9472843540
-3.7976509968
-7.2088017513
6.6579806305
-0.4637498653
3.6767919224
-1.7348944713
4.8383771778
1.5151027203
-3.6897028014
-1.8291561278
5.3379610913
8.4668305715
-2.8997730727
-4.6059913814
-7.4285923907
1.1528559525
-2.9721902424
-1.3398028027
4.6938482936
5.5338653616
-14.2009851781
0.7509416525
-4.3562745571
-6.3474841026
0.3543788709
-0.8153475304
0.0263091264
26.8720496843
4.2696375940
13.8886132259
0.0571385768
-2.4872941615
5.1116012743
0.4532084761
-3.4634156920
-6.6947573408
-25.7515684556
-1.1585237855
-14.9327775155
-3.1729797861
-0.5300196603
13.2246729415
-0.1977883263
1.2268366344
1.3599328369
0.0948937462
30.3930549436
-7.5531033819
-8.4631884900
-14.5651620907
-10.3259343927
6.6665528680
5.1359986559
10.9298485276
11.2634571206
-14.2160758207
-10.8126995956
1.4523872360
-1.4188550548
4.2043767855
-15.2046149327
-0.3118008624
1.9294390825
-53.6881496437
89.1264466839
-28.5687158322
-3.9631495082
11.1610679100
-2.7478831301
-9.2621431325
-8.1186382806
8.2548350383
-0.3750935661
5.5601368324
8.0206788375
-0.5751329040
-4.8776503054
-10.6778827649
1.8606156454
-1.9722104398
-0.7663961076
70.8802705012
-95.0969776340
36.3487707255
7.9272459240
2.3279990805
11.7782952912
-8.0731648888
-1.0917045959
-14.5592806571
-8.2411978190
3.2148773793
4.3254477448
6.4320728002
-4.0127249171
3.5956680537
1.2683390436
-1.2377814794
-3.3754642246
5.0126996418
0.0757558183
-7.4964458112
-8.9403901033
-2.1721785737
6.2437649050
-1.6649624998
-2.4569145348
1.5121605057
2.1454408647
-0.3551309077
40.9716519334
-5.2409262009
-18.3410518955
-3.3596796763
0.7362738066
1.5878275893
11.8778931493
6.5573041660
15.0874564306
-49.0952468043
-0.0119569817
-0.8608431502
-3.2903095105
-3.2450251138
2.1945088378
1.5165734990
2.8250466680
6.2625311083
6.9723249099
-5.5768334600
-5.4493444666
-6.4896382324
0.2011910254
4.2202207563
8.8545330040
-11.0881786516
-14.2475622523
-1.6136331956
4.4210156961
-5.9741793686
-2.2854160125
-7.4928621767
-155.3694827969
58.1785405559
-2.9245301596
4.5238040732
-7.6503289991
8.1623205204
0.3961809727
3.6899099427
16.1243729561
170.8784023643
-58.5366541678
4.6510509793
7.4384812010
-5.4347699444
0.8615606722
-1.8539390011
2.4338244902
-2.1559616608
-3.4295815814
4.6568039218
-18.0557179444
-5.3432362446
2.2072153495
13.7700485699
8.2852694661
2.5633659001
2.6852072938
-0.8546825732
-8.4548792650
2.4232439627
-0.1129343978
8.1414478351
-1.5396500393
0.6934486190
-3.4502293894
-1.4394766891
-3.4713650272
-4.7371081864
-5.2940849353
-5.9468583754
0.2260558006
1.7686363604
2.9433284518
-1.8002780402
0.3534003381
4.5062589443
0.7521251106
5.1381177242
3.9379510654
-2.9469963587
-3.1377946110
-5.1619934048
0.1673676218
1.1304668771
-3.9533091435
4.0322865180
4.7438623165
-1.5062001036
1.8511191227
-3.5200993741
2.2796793576
1.2193894449
-2.3828098425
1.5496827382
-1.4267399334
4.6395377771
1.6076560514
-1.1165426139
-1.8897534777
-2.0538951388
2.1212859785
-9.3461688299
0.8629624491
-0.0839595966
6.8045379020
-5.3735879934
5.3978360742
-1.5288141738
-1.6513909131
2.1998338549
3.6040870977
-2.9779460699
-1.8684441087
4.2884717660
3.7218849258
2.3919523259
-1.8811988216
-1.3578663881
-1.6882027562
-2.5246630828
-1.7593872705
-2.8167860270
-1.4055700946
-12.5460599616
-8.1236346111
1.4690498631
3.8916286327
-2.1458296932
6.9820404409
9.2863672441
7.4951043907
-10.6278063887
9.2562127114
27.2309368692
1.9323457861
-10.5790725606
13.4821936651
-9.9107185174
-4.6795339682
-10.6142608327
5.8712571527
19.8529663221
-16.4907725526
4.4694413891
-8.8157999129
-9.2862070401
-0.9460757813
3.3148618405
-6.0845033309
6.7560780494
0.8929755815
4.0879494942
-4.2522394368
-1.0393189041
-0.8090656388
-3.1313002442
5.2454949566
-3.4893599290
-3.0369401122
7.1843056567
3.4861217761
2.9850673861
-4.0949303163
-3.5243091325
-0.3033746651
-2.1938675816
0.7513605843
2.2986046672
-8.5662961658
1.1775521296
-0.4832929140
-1.3635070903
2.6827975750
-4.0031841897
-1.3152298288
0.9102977726
2.5857282229
-10.6320898831
-4.6936030286
2.1719317843
1.2120618313
2.4868105887
4.7277612275
19.1994098612
-4.0169597077
-26.5319541708
-3.2633717858
-32.9082905101
-6.6338532049
0.9647816491
-0.2628080644
-101.1680036266
50.3571650027
-3.7581627650
53.7175166241
5.4425837205
23.7333583662
82.4191120257
-56.3254867201
26.1525722168
-8.1176574255
-1.7046799834
-12.0062617274
0.5596050356
5.6761777443
-9.8672439770
-9.2237118209
-8.5339270895
6.0824297610
5.6187404550
-0.0463532162
2.7849584976
-3.2512649521
-3.5959868566
4.9294580307
0.9329106045
0.3933045038
-2.4251793099
4.9005664412
-0.0757793054
-1.3488608360
0.6595517560
5.4956812776
-2.4796666432
1.5060264484
2.6315961645
-2.4695030918
-1.0144429470
-6.4796084184
2.9905691532
17.3376884579
0.4572688713
-4.5103303739
-10.5343883723
2.0055984834
3.6432699894
-1.3925841328
3.0346934913
0.4312186572
0.6200013161
-1.2400194617
1.5101700322
0.1090964562
2.7070659328
-2.2046978203
-2.0657527134
2.1935143885
1.6271835435
-5.4249316598
6.9482960635
10.7494675827
-0.7485747940
-7.9313388692
-10.3244342326
1.4114644190
-3.6401836971
0.8811910350
14.0641882811
-3.4665936730
-1.9078781574
-6.1770481573
4.9498204991
9.0445246468
-7.0412629302
2.0553430183
-0.0775584751
-6.2753215305
-4.5616617144
-11.2240441607
-1.4720634708
4.6846566729
30.6075089456
1.9605560218
0.9495021036
4.1763698055
-8.2907603878
10.5488461505
14.3758762622
28.8259371791
-5.1196868973
-31.7399123737
-3.1122812372
-5.9914167384
-6.1294623525
5.3268540591
0.4190026640
-4.1166862298
-1.9092841867
1.1289256277
2.7227751285
-5.4605944972
0.2562090350
3.9430816614
-3.6310953161
9.4496066566
2.0475852125
0.6610060210
-7.1510301763
-7.8052737770
-6.4019556556
-1.8806183968
0.9879253025
4.0558790150
-6.7048945801
-4.3773524559
-0.9549569586
1.8840741491
0.2325285873
-4.1677962490
-1.4500844004
-0.7600075679
-4.4525292976
-1.2180585238
-0.3099951869
7.9416763685
1.5758805306
-4.6294013611
-7.2110281941
-3.4374518604
-2.2398951575
2.1287430840
-19.1484911661
-3.8027224310
6.0947470384
22.9304032975
3.6043887250
0.9823134305
1.5047110978
-4.3419338619
0.5928593764
-3.2788640394
4.9491937803
-0.7213564202
0.4823441015
-1.4013994238
2.2082339685
2.4450138624
0.5283846882
-11.4932219797
7.1370959971
-2.2399409396
1.4946987729
0.1251719065
6.3065494072
2.0553136254
-1.9514218656
0.2483133340
1.7262529783
17.2461332011
3.0965620609
3.8145650416
-3.0590334291
-1.2701973525
-4.1597556770
-19.9185675296
3.7428993758
4.1844931303
-24.6009811814
-10.7205752921
-8.9902104267
11.7482418122
3.6293681549
3.8042051758
11.4178737866
4.8504014802
-2.5632666175
1.8776603235
0.1256435777
2.1502159408
3.4090581412
5.1521536743
1.6644576468
2.2971011195
1.0803344775
-2.6962718484
-10.5746648275
-7.6392142071
-1.2662040404
7.8853104147
-0.4082141834
0.3049810098
3.4732713458
1.5860328399
-3.6850585569
3.1363452210
-0.1101434374
7.0594587402
-1.2006457601
-2.5364924774
0.5430442439
-3.3297000463
1.4119751271
3.6309599599
-2.0815286071
-0.6479981471
-4.7870751750
-1.3624150304
-0.9435025747
-1.9510621487
0.9546665433
0.9577597791
-3.8436236033
-1.0959327474
-5.4301703613
0.8201865696
-4.9767331385
4.2898017647
1.4297035044
-0.4649428727
2.8370255849
-6.2887171422
-0.5956168668
6.1259410806
0.3504857201
-0.3178839766
-2.2297256127
9.1277857947
2.9666507668
-3.6212069071
12.7984632521
2.5923242476
9.7407829191
-2.9930097040
2.4703428394
1.4931441876
-4.5373905708
9.4051824206
9.8803360173
4.0078075459
10.3170635119
1.2968846626
0.1546243746
-1.7465159312
-3.4097052870
-13.0829009804
-10.0804237778
-0.5392454752
7.7000376564
-13.6452788994
10.2787421185
-12.0986399344
10.1732132628
-0.8540458485
-0.2482138370
1.3887100276
-1.4270148590
-4.2423562994
-0.5761008266
-0.9026346349
0.0910520987
-6.5126954641
1.9453176809
3.6804177670
0.3721030904
5.8224081995
14.6895154077
17.4789989336
-17.1675637954
2.3858503550
3.4798541153
-2.4806060653
2.3262245713
1.6646340392
0.2206497279
-17.3813169551
-38.8142759024
-0.1532629214
-10.9721726718
-3.9676857970
-14.9204226748
17.7220079219
16.0005501078
1.1762360503
3.7758190504
-2.1036242555
-13.2427976650
-13.1366425840
-1.6506566883
-8.9370532051
-1.5146812726
-4.2469038948
-3.3162275600
11.5563994152
-1.3228314248
8.2093491685
2.4521457496
-1.1375206282
2.2780832886
0.0714865383
9.5904054810
15.3778445827
-4.8869830014
3.6971731344
0.0018582697
2.5902460241
-4.9515430759
-1.5713527396
4.3737517058
-2.5576195897
0.0350077980
-8.2774886482
2.7016451705
9.4206728570
2.1673646197
0.7110809398
-3.8919154483
7.9169824559
-0.1407947197
-4.5775456952
-0.4346234871
0.5544427314
-4.0403810678
-2.8824881105
-0.2634162979
2.3350705813
0.3723674173
0.4248131265
2.3121616750
-3.6164304588
-1.9485054166
-0.7712490177
3.0688924706
1.7416360356
-0.7098010057
-3.5961178866
0.9022193721
1.0882751858
3.5185861571
6.4119513676
-0.9846378946
-0.6418821808
-4.3752900588
3.7735788565
-3.3690854003
-0.9188197519
-1.2937133461
-1.1270029822
0.6763320450
-11.7028776997
-3.8123542545
1.3910870858
8.3126615989
1.5908701911
1.1294390754
0.7457204632
11.6109348320
0.1074519647
-3.4471146058
-3.1564058037
0.6822241787
0.9383728619
-7.3286310776
-0.4177990994
-1.7751770882
11.3119567019
10.1001370571
-5.7898242957
-1.8901247872
-3.3604717415
-3.7793956099
-14.6188421618
-6.0137381242
8.4943864756
-4.9117394519
2.8975857659
-3.3109340758
-2.1117790809
-9.8281413222
-0.3148335666
12.2877829605
-0.6851960791
9.9786375659
-1.4629506826
0.3741666059
3.8507473916
3.3146625282
2.1846631945
-0.7011823150
0.7960044950
-0.3555821611
-2.9944147186
-2.9249217393
9.0950777560
-2.6351901117
-1.5419263944
-4.2796132065
6.1022360735
2.8735780314
-3.6327932527
0.8945786608
3.7291600098
5.7881088700
0.8791749920
-2.6341587333
-1.2280912850
0.0716783006
-1.8704869596
-3.8196328368
1.7364082025
-4.1863435939
-1.2115842289
-3.6428197921
6.0944155061
-4.2471136559
0.7918466321
-4.6959954612
4.3921085176
1.3518003502
12.4340705781
-0.9192601922
-3.0756923228
-1.6713188769
1.2855916656
-3.2479619322
-6.1997383850
3.6874324213
8.9139278963
-5.7587440503
3.5918928460
1.0627498897
3.9629373189
-0.0861447588
-3.5747195038
-0.1913893863
-3.5792475923
-0.3045086444
-2.8160536724
-8.1897851070
9.1039280115
6.8647045570
3.9376995440
-11.1306787547
-1.4677887486
-0.5846455068
-3.2967579453
8.0816261197
-1.5375088351
3.2364008494
-3.6493752855
7.5645357199
0.0153846531
-2.2560841371
2.1992057917
1.2936381664
-1.9884288147
-6.9911450288
1.6965304458
-3.7189336208
6.6351909242
-4.0717006125
4.4339029749
-1.6516415006
2.1568866424
-0.7874282427
-2.8840302754
-4.1431966979
-1.5632644646
-1.9321367515
4.9159426795
1.8521036121
1.0278692545
2.1034614342
1.8438005027
11.1525571035
-0.8377869193
-0.8507534479
0.2337279803
-0.0498422587
-0.2811011322
-9.5997511808
2.8559437780
-2.1014984327
5.6726866518
2.1664845923
5.9739612412
-5.5854485924
-2.4366476962
-1.7876112641
-4.1382156910
1.2595537797
-0.0182858383
2.7176264438
6.6474264035
-6.1733253132
-1.8612826417
-16.2605184156
2.9906955434
-1.0222393769
-0.5479608219
4.5381117088
0.6460159708
3.8037957104
3.1154137151
-0.7814556623
-0.9140650105
-5.9420216122
-4.2550913094
-7.3568601607
33.7500610883
-8.9578277401
-38.6303572757
-3.2019153382
17.7960457109
-8.3595873324
0.8669828158
2.5294556181
-1.9241993317
-3.1098900452
0.2336679329
1.5036673820
3.3782350324
-3.9008501884
5.8287314663
-1.2699464330
4.0398449077
-0.5973471827
-36.6179051467
-2.9270230694
44.8947188150
4.1948328942
-3.2266879818
0.8060392947
-2.6999008084
0.8981389419
0.0500286755
-1.9511645422
1.7026406815
-0.1744907760
1.4047140063
-1.0320948186
1.1237509745
1.0413812873
0.4081365546
-0.7875336571
9.5106823307
-0.6720542972
-0.8371384659
-5.4641239948
-1.3964278926
3.6420970584
-1.5435469583
-1.1044333588
-2.0712501842
21.0368771049
19.0261330339
-21.2638193599
5.3671300046
8.9480808352
-23.6699235727
-9.6945924688
7.3089270732
-21.8251899087
-130.0433515646
80.5489468138
133.9480631425
-2.9299755944
12.8998209183
-0.8339416029
-27.9236188472
-12.5355739800
-5.4761785364
-14.6088917545
-7.9762283840
36.5027631119
11.3700134090
-2.7972850107
8.2077409144
5.9107198772
-9.1973877675
7.1234417936
-2.5163737153
-2.1075735288
-5.9765446337
2.6559821934
1.9365462949
3.9441505824
13.4959377608
15.2626881535
23.9531940337
103.8168564234
-87.0430146661
-95.5427333907
10.5038116840
-14.7722476481
-33.3980504895
11.5201171991
-8.2380432906
-6.9670989700
5.2629406946
-1.6676399931
0.9139793175
-3.0833524602
0.6027218101
-0.1829070158
-0.1402299484
-0.1988706616
0.5430545889
0.2969238365
6.2952901639
3.5013624691
-1.5330421385
-29.1409589266
29.2011746568
-2.4911038101
11.2326428394
-4.8407773635
2.4323300722
-0.7031595102
5.0887341260
-1.3229807142
1.4122308548
-2.2957240381
1.0129571674
1.2143207296
-5.3772967268
-1.9285552455
-0.0054031140
5.1916374900
2.6550020394
-0.0962382776
3.2805877692
7.9524452777
-3.1581625308
-4.0477456866
-0.6928658812
1.7420474150
2.9534212672
-1.7682698984
-4.1757749910
-0.2142200044
2.7766811008
-1.4688863523
-2.6557882565
0.7243695851
2.9037481784
1.4651953041
-2.2475625775
9.0389312602
-28.5816296997
-5.6415037432
5.3745534740
-3.4842845953
0.4655760324
-2.2469053242
1.8356559992
0.1220375698
0.8245643148
-0.8782694250
-0.8124386706
0.9571598013
-0.1420332832
-4.8261392656
-0.8919842984
-0.4352078252
0.9846166835
0.7087886130
1.3018606723
2.6653667525
9.3335845229
5.9675562755
18.4619003067
13.8695400704
3.0371796790
5.0579356967
-11.6671479982
-2.1790969871
0.0673084813
3.9193321082
-0.9214853460
-21.1216973996
3.7815035331
2.4667890429
1.8881447785
-16.3191203340
-0.3123707554
-2.2634207443
0.9933141097
-14.8152019472
-11.7946689420
11.9994373964
16.3824746025
-3.7742604987
-2.8480157185
-4.4214108593
11.8583856439
-7.2610559564
-7.8693271697
4.2472260415
1.1208906618
-0.8158661206
0.9902480416
-2.4825296148
4.5382361043
-4.7840004545
-2.1896875483
4.0143889962
-12.3441731118
1.7088416744
-15.1907982655
9.0590716024
-1.0964621876
10.7803803670
5.6281563903
-2.6792290382
-1.5281004637
51.9591432775
62.2321187439
25.8853017865
-4.6387591469
-5.3739244514
-24.1943836831
-50.6202322239
-55.4383272394
-1.4143404083
58.8207239628
-34.1127419709
14.4437584876
-49.6195008365
27.6550677586
28.0362444251
-7.8825194358
5.8912123003
-41.0992094720
-52.4715137182
105.5146180649
33.1080404450
-8.5496444671
-42.7046420992
-54.1653798682
62.6837368632
-65.3984184266
22.1228538344
-13.0470975866
-9.9548228229
-10.3069874431
7.1036802786
0.4520256568
13.1593181798
8.3472294961
9.8751805943
-3.7686256192
58.2746768066
34.7744672619
26.9556051217
5.1632456686
-3.3726780930
-55.9489833059
-64.0149022962
-29.0856677534
29.3304948675
-2.0299115372
-44.8457673853
-0.4085952912
-28.1724638721
16.2053891643
-19.2019015049
28.6941087717
27.6869106901
17.4667894482
-30.9156312609
-26.8983260924
54.0127846718
9.5140141141
4.6697804034
-47.8623753215
19.8127866198
23.1255254232
-7.8979998754
-15.4277756107
16.0467317674
24.3640462745
26.8023121202
-18.3730566520
-32.0825927556
-10.1607130045
4.3403589049
9.2082768590
-4.3502308211
-82.4399047854
-78.5191265918
-2.5010753040
99.5137023248
90.0343089120
8.4147497494
-18.1348770729
-8.8091320870
-6.0194500789
-70.5904880851
74.0740418732
-46.8869651974
-15.1431676125
-71.1301893843
54.1247690812
85.7487500991
-4.0095814255
70.2441486584
29.4724846540
-45.8229493020
-2.5704754024
4.9321968305
28.9719688154
-68.4420955948
-32.9116810794
16.7963804611
-40.5315997236
-5.4661387395
-27.2419489265
1.3118932973
-12.4983098112
2.0735094261
37.5813383602
14.6064195162
23.8405783764
12.8279921337
59.4309180937
47.7026518400
-21.0120524413
-76.0555203656
-29.9791468435
6.9824355995
15.0407721156
-15.4261255501
44.0302388619
-16.1265591882
64.0866904964
-30.8373453016
38.7686061823
-72.0351296497
-13.2380750793
-19.5190225441
6.3203480873
11.6883817333
-27.2299357486
-42.2475441274
-14.3471460042
30.0592378625
25.7064446226
0.1293544557
-3.1669867855
15.5453820086
-41.6944543468
-66.7310813263
-13.9800365440
36.5212697919
48.4926728147
-13.5463482936
7.2468583589
16.7311182160
26.4155281708
-72.6855188228
-75.6962053153
2.6698909507
18.3816241575
24.5192401547
-28.0984926174
56.0889731433
48.2740014720
27.0940186600
-64.4313666765
36.9396055956
66.9837592241
48.7480165049
-46.3292164782
-75.6680799724
15.6008139319
12.5983552469
8.4561895423
-40.4212799237
18.2819918885
-35.0955618341
-1.6803474803
9.7573221538
7.2724654069
46.3170270900
-26.8456901245
28.6268738512
95.8893493225
-77.3311322817
120.5966304997
-34.2841952531
-43.6630564843
1.1735662523
-64.0657119218
121.0025160243
-123.3692369816
-26.8255603416
80.7348822353
53.6256438628
30.8512772878
-14.7835353781
-58.7143145516
-2.1783303368
-65.5203194457
6.7065663614
-141.0792709308
41.4476445467
-66.4411287233
39.1312968726
48.8127815415
13.4859266766
103.2486688929
-89.9086718443
53.8843274444
-11.0198070099
4.3752730332
88.3256601553
-15.3223643015
-21.5951770888
-66.7671061728
22.6742743956
13.3191381443
-23.7747849639
-40.9386164050
-138.1775672175
-25.5963815051
-11.1451382186
-17.0250165801
-8.5425532195
50.8487282616
157.1186168797
34.6034074389
50.8045633784
-79.5458074394
151.5796858837
-58.1622299203
46.7657099658
-23.0966250661
8.7585511044
30.9505715768
-131.1577548215
-95.7357430226
-72.4236443001
22.1780137101
45.2747852545
82.7526266700
-12.2330688452
48.3636197788
-9.9085028415
-11.9248597715
92.7904807779
-5.8619980845
34.8317546830
-50.5204632242
-0.2646583713
11.3089284784
-40.4753040582
5.0831693737
-35.9083410951
-7.0726012185
-56.3405009447
56.4142679544
19.2900289473
59.3193085220
23.6551915746
-12.8554308442
-3.1639893732
-81.5027127320
-83.1552375968
66.1740624872
-10.6438788364
39.7740563066
18.0188159253
3.8319857589
46.9409691700
-82.6187897511
3.9712663944
-56.1257487144
8.2805097875
-43.5410463265
2.8238702503
-34.7167452233
60.9644472686
49.2818336263
27.4998620207
-18.7272542094
-30.8029719708
34.9563597336
35.3597480038
45.2659094272
-31.3775989586
-34.2372590039
-17.2897334191
-2.9656707350
1.5667936785
-30.9618039500
62.5812625638
16.3949727137
-23.2997532721
-28.7094862783
-37.2151525280
56.9049495440
-36.1439119199
19.8145891313
-28.7704903932
-4.5303826364
184.6769626704
62.9889872271
14.9105204940
-38.0541880422
-36.9158387540
-10.5719268832
-148.0735855835
18.4830454546
1.1231275464
-32.0183927277
4.4508316492
10.9799449297
15.6872092320
-21.5544929347
-11.2241785807
19.6946443777
58.9781344159
46.6465024648
-16.2963255037
-4.2713646145
9.3145790940
-12.7092225687
-54.0322320285
-54.8736056724
28.2644476147
-12.5965604905
130.5365125020
-5.6989832771
99.1437211161
-34.1356548205
13.1066556300
-85.7203370136
-96.5163928456
-10.2629138173
120.0007028621
-20.0025061434
95.7440842142
-111.4717427194
57.1768488858
-32.8081544004
-10.7277182691
-37.4460759559
-63.4134670249
-24.4045863302
39.1983375587
1.8904245282
10.1304854967
-7.2939321826
-10.7441222953
16.0335732850
-31.8083553141
9.9835722741
-6.3910913172
51.7031092167
-26.3559280189
-19.5387968416
7.0574896415
13.9981355251
25.5846936216
-57.9257293197
12.3315184932
-57.2539286354
59.6932832549
24.6742834542
45.1966978811
20.8092558990
0.6560465274
11.0094811699
-81.8600596845
-26.9913394630
100.3179443658
90.5522672809
-25.5500485522
-118.7058946473
-52.2656327192
-11.7589132467
19.4247048850
-37.2711925118
38.6879991627
-36.3475431687
11.4532547342
-104.5584669619
25.3972431267
37.1983395346
48.5817063337
11.7457752352
-48.9687021749
55.6326694528
-38.2434365865
-18.2153498616
-4.9731673482
-10.0746230353
72.2238653988
0.7514145298
37.4276515560
-54.3118801986
2.7188417854
44.4487897398
-51.6143369368
-169.0655022025
23.3880459826
48.6466332623
126.5615022669
-67.0326596876
4.4443375430
41.6800954430
-67.8351151542
49.7288992983
-42.6551132795
62.9904463602
-19.3227975454
35.6510196931
9.0791203966
-35.4964396686
6.5677785989
-34.8122330668
64.2927421780
131.4316258078
-17.7042072014
28.5483844033
-55.1339327631
53.6724203415
-91.2950825024
-76.3156178194
-122.3892424367
27.5013023387
10.8241914599
125.7598303516
-53.3878191970
-32.1180046435
-2.5098487794
25.7251988737
22.7127623716
13.0017397121
-44.1281787058
111.6303963990
-7.0907085013
-15.4232724253
-36.1692552129
-2.0759699912
62.0837937407
-74.0990350817
-110.7566048919
1.9416088161
21.2096168682
49.7172121619
23.7177265202
17.8990642623
56.4488941326
-27.5457595720
-38.8117572293
48.1152109119
-105.2062480355
-1.4473079013
18.0890458690
63.1872061561
-22.7045971943
-62.8374712206
44.8174472915
23.9492199241
-32.6406362531
63.2154716771
25.0288703820
69.5724009604
-36.4803334892
21.3864860145
-34.7356853494
-27.5488785595
-43.1265468271
57.0929987622
14.6154228291
-45.0972052990
2.6209101188
0.5809434241
15.9391684594
-57.6329177115
-12.5896684008
25.9309390834
30.2179810955
-58.8570275767
-8.5104588381
-32.6564172502
57.8532275223
11.3236711005
-0.6626181032
2.3273270961
-2.2461091795
-3.3166522107
-31.5615497709
-9.1503619096
-5.7451357351
-6.7687281435
6.3519121383
9.1094847134
34.3018122179
2.0753961456
-38.5652150330
46.7722436394
-14.8110606579
24.8106211004
-1.5197209778
1.7757333386
11.1062594148
-47.4724139399
16.1730652843
29.8548673433
40.9958937186
82.2377722855
28.7818853294
7.1128985711
-82.6084898958
-61.2171210501
-45.7501456144
-3.1069051132
-36.8984905944
21.3093386052
6.7363337006
17.1903776322
-22.2020407831
4.6530496739
20.2160183458
3.3203881578
-9.0543063639
-54.1955229167
-75.9917723176
72.9313459645
56.9333653967
69.3879284032
-57.6914457877
1.2602976714
5.6049972679
-15.2130758893
31.8695256656
3.1890994365
16.3825164251
-18.4431161945
-1.3785850012
-14.7294756220
-11.7081930015
-3.2644541165
-2.7461317738
113.6915769806
6.2474114417
23.6931572176
-106.2251536920
-49.2431234805
-53.0447125986
-8.4619824003
42.8820569919
28.4226298075
59.7714812290
39.2906094289
-28.8081266463
-86.5588150414
29.8036857096
10.2852824173
27.4016060905
-70.4238191194
21.8695796208
90.8799369687
85.2346051331
87.0328348271
34.0980557457
10.3984296893
-81.8995977248
-127.8941831607
-94.0795948453
-7.8223850655
36.2694925031
22.9690766226
-18.3152635454
20.6667899515
-31.2629148740
6.2381923051
-57.3024156142
11.1534073667
14.3243694494
-46.9941298346
-41.1556188789
25.0450492750
33.9341227803
46.5301315911
-41.9809085609
16.2680454338
-6.4135580790
15.0908203096
-51.2104005773
-30.6868527153
-3.7205989313
48.4563821538
15.5510526388
13.4133167021
2.9362819347
14.0255519659
-10.2821505758
-61.6100843108
39.2856141269
11.3800464446
38.6829398077
19.8719616597
20.7950994876
22.2048939379
-60.0917674206
-32.6455597862
-9.0774811398
-18.6413103426
13.8889079535
-0.0925599657
10.6382288200
-9.2701227208
10.3925722064
6.2775615791
-5.2069010106
-28.6895115338
23.2535288145
117.7758643560
22.6806807058
-64.1615577572
-56.3469441448
3.0176195678
40.1542598295
-61.8572602363
-53.5731648934
-86.5247650264
16.0091410727
-30.1564385075
60.8512548048
38.1045752101
81.7520769974
28.0606752561
-53.3956437585
-69.1296790817
20.3341293754
24.5737139976
38.9982893955
-36.9770537323
-0.0456319123
32.2230038815
16.7561638873
-22.5360267435
79.0459184833
93.6448489183
56.6862304360
-58.1091802070
-65.0322483078
-75.7041287281
-20.5195491584
-30.0656835578
15.6284028403
-169.9374736997
65.2509979734
-1.9634771798
158.5597102308
-16.9018079980
-1.3476635185
12.6151667229
-46.9172225386
5.0069640892
-43.1039873227
106.0912606876
-73.5482312010
91.0806837466
-97.8355784509
14.6769040092
-46.4580371283
-11.5434368276
58.9438133865
0.0895461273
39.5563089978
76.5587793925
-14.7108668161
-1.6161661223
-9.4233975438
13.0271475400
-34.9224903818
-67.3029641458
-8.9893016290
-0.1421250181
-6.5287707091
-1.0834034444
-1.6957214518
7.8639040875
8.7282135263
1.5287714864
-0.3877135823
38.5788913792
2.9880220672
-63.3646524226
-38.7925248224
-53.3825183957
24.3433726825
-1.0745625539
49.8247163449
42.4419904061
-65.9494899734
-81.4732802804
-33.2403552155
52.7738575122
80.9954139169
31.1252415517
13.9672292346
1.5540498571
0.6158041511
-29.7732317910
-20.0567938115
10.1739332892
13.7099992078
31.2322985677
-5.7137925649
17.9798372071
-11.1027311856
-7.2338655689
61.6057109033
-60.9000155330
153.5765817383
-90.6773110284
20.3243185397
-145.1351344745
29.8236744656
42.6027810375
-7.9848950198
-16.5807826789
28.7109055489
-51.6627936809
23.5423206440
11.1046581849
8.4717928970
-1.0642504096
-41.3208207901
48.0599800143
-10.0240832989
-57.8460042346
45.6342838368
-8.2132061235
51.9760991587
-52.4925417877
13.8626908617
7.0996769767
8.5376568633
-45.9499776080
12.5008352986
0.8746377116
66.9093900020
-21.2458970849
9.2023700472
-22.6059428308
8.6188553375
-17.0943839810
21.5943843064
-56.8561718271
76.8404047071
-10.8948982450
2.1936354564
-10.5414435094
-10.0895184681
54.9467876245
-69.9716349352
-23.5532423155
3.8684974758
38.3977179424
-1.9322568600
-0.6735461486
-3.5576352630
24.2472986837
-5.1045950209
-31.1549631065
99.7685495445
113.4883588615
80.9816828112
-39.9158755949
-1.7388702850
-9.4171847047
-58.1644229530
-116.5945205073
-71.4789987916
190.2686392458
-0.9852241721
49.4097659795
-162.1370656499
37.9300273385
-17.8551032712
-29.3508817363
-32.5708841701
-35.8496895366
78.0247922898
35.6746544532
35.5864876326
2.0905677492
41.5797649029
-13.4720207880
-82.6241492577
-77.9302095382
-25.1702587701
-22.5683320989
135.3355551028
-55.2628352274
-11.6969459734
-25.0014775205
-1.5380440705
38.4311045838
-112.1131287502
63.6484348670
-78.9483348350
15.3907231423
-31.4839358260
46.3052394004
-24.8688176259
-9.4065549936
28.5139263849
8.9543556979
41.2819924128
124.9513061422
-50.9068663540
9.4323951400
-57.4076699825
46.9778353576
33.9508629393
-65.5404472638
7.3787240690
-43.3569958027
-61.3350177227
15.8006329309
-12.2049182210
85.5301241026
-3.6840573279
19.4451590306
-24.1578507389
-15.3955248834
-8.7309876941
141.2136098409
-98.0490313807
-19.3405797506
-177.1566500524
34.4904580309
-23.8120975667
36.0228104791
66.2362104077
41.3656317907
102.3796702140
175.5537037512
6.0020738869
4.2643445895
-60.4033812158
25.0968602080
-108.5031824470
-110.5004050442
-32.1440761379
-103.1175223283
-33.0000143603
-51.7628940098
90.2882227999
97.2356981154
24.1644919115
13.3399676671
-64.7339438916
29.1956316413
35.2982779389
-16.0824272239
-3.4927726641
-28.6233628482
18.6175874082
11.9315391623
-8.0580349187
-3.9355037602
-6.8050742096
13.6765841257
13.6910891873
38.8787546515
50.4346922608
-26.0109359762
-4.0486414367
-61.4966829623
10.1698452328
-33.7381005922
103.4197271710
-4.8468201171
-73.5764905787
-56.2138262584
35.0512083986
56.5917194695
-42.8819674501
-28.8546365497
19.3310418849
-17.9170960080
-85.8095288479
-41.5993611823
2.6928400377
30.1149328882
59.4594766128
13.8539935484
56.1407980233
-18.2442624985
-43.6947002441
-4.0051286020
80.1754496971
18.6611806850
0.0066745204
-82.9788551572
24.4176008617
3.4937378864
-0.7981293008
102.6198065614
123.1228443583
63.2273911116
20.8911125074
-34.2358627062
-13.6795953421
-125.5817031809
-88.8219981006
-43.8961736944
53.8477391065
22.1167254500
97.9224991786
-20.1011221087
43.2077866881
-103.6126415652
-33.6203994269
-67.1766984130
5.8239143876
63.3522435534
-62.8781311035
-57.2138553299
-63.5168806680
62.7748164016
80.7053836645
-0.2285486850
0.5992798250
-27.6375113577
38.5679062658
7.8214341661
-69.2013319442
-10.0618969405
19.6424426445
35.3179891082
-25.8249896333
-30.3862162920
34.0747266555
11.1440691616
42.1333329962
-9.3105302291
1.0235042479
-1.9825763106
5.1136255753
-11.4194802327
-38.4909534253
6.2304238084
-32.3089108699
77.1405028949
57.3734589795
33.1284150548
-62.6199526262
1.6541720636
-2.5102653244
-15.6657331260
-60.0326007424
-51.5610650997
97.3540950335
-30.4920850833
0.1647841925
-60.6459133973
49.0967077039
51.0880924773
-34.2328007820
-16.6545423139
-140.2147613103
45.7720690927
-18.7543683380
98.2667669010
-89.8465506027
66.7283154188
41.8844077482
43.5292335263
-48.4146865111
24.7363728078
-77.6921915627
126.3749818754
-87.9312438587
108.3848486272
-10.6998183962
61.8282944126
-30.2150708566
-118.4044376259
38.2215682344
-71.2018757700
-65.8860967303
-86.1876844097
1.0677938149
8.0423109827
48.1860377110
71.8074873618
59.7097149583
-4.7360444172
-118.9805254740
-31.4756780352
78.6543608945
71.1371870568
-41.9165086188
-71.4816737252
49.3857689359
75.4039706636
1.8472155277
-67.1551666526
-22.3394089291
-33.3921425962
29.3430414290
38.5960323743
29.3482958533
37.3474785336
-18.3042039188
38.0666061588
-20.9686315283
-18.3744308877
26.8901872479
22.1887993243
13.9853448700
-65.8001636051
-3.9622611306
1.6428901656
-45.5592496500
38.3137656421
-72.0105731041
50.8972180307
-24.3701722768
16.2288623783
-3.1415567779
-12.0689737134
55.5008884164
107.8622444942
-63.6686910585
70.9774532212
0.5833276241
1.4978249300
-23.6750999000
-110.2585465951
60.2871505710
-46.1054679039
-18.2759414949
1.5616411496
-10.1740771777
5.4354271193
6.5323985853
12.1563323287
13.7227957940
-6.3230606972
-3.1694022326
-24.5362322410
18.4645961700
-6.5382593635
38.0709273526
-24.6170307508
7.1119509394
-13.8748188282
7.4417243534
-4.3513314272
-23.4283811061
-22.6619888565
28.3065747065
52.1603816970
46.1393363839
-37.0027133975
-26.6897849647
-24.0655750245
15.2509892171
-12.6771548361
6.5108465547
-59.2047685912
40.8261800135
38.7336211175
4.4184366344
-27.8397119232
-44.9133813866
55.0203266023
99.3776976937
83.1646700481
25.1175825177
-47.6914198358
-10.8762460991
-99.2217498027
-55.9624433741
-74.8401303346
73.0702682323
-29.0868872044
-1.6357894401
24.7230209258
-15.1286392045
23.0067420265
6.6959030557
45.5980053450
-21.6223738019
-32.2090831650
-8.4597615566
-21.5629985203
85.9329591180
57.1638782616
-13.3531338632
-36.2464073957
-50.4225918932
32.0773641061
-51.8230775037
24.2684315473
-98.2608758166
-23.0543504075
29.0647415653
60.0313563330
10.7807746977
-50.6138789530
40.1458254203
13.1237181639
-62.1863209018
-51.1597830830
6.8167179599
42.6982232788
24.6741916409
-26.5547549254
17.8041126549
26.1220653005
22.8654410817
28.5197122234
-33.9295734416
-29.5803245917
-3.7515904397
4.4525297403
5.0267576492
-23.4521895259
28.0009920216
23.0060769372
-3.1219825514
2.7274240381
2.2148284181
-3.3835413544
-4.6387176910
-10.8629239168
9.5651215943
2.7588857418
7.2986698223
-25.2394755417
-61.3860983028
35.3542359056
33.5283955456
73.8743620700
-33.3804217892
-11.9812839533
-10.5738156943
-0.9179192213
-9.0555378202
-87.8244298317
-125.6819984799
96.4867758543
26.2944170469
121.5175374387
-88.5280636352
62.2321828868
6.8715300987
22.5918386100
-1.0158056040
-11.9817212735
-7.5047076376
7.0712729079
14.1299455025
-14.4254116910
-9.4399064262
-0.3133765850
-83.9230276868
-65.0371153702
-49.1412891667
12.1529888906
-4.0606675585
63.8271335842
70.9475924060
71.1225507554
-12.2711015621
53.2394213870
17.5731095136
-36.8496359821
-51.1654673005
-16.5376730187
36.1125961202
0.0864175120
-1.2483414531
-0.2776220012
-45.8746475105
7.3559285514
144.3970569387
46.7962792863
-4.0509717328
-139.6850700922
-1.4980278882
-2.4551373229
-7.1829685853
-4.2849226186
38.4040880728
0.8746116832
13.3300648061
-23.7546955970
3.0771046176
-9.3715649615
-14.6288058220
-7.4227322558
104.8530619299
95.1805288836
13.5273179040
-29.0640255169
-18.1326399876
-54.5316601587
-77.5475005514
-69.4051520820
46.7885060230
-102.4539943619
49.4200137826
0.7563781605
50.7510301246
26.9166332156
-27.9071077579
56.5063655169
-82.3186206452
23.6600558443
32.4029940885
40.3699727830
68.7878469221
-31.1070993460
-53.9923883737
-37.7673173085
-1.6463390320
13.2789666354
-33.0549861980
-10.7382644411
39.4142443891
50.9323531713
-5.8263943466
-26.3490842133
-41.1457510837
11.9061390620
-10.8521510712
-9.3199921125
46.2453166960
22.6468704444
30.9395494328
17.3713291897
-8.5194377091
-41.5839005101
-60.7222299236
-14.9562403361
13.0300189680
-37.0150322384
21.1996311090
19.5468636888
-11.3216611062
-6.0796220678
-44.5690991407
47.4063042589
-17.8215247637
21.9109241506
-4.7207198553
0.0823767737
-9.1612850847
-2.2200419329
-2.7611676361
2.1684736222
5.4477546309
1.1148592354
0.7692835626
-10.4232025705
-11.1820478960
4.0756199278
5.2954701271
3.9370133198
-2.5839405185
0.1593755854
3.4412392325
0.9706761810
6.7711818942
11.0234208145
-6.8643428593
-2.4789411053
-3.1423935530
2.6989447804
-0.4748366318
-3.7838822171
-0.5751061583
14.1159148702
-11.4758689405
1.2088137554
-3.6025011661
2.0532464663
2.8781552111
-4.3108536581
3.4561363418
-0.1961622717
-13.9352614695
11.1618878301
-1.9146200539
5.2224361891
-5.5320823246
2.0776955520
4.4319440805
0.2061926461
-1.3577012262
1.2852542506
1.2939349119
7.9699236671
1.5760792433
-0.9053722355
-0.7521040471
-2.1390524818
1.0125072284
-1.4123240424
-6.8278251466
-7.6455794348
-15.2429921696
1.8802361844
4.1731797270
-0.3131544612
3.1410221653
1.8151729933
8.9104609574
8.8847675984
-1.9412527590
0.6367783074
-1.2410404698
-0.6167390026
1.7925539282
-2.9862389865
0.0956090498
-2.2779223537
-5.7183913547
2.6620712803
-6.2022625788
-2.1612565424
-3.5452544146
-0.2237396845
4.2792053576
3.8781032940
2.9297011785
3.4674316334
-17.8401119411
8.6345349050
-4.2111226738
9.0438199326
-1.3223127839
2.1993465002
1.7677912859
-4.5658067349
-4.2987430516
5.5444418997
16.9543529690
1.1293327178
0.5698584885
-7.7457696653
0.0887679422
-4.3440317722
-1.7259676433
6.2025623474
13.8325364904
-2.9009307237
-0.4748596647
-6.9517916920
0.6371481317
-3.3531945567
-0.4978234228
2.0253284193
-2.0574200104
-0.1457410596
-5.1840036023
-1.9654612839
1.9986835244
1.8029581947
3.2027036146
-0.4390160256
-0.6457379967
11.6240902473
10.1467037978
4.9468499039
-4.0042740957
-0.8546062867
0.9131908659
-3.4343800847
-3.2428720726
-2.8761749996
3.6670006790
-8.9851139765
7.6298385608
0.0878067048
-0.3940037572
-3.0959993120
-2.5768873254
4.2122408405
-1.5145838234
-15.6653657092
-4.0522270475
-4.9139764680
5.9994685754
3.5999503444
3.3683146892
4.0562874012
-1.6180185231
-1.4997956798
7.8184839265
-2.3527736173
-10.8473344100
-4.0429489244
-0.5117903710
3.9038395272
0.7642175546
2.5884684594
2.2304938610
-7.6443069077
1.0163810384
15.1771193227
3.8421057557
1.7483228174
-6.4572851531
0.3288798892
-2.7145880875
-2.9377134782
4.1424755276
-9.5470291486
2.4353457438
1.1356394640
2.2648205611
2.7021728443
-1.9802433026
2.4607907938
3.9717549690
-0.9615500338
-10.4155180788
-6.1906272594
-2.9813335352
-1.6383286763
-3.0652179337
-1.5619660059
5.8081513040
11.1067973528
-0.4121878570
5.3582173174
0.8553024708
-1.8156369001
0.7377852825
-2.0850990510
4.3057654105
1.4390929016
-1.6312163306
0.7667878417
3.9132685909
7.8934635082
5.4960070747
-2.5103901096
-9.0919216710
4.0796320919
0.6960762416
0.4216823412
-7.4320756426
-1.1205717667
2.5613809519
-1.3713220863
4.9626541459
-3.4614535668
-0.2907235378
0.0848469596
3.3601347600
2.2060945654
2.6170201849
-3.3808417161
-6.1099534680
-5.4978610459
-3.7131888440
2.7845903936
0.3869745356
-2.6884685649
3.2650931566
-3.0430062077
-4.6503294839
1.6074474826
0.8189643836
0.9563258443
2.3825271410
3.3391085584
-1.2559200438
8.9011159241
2.5036371418
-0.7929595065
-1.3323854928
3.6001473829
-2.2412317307
-12.9849388093
1.4090994930
-1.8685251043
3.3416276788
-3.4543705611
1.4843770147
1.4391798883
1.6776236745
4.3327239058
-1.3201609304
-0.9721769246
2.5711758757
-9.4522263648
7.7098951067
-0.0356383840
8.2119789634
-13.8471102424
3.2796119184
-4.5893369984
2.3333320466
-1.2952562305
-9.1520068646
-6.8320899389
-3.0639842589
4.9948769261
-0.7610712034
-0.6236696704
0.8541338268
-1.7067467158
2.3577786786
3.3499637255
0.2100987755
-0.4883524189
1.3063454207
1.4804019205
2.1764571009
-0.8232346759
5.5342633105
-0.8425835063
-10.3655439207
-2.1249303038
-3.1305332688
1.4785712704
2.4399954536
4.5602621167
4.2281709816
1.0636083163
1.6137085690
5.1560834430
6.8202664986
8.1545615177
-1.7090263386
-3.2300944006
-2.8844871556
2.2967609695
-4.5099867418
-2.3862128968
8.7043801965
0.8919309779
-7.5379921808
-3.4968906069
-0.3735541707
0.8077718983
-5.5969542584
-0.4742900899
3.3393799810
-5.8696423032
4.0154916386
-3.9704891802
3.3726277357
-0.0065506945
1.7717006230
1.2884433975
-1.4225750694
2.5522293988
5.8614326237
-2.9405524069
-3.1031320594
-4.5117553636
0.0770850006
1.2370390220
-1.6037964652
1.4599590585
-0.7587843166
0.5834286801
0.1833984292
4.8950053670
-1.0830335602
-1.4020313820
-3.3739112720
1.2667435235
-0.4671701135
-1.7861161588
4.9260352297
-3.6683919864
-3.6876840049
-1.4792956230
0.8513174536
2.0312566728
-0.4367883145
3.4237967438
1.1212635278
0.6661620966
-5.7088657526
5.1754052026
0.5515747280
0.4742256265
-2.3919434475
0.5379062570
3.1450715905
-2.2810814873
1.7882745431
9.9974986819
1.1836689792
-0.0312558330
-4.2249210794
-0.0086351859
-4.5804357100
-0.3086691132
1.7147076851
-12.1589018664
0.9138990783
6.8505747713
2.9150660877
-1.6218372921
-3.1930444205
5.6799652802
-2.9377830910
-2.7240091146
-5.6719721207
3.4348886874
-3.4318113726
2.9455035111
-0.7310004335
1.4444798525
1.3701776951
-2.0094216916
0.0062185788
4.1055148449
-3.3278132853
-5.7102466159
-0.4269091020
2.5567670759
1.1962959435
-0.7006216992
-0.2587612150
2.7045844380
15.5418644195
-2.8129304279
-5.4574481714
-5.0454369305
0.0234789976
2.6388418163
-2.4394040290
3.5639281037
1.4996505713
0.9297585435
8.4686055396
-8.0428141039
-2.4907211711
-1.3746494536
0.7288967374
0.3236385749
-4.3512493824
3.3232994436
-6.2803322278
-7.1281167017
-10.0307357734
1.1011831453
3.7460332051
4.3271524843
3.1343940011
-0.7103753909
1.1883377531
-8.8865938669
-7.2918913657
11.0940210506
-0.1552111618
1.3807650555
-4.3540075715
2.0766519953
2.5621884700
-3.1726358403
-7.4185247320
2.4275667753
1.5917268235
0.8659946021
-0.3457964707
2.7421686203
2.7288295485
0.8725936754
-2.2904588677
9.3489853414
2.7423838467
1.9596348590
0.9245788262
-2.3784646703
0.5631731435
-4.2596548811
0.6059301941
1.6911970207
2.8182348658
7.0687521387
-7.9739201431
-2.5844554075
-1.3232946651
1.4883783426
0.9169860647
-2.2650648738
2.3040877760
-10.9048497523
-0.4002851576
-1.5539263748
2.3273104349
1.6472030138
1.5855769951
3.0680344821
-1.1261850199
-0.7753464389
10.9058079711
0.4007383965
1.5548345591
-3.0684561488
1.1260652158
0.7751331081
-2.3278592920
-1.6475442408
-1.5862352400
-2.8175727975
-7.0692534219
7.9738795773
-0.9174744111
2.2653773465
-2.3039947613
2.5842940990
1.3234818014
-1.4884129888
-0.7638332967
-9.3029218556
-5.8638305240
0.1477277903
1.5215660361
2.9917918741
0.4346392628
3.2196125215
-0.3028450773
0.7638084651
9.3024427981
5.8636619653
-0.4346395857
-3.2191872296
0.3028992281
-0.1477027466
-1.5215028018
-2.9917318775
-7.0197594260
7.5143281614
-6.8453867084
-2.0196213996
-0.5818958385
-1.8068724598
3.2935999647
0.2258660353
-6.8639969580
12.6611506360
23.1731096438
-18.4145738546
-6.4361796809
-28.4154251574
14.0554504620
5.0170473507
0.6708485972
-3.5908866751
5.9052158917
-19.7763054511
-14.8800310668
-1.8858621510
-3.3075088626
5.5769138076
-8.7218856174
2.9164933281
6.1095346516
-2.5207776250
9.7551068977
7.6293874389
1.7131380412
4.2458453696
1.6936542097
7.3759015940
1.7918638320
-9.3399731133
-10.4338419255
-2.7961379099
13.1195697997
-3.6461896161
2.5305332168
-1.8520295554
-3.9131945619
3.5944796284
0.2995286661
7.6803095215
-3.0122698274
6.7203516410
3.6334730869
3.1426486557
5.7923400631
-0.6825240834
-1.6715803213
2.5970196518
14.3670418562
3.8416417106
10.8873655724
-5.8506556433
0.8155161929
0.2125955433
-4.8894272903
-4.1675469645
2.5208894594
9.9608336654
-3.2258433339
-17.3233501126
4.7249901891
2.5552653615
-2.6355230530
-4.9998834310
2.4314736334
22.0149234555
3.8607453406
-7.9336789313
2.4831905716
-0.4006558628
-2.4509421089
-3.4949025801
0.7191628524
-3.8598345758
-2.7219336514
-5.5952303095
-3.1458802502
2.7643603159
-1.8912080080
1.1100464968
-9.1238057771
-2.6149968639
-2.4252624224
-2.4860147208
-4.6568721349
4.7876203978
5.7421844485
-2.4826770524
3.1230812597
0.1756781521
-3.0248201132
-0.0317678925
-0.5378870337
-8.2775035245
4.3215920374
-1.5765995377
-0.1441799989
1.7517558573
-4.0395972098
11.1953363315
2.5027635321
-2.8615738448
14.8664079236
4.0383307429
12.0859601637
-6.0189254722
0.9626767653
0.2905106013
-4.9292034423
-4.4172656013
2.5894076579
11.3895490760
-3.1655885876
-18.3009255138
4.7541271036
2.6011915009
-2.7898234015
-5.3391737302
2.4776853939
22.9145732253
4.1938655457
-8.7541359343
2.4201115931
-0.3653095429
-2.5741927858
-3.5370122958
0.6923135166
-4.0370080706
-2.7646280419
-6.6091480964
-3.8085396294
2.4593708498
-1.7918589409
1.3021619053
-9.3884534344
-2.6572687368
-2.5284222750
-2.4459484787
-5.2626643462
5.3236867713
6.1092934890
-2.5766519856
3.2012504888
0.2233099212
-3.1161432633
0.0119801621
-0.4974579246
-8.6859019156
5.1627377531
-2.4765328715
-0.2391102268
1.7406572053
-4.0984159643
11.6950965382
2.4627941950
-2.7933395724
7.4683068419
-4.9178036542
-1.4068473514
3.3613966563
-3.6982880704
0.6467656531
-13.2013033570
3.4431882478
-0.8913251957
-8.4181788044
0.9655450685
-1.2374111662
1.2738320938
5.1700955622
-2.4758607027
2.0125683264
0.5164046760
-1.2681449153
-1.6943542680
9.3287077128
-2.0055005222
3.4510293621
-0.6895915164
2.5165488624
4.8576259416
-10.3590477528
2.8277349099
1.3422539337
3.8054822320
-3.1170212152
4.3716150515
-0.4443960284
-0.1270118661
0.5322199779
-1.7462670502
-1.3953565226
-4.6470333891
-0.7421722358
-1.0590786044
4.6687719887
1.5525684406
3.9451539238
0.1597638466
2.6912306859
2.6927330114
-2.4565916041
-10.6471899045
6.8275492110
-2.6330406288
0.5158410324
-0.5540065688
-0.4488819668
5.2556925546
-3.9189209433
3.6207680833
1.0081018521
-3.4339232714
1.2265955110
1.3711680303
4.3160766761
-3.1876232270
-1.1961718501
0.5009468195
-1.0345961362
-2.2044315932
-1.8308180484
0.6628278181
0.3431014006
1.4839657713
0.2966704749
-0.9801943461
0.4094542805
4.1548372727
-3.0345454887
1.4937697580
-1.0830734987
-1.2233632339
-3.1692039096
-1.8976784218
2.3313743076
0.7854139823
-1.6519087146
-1.9522558526
-6.0120797064
1.7414810849
3.9967731890
3.9715816068
1.8266752694
0.4522623687
1.8069285615
-5.7687899099
-3.5917559056
4.2867088356
3.9944830276
0.8827195158
-1.2978009182
-0.8716203081
3.8188718756
-4.3700292653
-0.1849861156
3.8520126501
4.4994228270
-3.1664169294
-2.2006071697
-1.1679219941
1.3223547195
-1.6730597477
-2.2724920005
10.8328306721
-11.6628201307
-8.2765291956
0.6567798436
4.8485415086
1.1818540264
-4.7745531891
3.0076246167
4.3090371741
12.3725793160
-0.5078578282
7.2904477016
-4.4623284139
-0.3891711150
-3.6100136193
-3.3785871117
1.4223963547
0.6566062299
-3.2121007856
-0.1670624016
8.0656099328
0.6170460538
-1.0706432431
-0.4296510818
-0.1930103353
2.2499244457
-1.8000452232
-12.5853561544
-6.0285276145
-7.4534001025
2.6656640145
2.0331476423
2.5462776213
3.7547585139
-1.2195457262
1.2033027411
0.2400265423
7.8620207142
-0.0748236025
-1.8135409476
-0.4255644115
-2.6637328435
-0.2844027062
-2.6316649657
3.4058769986
2.7006659413
5.3462355802
-9.6819996571
-0.6866537017
-3.0764877941
3.8890688312
-2.4498175590
0.4094543681
1.4421140709
-9.4915347889
-0.6148078847
11.6161368765
3.4172582298
-0.1546503985
-0.8550105081
3.3272892781
-1.6611247773
-5.4328368525
-5.8165392854
-3.6548190830
-5.9134164924
-1.1148588411
1.9668473958
0.5943134016
2.0016954649
-0.8236160697
5.4604622542
-6.8702988891
2.6638666408
-11.7163312302
1.7357076231
-0.8345256366
7.3569466677
2.3672066908
-2.4188331786
0.2529987231
8.1156154371
-0.7774758729
-8.0255373790
-3.5595332683
0.9748055388
3.4447399989
-1.1516169715
-2.4421250883
0.9226902411
11.6694551784
5.4318769849
11.7476993843
-0.8115384559
0.7966736061
-4.4818181258
-4.6385288758
-3.2733707840
-4.4149865920
3.1834665356
7.3659259907
3.2834775857
-1.0790925932
-0.5946243523
0.1352335002
-1.2841524707
-1.9500230312
-3.9747614511
9.3321234919
1.8250782343
-0.8546337771
-1.9898069016
-0.1802048915
4.6950234983
-1.8682482070
1.2262905122
-3.8989562117
2.2220784768
-2.6569630300
-15.1374632747
1.4497451567
-1.9199618776
2.8308975879
-2.0082671491
2.5144013604
6.7940478110
-6.0449574408
7.6335493581
-3.0254788585
-4.7568367987
-4.6185640013
-0.1517509105
5.8549809120
3.4185403894
0.1449609282
-4.1603392565
-8.4863393868
-1.0316214316
0.4993582199
1.8004728280
4.6301680805
-0.6125691552
2.1487917906
-3.8357968695
-2.4777926485
8.5554527019
12.2573177676
0.2291024264
-1.7506063627
-6.3343451872
0.3741565607
-3.5822848648
-0.4339358746
9.6105892071
-13.2732993097
10.7208953310
0.1031149790
0.2045666054
-4.8802532648
-5.7564318776
7.1410799465
-2.4890753444
9.2648679484
1.9846775116
-0.8957360443
-1.9607323796
-0.3400591009
4.9164352851
-1.8312276084
1.1693768587
-4.0824598939
2.2995623510
-2.7597734023
-15.1905548568
1.4992009483
-1.9826520783
2.8021939280
-2.1773588744
2.7334268786
6.9297357239
-6.3056711070
7.9787964504
-3.0698890575
-4.8703701205
-5.0183680813
-0.1139397893
6.2689576864
3.4158652851
0.1918261577
-4.3007158377
-8.3825880519
-1.0771506853
0.6473976943
1.7300187197
4.8565705572
-0.5627428521
2.1022175920
-4.0172813862
-2.4671258146
8.5444979547
12.4754648795
0.1546986734
-1.6958876561
-6.7250216878
0.4329114328
-3.6534889714
-0.3500053066
9.7357851057
-13.4744849252
10.6015492638
0.1508989823
0.1401939255
-4.9366953508
-5.9783362261
7.5082310933
-2.3150417368
9.9859513985
4.6313225884
5.8821020210
-2.3325676702
-1.5688398778
1.4346092508
-3.3335284408
-3.1626304474
-3.9842723451
3.0861007264
0.8803635811
-11.0489282617
-2.3750475537
-0.6222095872
2.8414363275
1.0292156239
-1.3317480047
2.9717543935
-9.5273004026
0.1586714477
8.5494437619
2.1085864265
0.3875368463
-4.0777683315
3.0798712607
1.0975995108
-1.0205469103
3.0913827933
-11.2353842405
2.5885139948
-3.0374345326
1.3900870906
-0.9269859300
0.2305572564
4.6920027511
0.4182407804
1.5504561059
-0.7535378690
6.2337698985
-1.6080058500
5.1086155606
-3.9818327374
0.1123784403
-4.1213633609
-4.2275617335
-9.7826877879
5.8642104927
-2.9317412621
2.9448716498
0.6230667847
-0.9201069548
4.7772005584
-2.0377632709
2.1998740310
10.5305034356
4.7841676688
6.3070257828
-2.2699239480
-1.6658681913
1.5417862255
-3.7170190488
-2.8604617060
-4.1832507640
3.4848236956
0.6564129387
-11.7966267779
-2.4490647566
-0.1182446955
3.2822213185
1.0350677198
-1.5289932690
2.9281673545
-10.0989888909
0.3269670929
9.1402213750
2.4233610203
-0.1381523914
-4.3062223990
3.0682167389
1.3217986882
-0.9908390903
2.9920010610
-12.0275676304
2.7952717465
-3.1440250614
1.3656311905
-0.7912480126
0.4333941754
5.0300743118
-0.0946414522
1.6355642147
-0.6874814186
5.9882176939
-1.0968542284
5.3800171912
-3.8115741231
-0.3884184995
-4.4924162993
-4.0028856547
-10.1877505122
6.5030771771
-3.2641707116
2.9704921237
0.7623750399
-0.9181165874
4.7786207630
-2.6113356976
2.1766640739
3.3568825148
3.0871705951
-2.8113800949
2.7010376220
-0.3693067684
2.1715971919
-2.0956552589
4.5738248390
4.3528025518
0.0755335999
6.7209403053
0.4332684608
3.8661933443
-4.2779033476
-4.2648034990
-2.5760161118
0.6404067347
-2.4712174037
-4.0752146018
-1.5784478222
1.5570534888
-3.2033059746
3.9231110494
-5.0116057025
0.6208131696
1.8490542905
3.0308738229
3.6704324506
-1.8415674207
3.4180794552
-0.9364257560
-3.4363501704
-0.4662921339
-3.4673163329
3.4984887052
4.8934926597
6.2281437867
10.1970900433
-4.5176271994
-7.0520348580
-7.0759422330
-0.3753529050
-2.8715818642
-9.1178900386
4.4522032583
0.5741066565
2.6430688724
-4.3349418923
5.4372665162
-6.5493288877
-0.8654711992
-0.2528589000
-2.8864187486
0.8093211382
6.7813684876
-2.8919070921
-5.9308813890
3.6301708949
-0.7601920938
1.0587693716
1.2721379299
8.0442704974
-1.2030033829
-4.0689157054
0.1935390629
-9.0892951230
-0.3934510397
2.0043090990
-4.0449575004
2.8485381437
-7.8338711277
3.3541943860
-0.9459097361
8.3406309071
0.7666501011
-3.0884258407
0.0363793748
1.9720372897
-1.8444999337
1.9487523443
-7.5904473886
2.2418544208
-1.2758207040
8.6513443656
3.6528703260
0.3881567000
1.8958200322
-7.0660462163
5.3528139612
0.4163278365
2.6026859536
-2.1350094581
-11.9423338624
-8.4649008787
-1.6102077218
7.0196067997
3.5003574882
3.8237873605
9.8018265368
-3.1783819984
-5.6217855750
-2.7055831050
3.2656305988
-7.5378476695
4.7694667194
-0.7450828944
-0.4659978674
2.8004583128
11.6837077638
-1.0103359649
-8.7732914112
-3.6178862274
-0.1021180646
1.2954368822
-1.6580613841
-0.6542216494
3.3887280890
-7.3263324806
-7.3375450332
-7.6200915545
3.6808688566
3.8849238269
2.5537236163
-0.9652278338
0.8667033404
2.8421660854
9.5046213915
-7.9612482521
9.6855199166
-2.4077099602
4.5107079581
-3.7576028203
-4.2998021050
0.2119474773
-1.2372977014
-2.2782299307
3.7760209640
-4.8936541596
0.4921890230
-2.1365131165
-0.0532542789
-0.2008932469
0.8764511585
2.0109365390
-5.9769602908
0.1160932317
4.0894131079
0.3244784032
-1.5610002993
-0.4242167784
2.3741358296
1.4949313017
-0.9196044055
-4.1917799982
11.8673253097
4.4431836601
1.7669845680
-6.4248143890
-1.8477921959
3.0958976243
-0.4173078014
-0.7823025932
-1.6369938049
11.1603456260
0.2169393434
-4.1045260893
1.8056172327
1.9662705224
0.2322535811
-1.2421841115
4.1627076993
1.8975076285
-12.0157160446
-0.8870386803
4.0494120603
-1.3995318100
-1.8267972251
-0.2750495464
1.3493268505
-4.2755898465
6.9477845552
-7.4972217871
4.5566008258
2.1857723100
-1.3166522127
3.8113220736
-7.6776438859
2.6355230875
7.0649459168
-13.7475212857
-4.7182480436
5.0020010396
-3.8998147121
2.2839539622
2.7242975236
1.3301104752
0.8666110498
-11.3045091043
-7.3749865630
4.5749848929
-3.9674700840
6.6274344674
3.1907895348
-8.1801747068
-1.2698465393
1.3162169379
-3.6512994231
14.8907280639
-2.0518721914
-3.6023387784
4.0551964251
1.8040751093
-3.3801509281
-2.2298171331
-0.7460180849
11.5702838344
-3.5072344594
13.1019498185
15.2686748954
10.5074561614
-4.8427345329
-10.5020128275
2.6129964352
1.6632207228
4.7994807742
7.2126611853
7.6724049976
0.5237350038
1.2183946313
2.1176338865
-2.2056898320
9.8970211124
-0.4253072956
-3.2540253366
9.9077448990
3.8120088006
-2.9903639120
4.5835044762
-14.2165291704
-4.0392799981
-11.1807136981
-0.9299732925
-6.1282238005
-6.3115597724
-6.0410499624
10.0740393452
1.8961139158
4.2260015076
6.6737116184
-3.5096190354
-2.0248201464
-0.4821651725
-16.2997592446
1.6084603111
-2.5602337357
-1.8698722692
4.7053150865
-0.1508525084
-2.9377939433
6.9285586882
0.2000767974
1.5757104752
-12.9536955212
-8.1275287375
-7.0674100102
-2.1149709305
5.3813218947
3.2723591455
-2.2864729673
-2.4806644685
1.9489576224
6.5770042017
-1.0241679467
0.1290068502
-5.4831933175
-1.1538316604
-2.3764624129
-4.3149911862
-2.7865486146
2.2339056598
-1.9039505218
2.3322323998
-1.3228661932
3.8671468472
1.6934906159
1.7246473485
0.4290154985
-2.0713206088
-3.1304213583
-0.0086258302
1.9767208570
-0.9415285987
1.6178420522
-1.9233228279
3.7447244383
1.7029323075
1.7209968984
6.1928940767
14.6193133119
9.2060941989
-5.5181304003
-12.9392889421
-9.7809330716
-1.3855432909
-3.2706523006
1.7506698300
-2.3067275031
0.6113324318
2.7853717795
0.7727250404
-2.7914624599
-1.3557445733
4.1942365530
0.1186535959
-1.1512288418
0.7721569092
0.5309712031
-0.2742403333
-2.4840606392
3.1878633588
-0.5146908737
-2.2475141042
-2.5499102526
0.5704527773
7.1284663895
-9.2245791697
-1.5820619196
-2.0129301464
-0.1763141920
1.8859528988
-2.5374819317
5.0410123147
0.6091702702
0.0923002878
0.9944308191
9.6460020889
0.0773419135
4.1274757459
0.2409178232
-3.6052481455
-3.9387758444
-4.0364669756
3.9659114147
15.4765388109
-1.0003280838
-0.6053553292
-6.0796506860
-0.0542090916
-2.0080032996
-2.2322469861
2.5334507589
-14.9820738318
4.7778138099
-10.0182170345
4.6970808290
-1.6871434861
-0.8658047078
4.6639477083
-2.2412043970
3.3697455570
10.1365035133
-4.0616436746
12.0275708842
-3.6263613754
3.4023347670
-6.6829977390
-3.2898675389
-1.9490201395
-1.7118513180
1.7243548854
-3.6688293966
-5.5805961043
2.0500918549
2.0681398352
2.1659323775
-1.8686771978
-0.6283381330
-0.9462096823
2.7405077997
-0.3405730790
-0.2500335955
-2.3829198552
0.8744978794
0.8037417170
-0.0039524557
4.4073945569
4.1195202028
7.3777569650
0.3066991659
1.6625691770
-1.9107314805
2.0065776296
-2.3404730842
-5.0155630470
-0.4465512234
-5.3192614383
2.3819415622
-0.9650784844
-1.0676769256
1.8205929370
0.6385648841
6.3452106624
-2.3164785358
-3.6264442388
-0.4359099682
-1.9666895187
3.2195956342
7.0208895819
4.5115202959
-1.5636770870
2.2292480495
2.2749651797
-4.4267582360
-10.8124750020
2.5961171611
1.5755910123
3.5451696925
-4.2872328473
-3.9532387604
-5.8660386130
-2.7106736333
-0.2816622622
-2.7106328231
-4.6547247183
-0.7693506988
0.1224112983
0.3689532340
4.1312706104
1.5154752934
1.1766109572
-0.7868573097
1.4382657751
-3.8835621200
-4.7340665901
-2.5989740702
2.1128696673
2.3821914739
3.1231380670
1.7863858312
1.9982283646
1.1516914363
0.7890952044
-6.9430673610
-0.0660135278
-1.0860131836
6.3592518241
0.2007226334
-0.3863697404
4.3843373459
-0.9424068481
-6.2954894693
4.9366124688
1.8710077844
6.4674626100
-3.2336835166
-2.3259175155
1.9914208470
-2.1053450382
-0.3941815610
4.1738259873
-1.8724179438
-0.8468778415
-4.1582282547
-1.4239499992
-0.4374195877
-1.8727646015
0.9315063762
1.0478975087
-2.5791200592
1.7363668549
-6.4007277690
1.3976603866
-3.5930638468
3.8649770295
1.1001607605
-0.7957553443
2.5902654710
-2.3361548168
3.3795723574
4.5273872719
0.3502689117
-1.0135622508
-2.7789762940
2.4285520349
-0.3931551798
-1.5855921874
-6.1825781090
-14.0527638459
-2.2492393929
3.7704032139
7.2409321440
-2.0254274183
1.2707674046
1.2718955842
3.3671218385
-3.8223575720
-6.7694612637
5.6285644467
3.6083130099
5.5194066794
4.1546871670
-3.5872713531
-1.9816580096
-5.4229335371
2.7574672691
12.8275845639
-5.9510845805
0.1444417292
-5.8297711072
1.6214791549
-0.8438083765
-1.1902799378
1.6050194837
10.9352872979
-4.7999514746
2.7382664436
-4.9784009050
3.3847540741
-2.8966412266
-1.4138837242
0.0521429311
2.3096452412
0.1675561118
1.1170799131
-15.7464615225
0.4595830549
2.2208606377
8.3826706387
0.9421697004
-3.2485099430
1.8318128643
-6.1086401767
10.2298848404
8.0879017803
-0.1243733796
0.5163909111
-3.4512391324
3.0053248044
-6.5085366995
-1.9841422532
-1.9024203253
4.6078885796
-1.2568462869
1.4036561429
0.4001063461
5.9431075749
2.0392824237
2.5512307572
0.0589875461
5.0577362276
-3.1826341559
-6.6327165712
-2.7540079817
7.3515948934
-2.2040866281
1.7194505249
8.0656002912
0.5432558267
-11.0298335400
-4.0619391771
6.9711384401
9.7200450781
-2.2182474257
-3.8057205513
2.9993440444
-2.8816087957
-1.0438687203
-3.8917423074
-0.3108306890
-4.1686567764
-4.3280283700
-3.8723417083
0.5053919799
-2.2367165977
1.3509192689
0.2131051053
-5.4022531215
0.8246959997
3.3845238306
1.7644214988
-6.8464132902
2.0248572624
1.0731781761
0.5256458977
3.1533009915
2.2805325056
-2.6568457971
0.4898861621
0.8427207811
-1.9437720108
-2.4899100901
2.6446348358
2.2969510115
-1.6857491000
-3.2513942226
6.8974947835
4.0078035218
-0.7913521633
1.9493332234
-1.1728804939
4.1664623531
-3.5653459838
-1.4711020881
12.4875377520
-2.3805680644
9.7597276111
-6.1338995155
-0.5926700055
-3.2362409291
-1.3235999614
3.2484592029
-2.5408988846
-0.6197518309
-14.8315512875
1.5276940008
0.3215202884
3.0988723634
2.6187374186
-0.0895873019
4.1856727372
-1.3892108704
-6.0997931959
2.5927720673
-4.7170033136
3.3353580946
-1.3408484256
-1.2372189911
-2.1217485754
-1.4047939918
0.7920094304
-6.5210027336
2.2959056169
2.4368890664
1.3218504406
0.2033918134
-0.9152128262
1.3130639338
-1.1557300947
-0.1031994337
6.5881309045
-0.1280139599
-6.5878515605
-2.1160054636
1.9070441151
2.0356310857
-0.4657888028
-0.9794241076
0.1923272588
-11.9938553994
15.0381665274
4.1900612587
3.9372170113
-5.8150924413
-3.1483811643
2.2968666998
-3.1523810832
3.2525946164
7.9130862357
10.9035768700
-1.4033730055
-2.9697667265
0.3449078140
0.8919574260
-3.2711038468
-6.1614153289
-0.0232646959
11.6292120780
-13.9061154829
-5.0282321868
-4.1387049251
5.5882852589
3.5273268150
-1.9848044138
3.2469161432
-3.2788773846
2.9877806832
-1.6330614696
-9.6483239056
2.9708751893
3.1723638550
-0.6454875776
-6.1579975851
-1.0304494300
3.2255651084
-2.6825684961
0.5851840789
10.3239236951
5.4223682839
1.1635484598
-3.3538428556
-3.2251052004
-3.1305375788
-0.0716053993
-0.3964968238
-11.5022755761
5.5258326302
0.9269797060
6.1662308925
-1.7132256782
-1.2639824656
0.1221484934
-2.6226476942
-12.7762945848
-9.7463928955
-1.8315918820
4.6536672538
0.1987529583
-0.9086421936
4.1676623779
2.7002159585
-0.6883720262
12.7760487640
9.7458001033
1.8313824115
-4.6533810378
-0.1986178096
0.9086352846
-4.1677021043
-2.6997672510
0.6885781068
0.9760767054
-8.9554594702
-4.9182423972
1.1655400886
3.1370950739
4.6562970395
1.3734603618
1.6868844354
-2.8286131662
-2.3609407294
-3.9140121390
11.2557513140
1.5537547651
2.0544316171
-5.8699236281
-1.6501315535
-0.6050025766
-2.2573957680
2.3606052261
3.9131901712
-11.2550984307
-1.5533566155
-2.0536774357
5.8696690950
1.6500683031
0.6050697958
2.2570012851
-0.9760192062
8.9554704217
4.9182287800
-1.1655686145
-3.1371073859
-4.6562463708
-1.3734893950
-1.6868735693
2.8285825441
-9.2729748148
4.3183806832
5.9521997886
1.7690753180
1.3890675122
-1.5594898934
4.8418265676
-2.4125788698
-3.0706187993
-1.1940311026
8.1742316162
7.2231406200
4.7642315485
-3.9882091888
0.0438970811
-1.5211532661
-3.8709073722
0.0892530208
-0.5156264632
-13.6919700287
3.2884419981
-1.6354256577
4.5524403248
-1.4090113924
-1.9980736583
2.9602114063
-2.2509159709
3.9189761641
2.9749410407
-7.2074293858
0.5557524898
0.3203401625
4.7401302297
-2.3317064417
0.8242938445
-0.4242972689
-4.4188284885
1.1613425915
-8.1019496734
2.3094988205
-0.9188086021
0.4222646223
1.1350039061
-0.0049234223
3.0799314234
10.9528172368
-4.2729639535
3.3651379626
-6.1896892763
3.9378205289
-2.0962008599
-1.1696728801
-1.4527082711
-2.0844835050
-9.3027665036
-3.8300006723
13.0061083530
0.6816028699
3.3649729829
-3.6827762361
-7.4830099266
4.4337589733
-6.8402781814
-6.2396837645
0.5288609485
-5.4107588662
-1.6958164243
-2.2975407504
-4.3738338268
-6.6749425789
-7.3999603246
4.9376286549
-3.3999115346
9.3614694157
-2.1251506519
-2.3699264679
2.9365033114
-1.6645779513
0.4880619759
1.6090216671
-1.4878250716
4.2675220193
-6.3320691111
-10.2663080440
8.0491295486
-1.5888929059
3.8508793602
4.1513030039
-7.5167667706
9.2696694796
4.2179392564
3.4378300142
0.3123677944
4.0195313577
-0.5673516940
-10.2036962745
4.1371416944
0.3808239808
-1.8968843595
8.2195288807
-2.7854475058
8.9164570919
0.8807874593
-3.1824719019
2.6184712076
-1.9464908702
9.4472603427
5.0405075216
2.0961647724
0.5600520482
-6.9112868706
0.1831204665
1.4398515383
0.7893252287
-0.8025577585
-1.5407970825
2.4974591449
-2.0985965649
-9.6256795591
-0.6312326722
2.3700629010
6.4659839400
-0.9982244014
0.9892965726
1.4710810062
-1.6578701799
7.9844053314
5.1875072075
5.0344787888
-2.3368089523
-0.7013347383
1.4700710603
-2.8123734119
-2.3270090958
-1.1453476572
-1.2271029468
-2.7710714426
-0.6753142146
0.0602627760
0.2106075788
0.3835156633
-0.0869039282
0.2574992795
0.3038288841
-4.7581945991
4.3447013468
-1.2400668765
3.0694668281
-2.1054539923
-0.4650611895
1.5061395350
0.4307860989
0.5027137763
-7.5847143150
-0.1895289005
12.7703477123
3.3472762193
-0.9275227727
-5.6970139524
0.1010570696
-0.1796724627
-4.3303222442
7.8999716261
1.3159380367
-7.8982647374
-1.9197254885
2.0878494502
0.3657726402
-2.0747797002
-3.0979671493
2.0003907936
-1.9583492450
-10.5135497498
-2.1309418865
2.1586688930
7.8071745242
1.9665187507
0.7030288492
-0.6721706354
-2.7902770832
11.4726021994
7.1786169423
10.6599451339
-2.8287793013
-2.2578068846
-5.1992192077
-3.7101894854
-2.2669581517
0.4378313638
-2.1231696010
-4.4224926550
-0.6623461917
-0.1913701608
0.7052000389
0.2434240574
0.4459144525
0.3294649930
0.4840597533
-5.7055044887
8.1423396879
-3.6920533745
2.1274991704
-3.4722175272
0.0936062389
1.0392525520
-0.3161805793
1.3757467344
-12.4968460222
-0.6478115135
14.2401523956
7.9339793296
0.8287946800
-4.7590697884
-0.7722035814
-0.7282235077
-4.7352755900
5.5833399705
-1.4233817688
2.1422748359
-2.8246590986
0.0774971848
-1.8496716905
0.2894385280
-1.1365386086
1.2765939449
3.7795111110
-0.3265421308
-13.1375606890
1.1330239183
0.8001125979
4.0531703254
-0.7744038067
-1.6295748001
3.5552022138
-8.5762870236
8.9942885877
-0.6003359496
1.0547092670
-2.1389507640
-2.4564880184
3.3669826727
-2.1597355840
1.5640164552
1.4761803897
3.1932246733
0.8636048145
-1.1393217746
-0.8400751621
-1.0222155876
0.2664300002
0.5162142558
0.4654944949
-6.6127616773
-9.7818971524
3.3283593683
1.3065280234
2.0765133323
-1.8525484293
0.0785501502
3.6081501356
0.7679120019
2.7879434849
0.4505206954
5.1352352987
-0.9124130151
-0.1422197208
-0.9614973128
-0.2827911245
-0.1376057687
-1.2715460740
