0.0000000000
41.8586699979
49.0520558658
36.7645989339
76.5005715127
12.2517787083
39.9943999870
40.9297071013
4.5663645606
41.0256321744
56.2407610690
19.3283945751
8.6302162529
18.1713805853
42.5234109753
46.4938759091
9.2911237164
28.2167338894
11.5505795012
45.8105672702
10.1194645598
35.5243539540
57.4072851101
32.3966113453
25.7896527041
62.4789575089
41.7980340864
86.1116797468
42.7562293308
51.4009757875
47.6661367294
37.2889093041
9.8577320087
58.4659348602
39.3711894758
54.2736231142
40.2389284756
37.9820794050
15.9187164393
10.0469164541
34.7990849983
43.3205578463
59.8734224541
74.4728440828
60.4903778553
49.9327832550
48.0006200748
21.5733220386
18.0981453462
10.7692931744
37.4831377476
63.1488228070
63.7841538488
40.9381673132
53.1932674799
43.3056442284
47.2147101875
53.9586675343
7.8147131944
48.5738373978
57.7856207423
17.1115837304
48.0464214357
19.6091547590
34.1940599894
59.2357400983
65.9111830319
47.1259545196
42.4945733371
33.7899414817
36.0808529143
35.2502253915
16.7714056496
43.7986545756
32.8140784383
11.1097505012
40.1104081800
38.3472835733
51.0659885442
50.7530654986
45.8616015126
11.0524285179
43.5376411614
56.4622483129
46.4768299814
54.2543545140
54.7821978165
42.3983144238
45.9036176786
45.8994283614
9.6476386284
27.9881594453
33.1919697870
35.8338814940
37.4134197529
14.3792107587
39.3961333583
43.9773927112
4.9461096005
55.2892457650
