13.5474998535
-27.0999956492
-0.3028729173
10.8245821079
13.3386865464
-4.2867448874
-19.9497161579
5.5971142333
1.0190358336
-1.8622567182
11.7184917057
4.3428872768
24.7262554852
-6.2369458411
3.5676351598
-7.0837491471
-0.8429327256
-8.7467148501
-20.2026154234
3.5255817305
4.4067755705
54.2398924289
51.5780051035
146.9430930971
-46.6262046144
12.8145916965
-70.9800495488
-51.2288927431
-22.5761883841
-0.4719179081
40.5540074672
-43.6758131899
-72.5037004454
-22.8341167952
31.0796768622
26.9561023162
-10.4570109685
9.0681995198
-2.2676940873
36.3523252251
-38.2884716080
-27.6758334237
0.3354562317
39.3059694076
87.9726493859
13.6476914403
3.4970184124
-8.0477394929
-57.2730578283
-16.1422508707
-6.5706411010
44.1383475493
-28.4529307071
-72.3131087494
43.1523681801
19.0914754291
19.5746137513
-4.5766079586
-2.5530877291
-13.1288878066
-39.4241964286
-14.7461939421
-7.4868871733
74.9833491289
25.5376093026
-5.0512746429
-18.5277332184
14.6005657257
36.9595462442
-10.4458439171
-9.2526841419
-38.5280040896
-45.2231192146
-32.8163780707
6.6091536133
-16.3631953168
7.4006861220
45.8383161908
-2.1996268950
-0.4403200264
17.5367247035
17.7761682471
-5.0294789112
-63.3644632051
-103.8567062175
-159.2621437751
95.3982393251
1.5730766906
109.9608890158
-50.3067696498
-11.2172966041
-3.8923239681
-8.9895854701
111.2388126048
53.2152784060
-37.2311983769
-9.2465237052
-24.3914787396
-28.6454493924
3.5364618088
3.3396883310
5.9834726293
7.9721754227
21.0300907300
23.7912909350
-38.1195902631
8.3329042676
186.3370660321
-56.0554792443
-9.6943572113
-99.4839262963
26.4778674406
23.2289325991
-25.6845300841
55.6136864051
-20.6889827868
-70.7100421756
32.7998391660
1.9243354206
33.2322615007
-6.9207045047
-8.0794962770
2.0459005801
-13.7956201854
4.9766639877
-25.7367295569
53.3691991986
38.1893330468
179.0289797519
-58.6742257255
-3.6115823749
-108.4277502168
-48.8610651752
-21.2515522021
-8.5616230781
49.2639019981
-13.2471646329
-64.3528023951
28.5357746465
-28.7809778131
31.0864266611
-15.6459734459
27.0358891611
-40.4198546205
-7.9876114966
1.6660536292
11.6466227117
125.5620389111
29.9374714282
120.6865483854
-81.7134145040
-14.4354755100
-127.5573183709
-2.5562159740
1.9489771672
1.3954391062
-38.2454268168
-15.0239448478
3.1071949931
-5.6534807464
43.6388043222
73.4141809656
-6.3922445793
12.4041441552
-7.4801468610
8.9987448951
-58.4699790867
-63.5658982183
39.5285408256
-1.6990602883
76.8065348043
-59.0055279612
-9.4961915578
-65.8035075553
-7.1720337186
-1.8763693951
-11.4442639294
23.3829103120
13.6308193146
-2.2688135199
-13.5591234532
-85.9478721665
44.5822606697
13.5191096680
80.8615120877
-35.2427873001
3.3061243273
4.5271631912
-6.6294243552
-29.2728403571
48.9796775941
82.2252809761
-2.7884152236
-6.1761253145
-13.9967539954
-24.5871446432
-10.4950621892
5.5855285805
55.5142490124
-36.1372838885
-76.7101189308
-55.0701212550
22.9910401337
27.2799230898
-3.5182532419
-13.4818944642
10.7940526677
59.7225245226
-5.6803518714
-35.1779135738
-9.4543847832
48.2992214937
66.9296662080
-5.7231713531
0.8780063031
15.1517961429
-54.6818334981
-19.9088556833
18.4044972109
69.4472795458
-30.2033331062
-101.3742150765
7.1435451083
9.2913116806
-6.4139561163
-4.6366553178
0.6035188280
4.4622693056
-2.0947785162
-8.9598707018
2.8399423253
81.0176978339
31.8467478719
137.1848689373
-62.8926615094
4.8936279423
-120.0611057551
12.7572622817
-13.1400690881
-18.0595957669
-19.2582981564
-19.4779666391
7.7522923030
-36.2507402768
-60.3253377760
33.0562212423
5.6344966404
2.8901650035
-11.4990983378
18.9922420007
53.3128326855
-28.3735826228
31.1836370472
47.1296705989
-6.5455546645
-2.3091711985
-6.7274067228
4.2234056375
-42.9110794701
-23.8165469465
15.3791808838
0.9817826829
-14.6448924095
7.4435340638
29.8992304732
-52.0137394882
10.5479269180
33.2340734636
35.6905437265
-18.5593500735
-50.0784741842
14.3823700558
-12.4891439509
-56.3377897032
25.8933196744
80.5107810563
-5.2554015119
-4.6551852472
15.8423579683
26.3088805561
1.5738463004
-5.9769362815
44.2951653480
-25.0941491729
-99.2891130113
-16.0744908109
-75.2272063675
53.2066526088
6.2464373011
77.9389748493
-28.5697181189
0.8171976349
-0.4296000365
-15.7240242217
-2.0711803084
25.8956949111
-7.8117348840
-26.0200112184
-9.4655221886
17.5766175331
4.3476424936
-10.7596087711
31.5314853025
24.0076046775
-7.3782120901
-42.6223180438
12.0805261601
-15.0065663686
-19.3215484683
0.3936916280
5.2919929641
10.2126888808
-12.7382734323
11.4222227290
10.4348108656
4.9648162644
78.6584213553
-26.3827465040
42.5020181752
4.1301891592
16.5924252241
-8.8778817527
38.4899244088
-18.1330146533
-31.5041789744
-125.8149215748
40.8141000356
-21.7890873579
-46.1236671424
-29.5071373570
2.8743328592
12.8092672768
-3.3623639556
11.8299807862
37.8507853313
19.9787372101
-69.9926839331
3.5570800017
41.4951158523
-4.9974802158
-5.2192215461
11.1622523021
49.6419322427
16.7043969413
-8.7234664650
26.7847639117
-13.2813855917
-52.8023382298
22.1443020488
1.5007653784
59.6541086934
-0.9764179446
3.2319761496
-9.2583975170
-22.6044149238
-6.4936113331
-41.5272746361
-13.7001162226
39.4922470192
103.4534436781
-17.1553136303
10.4263534576
-33.6414710256
-27.6163600109
-4.5020305070
15.9325944317
58.8030280640
-37.4446506885
-95.0081751804
-24.8637239393
-23.3302127866
28.3933742855
0.4296688152
15.9775472387
-21.9679949765
24.1028169238
-0.6192537334
2.8382299730
-74.4588558368
13.0452505405
59.1783688244
34.8388678056
11.4615522848
-20.8024652636
16.4630003198
-4.4848773374
19.9888405634
31.7856083544
-19.4988741768
-69.4413207019
-7.7711957719
-17.9522784701
51.6477206128
1.0367641354
27.3136614119
-26.7669739462
-1.8941901924
-9.8844354387
-13.8041700889
-15.1274366261
38.9104646309
41.6902279688
-11.4901582931
-4.5984001327
0.3243650740
9.5993465577
-5.2830066717
14.5311514196
15.8076697886
-28.0653402238
-52.8817776237
-0.7942314796
-16.4890413572
41.4968436206
-5.8604109402
8.8726450851
-19.8773408104
7.8652198069
6.6526786695
-25.2834672772
17.9400655082
11.8355945508
64.2772146082
-21.7863658561
-3.7573410337
27.5083359537
-23.1287813309
13.0297575463
-25.1014942633
35.0360693715
-15.1555374668
-63.8376547049
25.9361794746
-10.4746254297
19.4602940717
-19.7341933704
13.9360805129
-6.0567670025
-14.2629749828
-9.4139286798
-16.2499286628
62.2888296198
-17.6104021029
-121.0189048324
-28.3077009328
-16.9273264829
12.8794571219
-21.7910238340
0.3267770718
-12.2144667415
-25.6524578666
29.8877278292
127.3480710465
15.2111948478
38.5895290049
-21.5575913112
0.4587764337
-32.4033774167
14.3140419788
-2.2076182680
-1.8629267176
0.2493915520
87.7185927411
-20.6495690364
-81.7413801590
-7.0163827860
-6.7424396112
-7.5290935759
-49.8470398011
3.6121136311
-28.5244463209
-27.6810096135
22.6215337041
114.2245574649
-70.1202280958
-78.0769674446
-7.4146434539
12.8690798397
81.7258361737
-43.2925439061
54.0769877156
-2.4905086024
54.2775511367
12.3871688615
21.1903213750
57.4180030011
9.1340053160
-1.3776349106
14.1603702125
-36.9815281527
-1.2052778700
10.5938924321
19.9848430982
-17.9008225187
-79.2945021525
27.2538998401
-46.0055349885
-6.3427096880
-11.0491552231
6.7465805631
-5.1358368638
-20.7292325541
38.5523695356
8.6007842446
14.5632781857
31.0840016192
57.9174833787
-2.1278729274
-17.0664562983
-13.8278382612
-57.2989399631
0.4323440693
37.5859743072
44.5150318660
-19.0690286715
-86.9223963253
3.1090366020
-62.2684319930
29.1205180763
-1.9051271910
-2.6398164790
-1.8257067704
-0.8554077581
69.5273853817
-22.0480332194
-15.8468961764
-48.7658564864
-111.4178992851
17.6825236808
-1.4237640706
6.7012577740
32.0668373276
25.8347356413
-13.0631211431
-34.1897498880
25.6384448002
116.5005536151
-36.0646203819
-16.7859957492
50.2076453187
-4.6861653065
-1.2234603483
-23.3327421825
41.0380719302
16.7258962130
-25.5956929114
29.2255799062
2.6972739646
95.5270369202
-30.3282506342
25.1554641946
-29.0127015410
-49.2919743787
0.3297357415
31.9918922657
43.9476989330
-23.5633310619
-98.6574897852
50.5661175110
15.6551897911
32.6242376682
-8.2999059094
-0.7728484202
-3.0558588116
-35.8192666137
-19.5014842098
-29.4171167164
-72.5209508539
91.0132025660
-30.8824100752
-8.9721287256
0.5267428297
2.0370648893
69.2216806794
29.0107733658
-4.5338015212
11.1244014883
-121.8176780776
35.6256332392
-50.4704854774
16.3581460118
377.8803283483
79.7687680229
0.1552833223
-375.4900255627
-28.1512851337
-15.2464700180
-4.6367893177
75.8409068141
5.6009812562
71.4392837167
-19.6764251949
-10.6195611158
-9.0896430570
20.3092271456
-5.3580809901
-71.5149829726
-72.7996350153
11.5498048385
8.1320503158
-41.0397925834
50.0109844957
50.1987942121
-0.4989443781
1.3753237093
-13.6184071317
37.8646632120
-52.5594510080
-35.5470950833
27.4242634844
-1.6952976193
77.2002845384
-9.1399202838
-3.4188632827
4.7312390692
-52.7513044373
8.8536503066
11.5560743724
32.3324155900
-2.7237015856
-92.8168527201
-21.9055522213
11.3232691588
41.0210468312
-11.7753384838
23.3139501825
0.9837250882
35.8154375377
-35.6530071602
-42.6755183652
-36.0706859514
-11.1912982569
59.9234531823
-15.7529361766
6.0102334712
11.4345851067
12.6666261903
13.8995566536
29.3517686542
41.1241247515
-4.9567003782
-100.5554450183
5.4499171511
-3.0857289249
20.6662443127
18.5174519892
-8.2200870468
-20.4229052860
-25.9344979541
7.5440244821
-0.3977021375
-13.3452774428
-5.1211834441
63.4458355176
1.0938113204
5.5006651563
17.1810688803
-27.3455569393
6.8958576078
17.8585473374
36.3761997335
-8.9338545670
-94.6344827370
-3.6731926707
54.1440244133
-13.9386276963
-0.6422768090
-47.0336116631
17.3328599050
7.5362928080
-5.4518975032
-7.2452000211
-45.2290412975
24.8598248988
69.3887465038
4.8439270335
-1.0559071438
3.5937675068
40.2854491900
-11.3182732166
-7.8760062038
12.8429996697
-17.5926109516
-67.5275179085
-61.9713032826
-45.9083483193
16.3636992986
31.1895318557
56.8487845832
-33.2688885281
18.0384344595
-5.8334710365
19.3262005170
-9.2132241438
-1.4733795989
107.6735704692
-23.1620761490
-4.9843221398
-5.4087151547
-6.5912569222
-0.1639174203
16.4168355847
38.0914740065
4.4061304737
-116.7894988465
47.1997430459
16.4645834157
-31.1818488011
-7.7067169301
11.3331199282
19.2493106782
-38.6179452789
-25.5822146586
10.0403472560
20.6415669909
-12.2930274283
-45.7395665850
-14.0517366337
5.3426781197
-3.8539241106
13.8473737826
12.5200172846
-26.8825743326
-20.3470056232
-3.2879821674
76.9155253208
-11.9145335205
-52.3017763665
22.3357795670
21.3132087456
-7.9962823556
-3.8104073552
-9.4888737417
58.0163717277
-18.9648313186
16.7752318832
-13.5562537214
-59.7673860200
-23.0789061037
2.8961131749
-6.5835394782
27.3781260236
19.9090205150
-34.8229834844
-24.3115152045
-11.1260545487
100.0625413071
51.4380013243
-78.4366385206
108.8994724613
-3.8040737860
90.1979414071
-107.7202095402
-44.3968641369
-9.8841294921
-0.0678940597
14.8428386826
-22.5039209479
-55.0465100030
-36.2552191930
7.3360009442
-10.7554334299
44.4204362562
28.2688231820
-39.4349780821
-24.5338755431
-7.5211259197
106.3573608634
32.8892633293
-30.6589065872
-31.0613271804
-5.4927745797
24.4371027318
13.0269411773
-25.8706689525
0.6420254110
16.9139466548
29.6923334829
-13.3469447333
-20.2385309470
-25.4773615365
6.6356915174
-4.1702515639
22.7164269595
17.9666698194
-29.4569182363
-29.5785213426
-13.0571468832
53.4688856176
21.7773428026
29.2168236667
67.0436135339
-3.5440926865
-21.0572571291
-62.1868462294
-15.5861276794
-6.3578374437
-4.4599521751
-34.4907977983
-25.1810012502
-60.9125928140
22.5779185240
1.4328333717
9.6713210914
50.1103127912
43.5556307194
-37.2762733255
-36.5399108178
-14.9475388315
86.9555535860
27.3033505367
-6.8151481797
-56.5742283294
8.5396103378
-14.3093816292
14.9008404685
-37.5004835738
16.2646057994
43.2353793229
89.8060392111
15.4494205342
-63.8168870962
-24.8722916304
-12.2633517926
13.7470256650
-42.1147300810
11.6204346302
-38.4204235364
-23.7182621899
-11.5739935944
92.7340241965
-4.9949603067
36.3550763729
-9.2369610948
-4.4613953418
-21.6431211772
14.3856915925
10.3556003387
-17.9444649731
-9.3924697266
8.4507684218
-34.1651591325
55.3540954469
-12.2743884017
-5.4860046215
29.2060016946
-41.5641151145
11.0196313749
-47.0332428670
43.7088186632
34.1836463717
-37.5922414694
59.2445161424
15.7908296807
-6.8851471047
4.4018341769
-23.1196041184
-29.4538587702
-61.9674338881
1.7766592592
36.4043930697
10.8011356876
-33.4759218900
51.8111435381
-12.5969011943
-14.9690357315
40.4880913879
-47.6353434308
10.1726608655
-51.4370431659
47.7968192074
36.2968741801
-40.8567618006
33.9576087446
22.5656272967
29.6143514858
-5.0388695749
-5.9382731676
-24.1585181809
-27.2844506254
-14.6519327391
-5.4612632643
6.7867983127
-34.6477187650
22.3563859015
-10.9440910215
-16.6491261440
50.5990316746
-46.2518516584
13.1909012878
-34.8784286001
46.7577296406
37.1774786578
-38.9893288926
-53.9278932901
-37.7764616493
205.2577710739
83.1696350041
35.2160561041
-233.7116836562
-25.5903269873
3.4888705086
29.3662524990
74.0333694778
166.2753212367
17.0019584831
-109.6254482001
-37.0122425838
-1.0223692286
22.3247690464
-11.2584819988
18.7822547124
10.1964571085
-110.2073041104
-13.8723262192
2.0657847383
65.7226309238
58.8742389171
21.3218701180
-41.7633634395
1.5788197117
-20.3168022889
-31.7565600279
-81.3425763765
-10.9841190368
133.0391855980
40.5313674178
5.4970768057
-15.9227104587
-0.4384203114
1.1765461626
-7.3896684864
-4.0500619783
5.1299420553
-109.8760433792
-34.9440636354
16.2981757322
44.6444318676
7.9542763599
1.0463872236
0.9010163345
-3.3564003683
-18.1640077568
-45.3962114758
-5.6966962985
-3.8775555219
12.6822436977
-83.1209800058
-5.3997430924
4.1291728947
-18.3774612542
16.7703438524
12.0386612793
-19.5716147630
-8.2343088210
-32.1492863825
123.6333941495
-10.9401113439
-40.9077386728
9.5209862777
-1.3204525399
20.8393009987
5.9291576186
13.0018274665
23.3676473707
-18.0134832087
26.5738931729
28.7346352020
154.5346329856
-47.6510154868
-67.0456294612
-54.2171942734
7.7320595080
14.4227763539
-10.2580887494
12.7778852179
26.7630357730
-89.6058173118
-13.7977819710
-42.3684867084
29.7323081354
11.0690725848
3.7709390562
-18.7697725649
3.2958869741
35.7227297846
-11.4160682216
31.0643309121
-17.1982220499
120.5651302700
-18.8181536342
-35.0306334828
-23.6506195281
-22.3759415821
17.2602628054
-7.7564830601
13.4878189188
22.9083966011
-92.9433972199
-33.5813987638
-53.8206340994
-4.8258939709
29.4381795991
-16.2118513536
-4.3846632197
0.7851645501
82.0926815792
12.9959279145
-54.0396266536
-36.6112521132
103.4046499366
19.1352210514
28.4084546075
-1.5557183707
17.2406988239
-19.0030959905
1.1377597214
27.8449732816
16.5217906891
-96.1991126922
-2.6489747182
-0.9325715259
29.9186082779
14.4556407122
2.8484922287
-2.6759158078
-21.9879324974
8.7681809183
-34.0302722511
-5.8869701895
35.5585538513
83.0422556731
-23.6870544494
-70.5512048921
-43.1529041796
34.4775828019
5.3729205867
0.9980488445
10.5320390392
24.9561731794
-36.6734007801
-26.1404723612
0.9106251926
1.0384610718
8.3582930932
-4.5586650198
7.8531479599
2.3465832517
8.3115959161
-13.1056085897
43.6422646022
-32.4865012143
73.2975500846
-5.0201641413
-12.2298387800
-32.4261289350
12.7507674382
33.9160592971
-28.7679489935
-54.3999867024
14.1346351217
-9.8694238954
9.3509890578
13.6573335020
1.8382493957
-4.0805629583
8.1919672327
4.0178735486
-2.2433072962
-25.1836527875
-8.0901712050
-149.6431336254
21.6410625597
-88.5840504896
19.1299725254
-3.9274402358
52.3744137846
7.3094926860
-1.4563070664
9.7194863380
123.0937090665
-13.6070254433
30.5999003952
-8.6507484098
-53.0018166077
-52.3041195855
-34.6316447094
32.8744237327
10.8769665717
43.3923524666
17.4771030607
37.3174029857
-97.2850666395
24.8025571476
-40.8931611467
-12.0830342108
-11.1458592556
20.3021915594
-16.9008727733
-6.8341370290
1.4418469385
124.7127892180
-4.2257429274
19.2607433576
-22.0996931352
-62.0264507526
25.3652795362
-3.9876844443
-7.7454239201
16.7139239765
27.6435607993
67.1750567372
-42.1908242214
-22.2568666858
30.2286211354
102.6938244844
-1.6162768267
-11.7326067543
-7.9972250981
-19.1751838455
-8.4035139000
-5.0820946137
40.4609297322
-8.8033244603
-88.6698341254
-20.3766361970
21.3782627196
12.5623078818
24.9205932484
4.0407934561
-6.4186010500
-1.9565594255
-26.7082333823
-7.0883786649
-2.5464897177
95.0978282107
24.0676804968
6.0357171640
-17.9697731616
3.2525397939
-25.0446723878
9.2039556216
-25.4120253327
19.4837025452
-89.5887649385
-2.9757956660
-6.0593319735
-29.3264912976
-16.0186211645
-29.9723671298
-5.5580005003
-4.7633587202
38.1034426855
38.1412484374
21.8495805928
-52.5996296249
95.8407045353
-13.2003500577
5.7037496723
1.3773431941
7.5490726012
30.1595791830
0.2036264448
-1.2343937893
17.4404961927
-97.2134644594
5.5808504433
-33.5567724330
-17.1768389905
44.9237682408
12.2375514807
-1.1822678386
6.3318070789
20.6150243434
18.1508959285
-49.9507557031
59.7419639910
-44.8913082538
-72.0016005481
0.4134643173
13.7764582036
-6.1656780677
-30.1065567375
12.5380669490
-12.6250115217
-30.5493587261
17.2763748079
89.1119127519
7.3955846401
2.0759627994
-46.7453091567
13.7586955124
4.9329029494
8.2816629532
-20.6537929970
-5.7084562697
40.1440224033
61.2113212220
-63.8814477609
-75.8346467669
-35.3442999121
13.4962668400
5.8570585717
19.3542847559
26.9434351777
-11.3524680870
-47.0340231494
21.3672877742
80.5171679883
76.4629982617
52.8243948461
162.8882230390
-33.1000320859
-1.4679081351
-131.4376807750
-41.5502490922
-49.2820287420
-30.6376551560
40.1964495573
-45.4976185481
-2.2739920813
4.5443661661
21.0612866120
-3.4339104012
-23.9901503046
16.5220207420
22.2862494191
-20.2685694495
7.2057447664
-18.4439785542
-4.5255670511
-4.7274396391
1.5328091357
-9.1555781098
-2.2308986707
-4.9567845729
13.1990480058
7.6669035518
5.2896070548
48.2947330909
-24.8055454633
-111.5388561089
2.4564287585
9.3220012091
12.2056654400
-10.3272599584
0.7136524938
-5.2725558674
-43.2023062568
15.9065557660
104.9516618731
-5.5554343435
-8.1909901009
2.6225044069
19.1534118307
-4.5639265901
-5.3153670482
-10.8195719356
11.6182526854
2.3469484903
1.8863387485
24.2383394152
66.0201308019
-4.0029995626
7.7650566803
17.2497693109
-48.5021388064
1.2242750201
20.6212618596
51.4592325963
-29.5319593512
-102.5257803423
-21.8983897502
-14.3068747643
45.8977647010
0.1537962795
1.1335606634
-11.9654795608
20.9041604950
9.4776023364
-35.2976655845
93.6802862405
-43.3950134907
-85.6800621540
-36.3803003668
22.1679559911
-19.4980085139
-34.1813826039
-12.0290263326
8.1566149829
-31.8962851348
30.9795042489
96.9533386875
47.9295822501
-16.3596520281
-1.5618835507
-21.3218025251
7.3917116880
13.2316538511
-17.8300978599
11.2445199235
-11.6016556745
-93.8516400608
11.7194474924
31.7989810675
-9.4184467286
9.2481305179
-16.4313573763
-13.7051631559
-11.8402750596
-0.1179898531
116.7157467392
-5.8215189593
-17.3301763500
-6.3860473816
-16.1383447151
35.3532079391
0.3437310203
-5.2625995582
-14.6107686895
6.3018195674
18.0951614678
-18.6618991093
97.0518700988
16.3102309775
58.6600525708
-22.8402890903
-18.1238967327
-26.9227375336
25.2639198975
-0.6970448104
-62.6281943787
-106.0297525181
0.1128563535
21.1816101974
5.1306618599
-18.8146803101
37.2951732368
22.3315722081
-13.4188386300
-26.5021071877
-20.9079824560
34.6313743380
-1.0837969051
74.5864154154
6.2248597640
32.0864107959
-2.3981850613
-6.3671617003
-2.5558780097
12.6037138427
-1.8734629023
-44.7879931655
-79.9174829798
1.3568590011
18.3893409952
49.8738706076
3.7024461475
43.6822190954
-7.4244882942
19.5047417111
6.5333120566
-47.3238423446
-22.5482843927
-53.3474117678
-128.2514993787
9.2392663670
41.1038706114
1.6635384635
4.1370480554
-7.2533182789
6.1748742537
-2.7091003428
-10.0161051373
119.7662087948
-9.3030135457
-27.7695479546
35.0651876626
-43.6918042368
25.4890669591
-1.2958072357
1.5296465015
-8.9173891844
-33.1225025602
40.7979560155
-12.6365758293
-128.3966307282
9.4026845488
39.4904824899
2.9401766023
4.2297818970
-5.2349196906
5.1285451362
-0.3030211473
-11.9823196688
118.9373567285
-10.0608622809
-22.9831578579
-53.2591841167
-6.8780320672
76.5442187867
36.8199551372
-36.9256158161
-37.4759568536
17.8297824266
40.5350660515
-38.3583460198
-96.3878236466
-11.9180554640
21.7826091162
5.7024701514
49.8080387229
-40.7686610343
-4.3702054634
-20.2931412316
31.6353482486
96.5064360655
-14.9200652999
-9.6649614337
29.4534235670
-20.7189335373
4.4061862082
-12.9180751740
-3.4602953321
-20.5991447655
-17.9862255000
21.5024521420
13.2086248463
-63.0241912789
-34.5218075035
63.7133680436
28.4532532555
66.5282772952
-45.6673952018
-26.5027285676
-5.7019151785
-11.5649693552
65.8008228145
-24.4228287807
-5.5884398167
-14.0285878591
59.5670206341
-32.2331987634
-14.7989875205
-31.1510928655
-5.6623081363
24.1004191562
-30.2976547870
37.0029432298
6.7245334334
-40.2579424549
40.2904297163
8.8206934527
13.5200358087
2.3328453001
-27.8456741128
9.1856450725
0.5958511892
9.7780988313
19.4919880064
-41.8002821834
32.0181005064
29.0800833180
-12.2919364559
-39.6898363546
9.8833077053
16.3483533485
10.1940842435
-40.9031162701
-5.4752609148
0.8282271289
-53.3429292942
37.5887088533
-30.3830055913
10.1691875413
-0.1693307780
19.2548094163
24.3900438737
15.5982588184
7.6422961946
17.5587504880
-51.6477300996
-14.1140999376
23.4513154686
38.2216685207
-29.0028306123
16.3354893607
-6.9640481275
45.7746022156
-38.5618562523
-32.6275271872
42.8870804485
-40.4328348207
5.6901848533
7.4900616658
22.6074210271
24.7285073945
-3.9834830147
7.0962905866
-42.9506082469
-49.2609516292
12.0359504500
13.8975419121
45.1460977475
10.5008182545
-14.6240560221
-1.3462445509
-20.6215286735
-3.8513200068
-40.9325606670
8.8138831760
17.1097501158
-60.3703688485
-20.3062779626
34.2508858480
12.4346178609
28.0345688723
32.2838981491
25.6886568059
-22.9540941155
3.2218218052
-3.3042839043
2.0092960837
-60.4257013095
-50.3232824661
51.7333216293
-92.6057898752
57.3123624814
-22.5091754031
86.7166756878
18.5622980707
-16.0076379183
-3.4417903053
-97.8738893575
105.1218037654
-10.9849348944
38.2563602578
-4.0749883264
17.6497945082
49.9424405959
13.4959039731
-19.9357694985
19.9217765914
-131.1621509469
19.9355762067
-19.7818783519
-28.8418173131
-12.3739289625
6.0892566355
3.0894417887
-18.4569350375
3.4459348147
42.3718082451
24.1661964923
-1.1818563523
-74.3528678662
34.9064986090
-4.4842773025
19.5188745473
6.4074909189
13.9697014369
31.8027710108
27.4497578497
-3.0886792938
22.3793330834
-65.4846258035
43.0476680313
-26.7713402076
-2.3708526447
-26.7576378312
0.9552601947
-11.4559076883
-21.5049186884
26.4679680518
10.5476375731
-0.2231714528
-87.9731841996
-89.0600619159
3.8958127081
-0.9057241176
28.6895045190
-33.3098118522
32.3037657055
25.6176558464
32.1724149978
55.0818254918
48.2283331890
0.8417872046
3.2930338441
-22.1496596721
2.4990015855
-1.0592796716
8.2020777010
-5.8760320051
-0.7404370526
0.4721503326
9.4768244257
-68.2611648436
-29.7689968264
9.9322188449
11.8342664105
-19.2268473188
2.7389123500
30.8093599849
23.0384879472
-21.5218240175
26.3944542982
26.6786016226
-27.2200713942
-28.4968933381
-20.8104601941
10.4739222268
9.6205090510
1.4415042308
16.1200187501
18.0994696231
18.6477105387
-43.2050751923
-71.4992279078
24.6795310337
1.8612546837
6.3725821731
8.1935349126
25.3042503018
44.0263793896
29.5327396337
12.8164416063
22.1156616511
-61.2519302987
26.7913180471
8.3927275032
-6.1629577517
12.9180158820
-29.9713354493
-7.7196390241
-36.4862053287
20.5632126402
12.7287214945
-7.5751065235
-76.1531205899
58.1714605723
14.0522963500
18.5115050036
6.6328632900
-11.7164117431
20.4767483325
12.3624014158
4.2363277315
35.2988075480
-77.0480903283
65.9017899403
13.6984845073
-1.0053915633
-30.6182417761
-10.9331362354
48.7146780215
-34.2806551650
-0.8992885662
-47.8279225939
-13.7589587688
-76.5134640370
59.4355276256
17.0585906243
17.2811715290
8.3119160928
-12.4268707708
21.4700395886
11.2923555066
8.1507071301
35.8385424362
-78.9794945386
60.1069381417
13.0044505437
-13.9891705512
-27.9040529957
-0.7862839827
-31.1770105755
-31.2263545466
-10.2944548920
45.1058776262
-50.2267610529
-96.9281799148
7.6735750853
1.6784432813
19.9444972779
18.6407235718
31.4623354387
48.4726588343
33.8826755410
20.5581206450
27.5578257830
-62.5465671107
-27.9507240843
-3.6138319126
26.0967125088
5.5590701276
5.5069003008
17.4076780821
18.9195168305
-0.9398703685
-41.1547976783
-37.4339484862
-62.3771355363
-109.2427919953
-13.9123720220
21.4254152591
22.2722304235
6.1711602041
-12.0941716162
37.9093907095
49.8414971868
54.4525561572
38.9449203859
23.6160594192
-3.3451111754
18.8446476623
12.2727673589
-1.8413136052
14.2382170239
-40.5551636608
3.7797605169
-22.9666142098
-17.7959421223
-43.0645010242
48.6559920062
4.8706570436
9.5056913187
15.7859902693
-2.3638893946
14.2750539448
4.9307032170
15.8431714542
20.0101275699
-70.4257323912
-24.6763968597
-7.4191579452
-8.0905186560
16.1919505937
-25.8083092061
-10.1660047479
7.9304492851
32.5010953421
19.3095703026
82.2010459724
32.9310890774
-65.5631924195
-5.8336750009
15.0784306193
-13.9652403084
-22.0509539423
9.1493014608
-21.1395484672
-56.3526672467
-59.0940698598
95.0537469957
-2.8162041885
-49.1779594598
18.5967194364
9.1375580914
-1.5556270610
-5.5935472278
-4.2851048713
52.6688340373
-7.3889380092
-23.6276071251
-74.5172050737
39.8702713345
-16.3681722856
11.8805402428
14.8352315217
15.6214028496
30.5150381568
13.5735420767
21.8907766600
31.0039669337
-67.2768895259
87.9647398359
50.5232992152
5.7645168362
-38.0730958646
-10.8764495456
-36.5544776712
-47.4080440703
-38.5291899292
29.7878042422
-49.8604563902
-80.0387338917
73.8214053949
3.1788955980
5.9915173650
-3.3266049628
26.4207194592
32.0501252903
25.1073736560
20.2802309960
42.1130509321
-97.0426691695
-20.0822064575
-25.0042471163
-22.7405054323
-0.7531978724
-14.7290846485
-7.7777143321
20.8160146668
39.6173708832
31.9587136599
-46.5339439228
-94.9647592214
20.1388136960
-16.9769562413
15.8974141286
12.4335636495
36.7832047825
45.0275078596
32.9635573653
24.6397959208
33.0100612505
-66.0271545298
-53.7181407980
-66.4971573069
135.9491612377
89.6540311777
64.6761606914
-123.1156245679
-33.8479909189
2.8507725983
-12.3423180366
-53.9628791155
-67.1305000005
58.3803592599
12.3767322872
2.7311866051
-1.3548347729
23.8758306250
30.9202098978
17.8929082253
15.2072270286
34.1030140231
-73.3477941080
20.0265277314
-0.1349260141
-8.4994732253
14.5820559556
-30.3574483765
-14.1169423951
-32.1054945124
29.8684638651
21.0457782019
-55.3684962828
-66.7254302417
58.8099652256
13.4381298684
3.1613131544
-1.0507321399
22.4609627230
30.3056236290
16.9807532996
17.4539246401
32.2776131993
-75.2360551025
-14.6275862666
-29.5076472680
33.1159863717
23.5359962736
28.1424707881
-49.2466598905
-6.8929297699
2.3460567389
16.6267434218
-105.2114034329
-67.9641274429
9.6589361828
25.1693634204
-4.1296721332
-4.6705667725
15.6049825288
7.7843242019
-55.4302156758
67.9601121900
63.6337199419
47.3333195746
24.0769158156
-34.9161632016
-20.4271992112
-22.8221576030
28.0048351305
12.1105848219
-4.7778129190
7.5870846892
11.4251410802
39.5834380834
-6.4414486213
62.4868316274
-38.3508704871
7.6755578091
21.4159996927
21.7554462746
11.7317268613
-67.1788644681
-10.8750490691
2.2658370625
-5.7679415409
-50.7253698384
-86.9899820667
7.3295808086
41.6833761877
-16.0927598555
-5.1704669373
-3.0709711513
87.8510699964
-13.1151379966
-65.6910781040
-46.2131921020
6.7607228860
8.6598983480
1.2014108471
-5.3390577515
13.1257216149
12.7448406120
-25.9581993299
43.1081446644
38.3308025237
24.1389115092
7.8263396844
33.5678173430
-28.7278616863
-17.2988998309
1.0336702799
-8.3513938785
10.2698736232
-40.6653506894
37.4768782510
-71.3449122306
-58.1714131387
40.5876378779
-11.3775379217
-0.4875840348
1.2657450164
48.3898670718
41.2294154485
29.9379481357
33.3344998466
23.0536251896
-72.2862150934
20.4855093153
2.8579267685
2.0180345356
11.9343156964
-13.8456199258
17.4015627073
-31.4217429638
5.3636485070
-18.9247131796
-63.4986516270
-65.9176979784
14.9699428988
-30.7681129265
1.7275951463
10.5995998780
51.9132040080
46.3500913532
42.7604861433
41.5388258995
22.8935249869
-68.8270131054
-23.0065592163
19.8638981328
-27.0679530778
7.9410518769
9.9121603683
1.9331070760
15.8802419856
-34.8295731949
25.6318313728
-16.2285835502
-38.7722289385
6.4316737456
-31.3936954858
7.2929051619
11.1169876192
23.2387572801
21.9684764273
20.6574513122
21.8532851557
8.7977308550
-36.7781566634
51.8617788884
12.7100160608
31.9556838398
-16.8258245434
-2.4068784514
1.5355638410
-32.5057165590
-9.5900211152
-34.9192036943
30.1689840767
-10.4450079002
69.2373242752
-41.8207331729
13.5495300109
15.5573224500
-24.1163200792
-16.9672631885
-23.1380261364
36.4208572665
12.5177499593
-64.1114022162
-12.7395612541
-66.4309329093
42.9138175737
19.7183968013
-15.9319754234
-20.3527367859
-7.6316212666
83.7079006370
-20.1062991604
-22.2354753255
-43.2849948512
23.6664066105
-32.6960485561
9.4982466178
7.4286114584
28.6942300897
23.5540506813
24.1932454932
29.0979017437
10.2760554050
-57.5365573138
47.4067052574
-26.8858721525
42.1131837461
-35.7668086279
10.2210134747
-38.1133788354
-14.5005045813
16.6214996391
-1.7515111591
-44.1941424878
-49.9308217396
41.8600307110
-31.1796087501
9.1707094229
5.2435371869
41.7433464673
30.1210820866
34.2183238787
36.3885953147
11.0310474526
-83.4691472520
-7.1592989872
-18.3477832468
-9.0390978304
-5.0368749928
6.2952523878
-23.2343495144
9.4379846217
11.6605148224
34.4207040061
-31.1494907962
-25.4845548394
-22.5016310917
-16.3770506666
2.3782392395
-1.6008122927
41.3274416921
23.3162175078
23.1315395938
-5.7154444224
-8.3165788140
3.5336905016
14.5061029300
26.2299297280
-17.6430079482
-15.0672718688
0.8887594965
14.6916382060
12.4757119459
-19.0120123183
0.3885830310
92.2807963062
-10.3060500315
-73.6750905774
11.5375681598
1.6311531844
-21.9919323344
-33.7666707834
4.1113366815
-13.9753721218
-71.5092340222
10.1724901046
109.1958801812
32.4060633434
-23.1340381578
-20.2878274844
-0.5645580683
0.9674695991
0.0130134036
-30.3839649355
16.5576374340
20.7213289332
