0.0000000000
47.2533302204
34.5275349117
87.0572882139
44.4946165087
39.0362072527
28.4886058934
20.8107056588
76.3812380962
75.9294582611
39.7454324286
75.5645094930
13.9545435120
70.6123135852
54.4455275672
44.9676071155
47.6871310070
17.1686503135
63.4824320183
31.9614500974
44.6718856222
15.5166361136
82.1540921316
93.9153341729
92.8647838113
43.7357081390
51.4751127714
45.0503762516
28.3319049721
21.8614637292
77.7250877275
50.1585451587
53.6677440518
29.5421702290
46.8910132672
38.3033955180
11.2325001315
8.5469068229
39.7591638006
35.0747685531
34.2258137087
28.2732074670
36.5615274918
42.2966977528
75.5927566359
47.6308331348
42.1139265523
76.4926359067
81.1248491796
27.3176396449
19.4280056952
30.1467176960
69.3123708348
73.2474449488
36.0498446876
47.9754157719
73.7607781282
6.9353952130
18.4932984891
64.5077937650
69.8850535116
55.6143960195
57.5303208891
41.4995634322
26.4595531432
28.6720855630
89.3664730014
26.5370379413
6.9508008059
68.7879142526
18.2652373557
41.4637998661
37.1005519289
23.0459373254
11.2962234367
31.8330753863
35.6499042019
58.1072073160
39.1498823299
65.9158599314
65.8045110674
93.0573380340
86.5323490696
33.9382254900
81.8876174191
93.8601413617
66.1815483626
24.6988306795
76.7389565897
76.1939217751
59.5019299173
18.4390871178
34.6108581471
33.1618507548
42.5331080273
17.0873389042
93.5955379110
41.9369191142
35.2159182971
41.2554792271
