-46.4071681842
16.8063044379
-31.0465338316
41.7950111264
-10.3581356637
27.8524322126
-8.6119761986
-21.1768348214
-21.9586576756
9.7070575532
0.5358405910
21.4501684746
2.2083250283
13.0733098768
1.4009746054
-11.3913612537
-4.3968915975
-11.8724694186
8.0107697579
15.8014619184
-8.5186055612
3.4147602777
-11.7388668015
17.2085151375
-43.4228321015
24.6059911917
22.5062866979
15.5414891198
-22.1148446076
7.9698926815
29.1559236889
-1.0373357101
-24.9920021367
-30.4946464593
-7.9269059964
-9.2473526071
38.1667582186
5.5480845097
13.0609818885
28.7890178055
-18.8701100099
3.3823821136
-9.5896784075
8.9322940022
-9.8383216947
-26.8079257305
14.6233812794
1.9701372888
29.2968263345
14.8513541967
-15.1519111693
-10.9134121655
3.4215005900
1.1874345417
-20.1317757381
-18.8075972902
14.0500302105
12.0611032935
14.5754306698
31.4022323450
-13.2638766702
-2.2225396875
-15.5065032945
2.8876107051
-14.1248910779
-15.3091108084
26.7418792089
7.9480305428
6.7260228480
-26.1798896691
-5.9357651168
-6.1892478154
-22.7577190798
77.1112943924
-15.8436363033
3.3661005361
-72.3943304602
13.2615524246
21.5422726354
-4.9584281465
-0.8686950907
14.1029127269
10.2993275069
-13.9576853243
-13.4254674733
7.2480057176
12.2511269723
-2.8760096364
-19.5528322498
4.3539440452
4.0676847404
4.8606189115
1.5911939478
13.8112578521
17.4318336345
-8.6340470450
-18.3930230271
-22.0577523607
7.3094713409
12.2895280157
-1.2514378617
0.6627859047
-13.4015680622
1.3810050667
-1.3909649334
-54.9931661950
-16.1330997466
-33.2677821397
27.7096464537
7.8452573833
4.7533217740
28.5354686999
6.6395976730
28.2096153972
10.0882587329
18.3160240910
-30.8179158175
-17.9737314941
-22.4140769974
29.9428195648
9.0350327723
7.7333829049
1.9497384762
-6.6942352320
-17.7189752038
-0.5680064898
4.9852411654
-8.9719994691
0.6014305644
0.4195239576
24.5743221597
-0.0750423008
40.8847689600
-6.9073306059
4.5044140446
-40.7461194096
-0.2527510355
-4.3806479668
-4.3708588610
18.2941216338
-5.1019052499
20.6081630756
-5.1760344542
5.1278170307
-3.5346190140
-5.8286636428
-2.3944508525
-23.9048516773
-6.6443007128
-19.9554070021
3.5023511330
-3.3008686862
-4.7380600185
10.7373885089
9.1245387585
23.9065474279
7.2082919498
-19.2353936648
-19.7960111881
-1.4890208231
-2.1028445970
7.5246964827
-8.8954962139
22.0295270068
15.3030072921
-36.5063989910
4.1433911114
-4.9177277602
37.6084305514
-7.3591675063
8.5951669225
-10.2453990800
38.6969281247
-8.7528148089
15.4052171778
-4.8121429750
2.2019131937
-4.3488425632
-31.1311921056
5.8610631520
-22.6630179303
-30.4798863139
6.6323474498
14.7221119118
18.9168083729
-16.2945233463
5.9034391297
12.7202107238
8.5029750096
-37.0831842513
-26.1247777743
36.9165536300
30.4992747912
28.0788054323
12.2479975416
6.7083680682
-2.6489759040
-50.9929497979
-43.8536677829
-6.2543978423
-9.6209217231
37.7335947341
-6.0933833573
9.2057877437
-11.4773132787
28.6414424405
-5.8378740589
15.2841192391
-4.2377068630
1.6912183311
-1.2879972962
-18.3310059884
2.5107959461
4.0553069468
-23.4330736983
8.0936801043
-12.5179503662
22.6050493479
-25.4727865674
12.8653325866
6.7997963004
20.2363407012
-13.1005545413
30.6291953764
79.4067798163
4.6364691410
-3.8730279863
-19.1902108048
7.6626594319
-26.4528877297
-61.0228106745
38.1790719768
0.2396735965
16.1257677005
-38.2901721019
-4.5258409801
-8.1527289866
-19.1495578521
27.8687197193
-9.3891221015
16.8528759160
0.8144536021
1.0368483300
5.7016839398
-25.1013756794
8.6054137624
-13.7758131068
-19.4008752075
10.7548345809
13.4126604057
31.3759980158
-13.5183803766
-0.4861124079
-11.0883733100
-7.5165711098
-2.5528422603
-23.3490510343
-23.8145298334
5.9970493067
-0.5945621815
6.4443408840
-5.8888438160
23.7612334590
19.4241271501
-16.4827469207
0.5880922408
-2.8333075528
19.5001548836
-0.3977898896
6.7011771369
-6.2535464095
-25.2679304070
24.8209625638
10.2522200293
-3.9906549725
8.7081228865
-4.1922394015
29.7690098706
-33.8735327178
44.1334962796
69.5123311481
-62.5219751694
-9.6886189335
-7.1615757992
-1.3456990647
-37.4172625374
-62.5134300093
62.1633559330
-23.8140128073
-21.6375085985
-35.6102600148
0.8718138488
1.5691148005
33.8331335347
23.0907419687
19.5303416161
-0.0419787214
8.3723227614
-5.3959590782
4.0726522225
-3.5606292196
-0.4437482887
-2.8277127617
37.1318854973
-19.0293516648
4.6610515957
-6.3034844862
14.8562493425
9.6348612675
-33.6141125205
8.8743858976
-17.0915830533
-21.9339092034
28.9869261317
-21.2571647809
32.0871424589
25.6318207003
-9.2001158730
-11.4606308874
-54.1079831907
29.4279778212
-38.3345889095
-30.0288391826
-12.2017367535
23.2892064537
21.0895677003
1.7428070965
14.3267980552
9.5669304467
13.0389644049
-43.1166163024
5.6098975840
7.5513505991
38.1430770020
-9.7677998144
-2.0394057366
3.4078800365
-48.8728678366
69.4154682131
-15.3645654109
12.8223435299
-65.3924801384
12.0617780362
34.8533279336
-10.1880874527
16.8387964426
0.3047334997
-9.2870877200
5.8534002566
6.2895259684
-1.1728522723
-18.6130152440
-0.8655407574
11.6298727275
6.0706769008
-6.1638447597
2.9220071681
-2.8218428557
7.4962636069
8.4696173420
-2.4595724193
-1.7060377685
-11.9084015439
-11.1392991910
7.1912455057
7.3071008476
11.7604075776
-5.8231305153
-1.2446679035
-18.5001458462
2.8446109758
15.8676637850
8.9779855873
-9.9855152193
-4.8187682608
8.7536911444
7.5768935838
-11.1344989124
4.3060894886
-77.8868631286
12.1822403648
17.2263691383
45.5814799379
-28.9301267872
-22.0144454989
28.9801727753
8.3209960665
-28.9881451748
-27.8242068587
12.0954274203
12.0283041563
24.6350359607
31.3520274544
17.5891886185
4.7102757969
-40.9973952606
-45.7665053029
8.0117682348
1.0977056176
51.8287236099
-20.4027744732
-7.8742914798
11.2239705093
-14.2640125924
59.2558681848
-36.7642526943
20.7442381682
-55.2732425321
-8.0116022173
7.9883858498
24.1318830380
22.8142587255
-9.2871102509
-7.8808800045
-14.0590769807
9.3029317227
9.9108393430
-6.9530364211
10.5988634716
-8.7716803309
105.2173848078
-33.4026334460
-19.2121678106
-55.2608410217
8.6814213366
27.7311931590
-24.2690242004
12.0289219787
-23.1152271845
8.7608595447
-5.3654521690
0.0182393987
-10.3725673315
1.5817878682
-2.9782017345
-19.2440965415
-17.7454917629
22.6906373202
9.6441250463
-9.9483782810
-10.6904494205
7.2754092846
26.3497196856
-14.3213597949
26.6842011572
2.3688877085
19.8786950392
-21.6053901333
0.3833617793
-31.9389540149
-2.8531181890
-4.6191060778
10.5653386006
12.7314429963
7.1973419070
-16.6474766411
18.8692324886
-2.9507542914
9.1176525881
-29.8900995084
2.7480824475
14.3058774732
-38.0630695909
-0.2708754078
-10.7785632310
40.6625521080
-1.0786503613
5.2235617190
-50.0474348329
-37.2101781844
-36.0637736924
-3.8636385085
0.8472396950
2.6698953002
53.5066308917
36.7819205183
34.2857412310
-36.4084569420
-39.2505669821
57.3539048139
23.0852622039
26.6293288020
-9.6151075516
14.8901809565
11.3563244373
-48.7137329074
39.9400568084
-17.7349330472
-34.8614924391
-13.2936471730
19.0524269173
5.6706078276
-30.4084359213
0.8779636129
34.8289589300
21.3950838541
6.1356063616
-0.3819826479
-20.3662601006
-0.7525634482
0.4357082963
-21.4994021626
25.8293353278
6.1695095154
9.5360025644
7.0151364686
-5.0120755295
13.0839895481
-37.7124239399
1.9602224840
12.2090012068
11.7298034295
2.5494317857
-10.3893920235
-4.5032542934
7.5527676774
-4.3877772344
-3.9867061267
-10.0647198171
-15.3897301128
53.3883481362
-31.6815070546
-1.7083406689
-23.3984210938
12.3455423344
17.5168239435
-33.7448596358
16.1271029558
-12.3904951415
-17.2709448484
-3.8805533243
11.5735892231
4.9607523921
1.1852276942
-11.3009421710
-38.8540305249
-19.4588426041
11.0547049524
0.7132066181
19.6508193607
4.3045016494
47.5501289980
-0.9821396206
2.2698155543
9.0039080407
-10.5203857936
-8.6191220680
-4.3915292309
5.7528707056
1.3972902018
-0.3873485720
5.1863678603
-0.1252388905
8.5447865276
-3.5724152792
19.2816603821
-14.2803914088
-4.3535479747
-17.4457648779
4.4114608227
10.9925977898
-13.6562579455
-4.3003476533
2.0741164472
8.4131085281
-1.7641794834
-1.2939573260
-34.0073926621
1.4332104687
11.5492510515
21.4115527943
8.1024292288
-7.1144552774
17.7744902841
-9.5095097222
-7.7277703262
-11.5265185066
-24.3598429110
-20.0940814551
11.3132784603
-0.2983762136
20.0044201239
4.7759641950
29.2327684658
-1.0429435455
25.3467448635
-3.4042063054
4.7720710837
-0.8313684180
20.0699342036
21.0749640858
-29.0136004074
-15.2018812637
-22.2016136761
-3.3096948903
2.1821535487
5.4507923008
5.3888713150
-0.9327173841
-0.0921041608
-23.0266805425
-24.2801687208
34.1153811441
9.1420346358
21.1352438695
-28.7893356105
6.5039921728
6.1869093397
-11.7195411737
41.2786835258
30.4274864342
91.4225140730
-22.9453272034
14.2864249606
-23.1288999149
-16.2727869067
-46.2204814580
-67.8234346909
-38.0034491339
21.4003145925
-20.3151848037
26.0290069975
-10.1365318908
-0.7529915363
15.2153512156
-14.0486321057
21.6328043728
16.1429422152
-2.5233480581
11.8577116449
-11.3493386563
-0.9314354915
-3.5219412030
6.9790750867
21.7669572195
-2.4890334180
-0.3345704095
-4.5059580077
2.7919253087
-8.9909812033
-18.9381273970
-0.1174325085
27.6884329693
-89.2225907181
33.0527075996
-3.8251615714
79.3385620224
-4.6602132071
-24.4579071016
12.3968891886
-34.6764741892
-61.5604098656
9.1837334991
-29.8978039082
27.7007490993
-6.1158146989
-15.5452600897
32.0071706230
-0.4488675582
43.2058163420
-32.3504581393
-0.5037410992
4.4173615604
38.0478979592
-5.1031634257
-0.1672899481
-15.3491151069
80.0951620685
-32.0897287750
49.1970550347
-97.3793942495
1.2350258418
-40.5994227517
24.3932065078
25.2899846516
-14.5804918332
-11.4384983773
-32.0229897231
4.1562301966
-3.4743748055
0.2513078687
-0.6223784208
6.0514224235
26.0061309660
13.6882969594
22.1774960705
29.2976979266
-4.9781415438
-8.1050641644
2.0622236620
3.3905276458
-6.7130509487
-24.2797228452
34.1437547280
-24.3537571823
3.3993242038
-32.4231821237
9.7072057832
-3.5704444138
-3.9696988153
-4.0818258775
63.0572216548
-0.6860615641
-1.2866205365
-10.8619609575
3.6361067235
9.1037154154
-54.1650647651
-1.4290446143
-53.8070337052
-12.9280445274
-2.2474423188
19.3316482641
-0.6684328728
5.3988584560
43.1841095483
18.6172095586
17.8598292300
-9.3228799163
-5.1509776637
-29.5148002524
10.6698347851
3.3677595257
9.2316817370
0.8556034216
-1.0965885567
0.8894366109
3.8773290265
-1.8841935647
-0.3466624158
0.3259457982
0.0541620373
-7.7387203689
49.5791562666
14.4124310893
-11.6959370367
-24.1635722292
-14.0239547838
18.0965643161
-28.8579565899
0.5838338908
5.1845760567
-5.5869504022
17.2738145802
-10.6458926838
1.5799083124
-14.3305476800
6.1056235935
2.7989383641
-2.3738006419
32.8684708180
6.0522987589
-44.9372690245
15.1060654251
-23.4809650158
-13.6674866605
-47.8235255007
17.8758677105
58.8930107578
20.7497926408
-2.0085608631
8.3240590902
-15.2634571701
3.2665789487
-6.8302296876
-56.6679416744
-19.1941442347
-21.2255360674
22.5818792282
-1.8568694489
-33.6613789006
31.7010247884
24.9592338314
52.7417347118
-36.9002269906
-44.2923632091
33.1599098700
11.4372247856
-6.1824233085
-6.5010797508
23.8307876941
48.5000291978
-26.8171823944
-15.6801291835
51.2404143605
-26.2151316358
-7.5503616089
-20.9805024759
18.9154980201
21.7614074903
-33.4513916123
8.1093355585
7.0610450624
-2.9247025815
1.8012547581
-0.1299810630
0.6284048575
0.7960126107
-21.7375175659
-8.5221701950
-8.1647581433
-10.8566982014
-16.8417634133
13.0534577363
28.7134940538
22.9028587303
-8.3862397748
-2.7917284594
22.5720853791
31.1844161438
-10.0316680961
-14.5538566902
-28.3836337991
11.6667428519
-1.1330780267
-2.0049487957
-15.5654312211
-16.3984313543
5.4619071752
5.9186617525
2.5642488513
-0.5407238784
7.7530785147
11.7064032569
-4.8167428468
-15.1161023713
8.3274387330
-9.6049733665
28.4704680888
-9.6385800604
8.4921281349
27.6888669866
-11.6882018051
-37.7663654111
-5.5763679697
5.3213899275
4.8055307335
-30.8093706574
9.2855757745
40.0521340653
-15.9912021816
17.2584211966
17.4796834477
0.2252134686
-15.8920790363
-2.0911522187
13.9146049580
-2.3977130972
-15.3861038153
27.3041071024
43.1957260329
-0.3340925162
-19.3594692466
-5.3479112298
-18.1706698036
-10.7507481777
-38.4240664356
12.5238807500
21.1580285914
8.5536139175
-0.5713612300
-29.8409998203
-2.8524339595
-3.4286168133
-21.2494639386
7.6418479472
-45.8065949818
0.0660951411
-4.6949808379
0.7664662315
20.3623776618
-2.6264817129
45.3165728608
-42.0687289917
-8.1502944579
-19.6431825538
-8.7292106719
-14.4432617328
25.4035501372
50.6323087051
22.9909298506
-6.3128289021
-25.4155283029
6.2961809002
-5.0679712643
17.7295185036
-3.5609043343
2.0849621361
17.3556031224
-9.1542155801
7.2590020081
0.1056239179
13.8393337902
-5.4966676910
-11.3227011416
-8.1329302088
1.5212863324
14.0251003049
45.1611424944
-30.5340222628
0.4834430830
-28.1499392058
-6.4349751230
-14.0994299161
-16.8594893434
37.3892043869
-12.2985819009
4.9938800068
-2.7464649623
-16.1891496406
14.6433437030
12.2903142273
28.7809754414
-19.6178791086
-8.1751745583
-21.8761611871
7.2671973455
-3.7835480886
12.7227922965
-0.2135815681
1.2400597309
19.6680899285
-12.9310767192
4.7299880084
26.6269476361
-11.6731285981
9.5082977942
-31.4545243133
6.5396527409
-4.8604635665
-7.4364996634
-28.4922128293
12.0181901305
-0.2393676499
7.3798841239
7.1405591642
8.9459691043
26.7195510353
-15.7657681468
-2.1152638950
26.3424433739
0.1369478706
10.4946744196
-20.2149303675
8.5525715645
-3.5017641424
-8.4267883736
-16.4214710317
-5.7414866455
12.3463807230
17.3330069491
-2.2440472601
-9.1996593247
-19.5184452734
6.6653624097
-1.3211913179
1.8765745454
-19.8317120747
-12.2006683120
-13.2107984903
9.3508965624
4.0316589338
-0.6533418782
-18.9210145459
-36.3352123740
50.1767541975
19.9295734867
28.6972812550
-42.2742219479
6.0202905768
11.3369146149
4.8644610318
-11.2485707515
-29.6232440968
-16.9887328142
4.2710906190
5.0024287244
9.9690012172
9.5136672758
30.3616011867
9.6390567679
-34.7487072360
-6.0270071722
7.9792489558
6.3253762708
2.0505324695
-40.6676441032
29.3391098166
2.7057159566
31.1662182495
-41.3349148532
14.6822416131
-20.0261707936
41.8866516239
-8.9382670762
18.2749952271
45.7661946129
-45.2397423139
14.0594481485
-54.1008053037
61.4210001920
-6.4200572610
-9.5727849368
-24.3299407800
-11.6907608469
40.8249469103
-15.4974624534
101.0278597931
-30.7834956376
42.3327692201
-34.4253323380
-8.0532631337
-28.6615459790
-63.3876689000
65.9538245814
80.0634586471
-24.4676843490
-15.5149227555
-6.5407152532
-14.5874538974
-35.0714334797
-69.2917970025
41.6428264030
29.9430685911
12.5093162682
12.1720018258
-21.5116305404
4.0670515021
-12.7514006766
-2.8332636768
0.2479970046
12.9260499452
11.2791926872
-12.3083852368
1.9130557144
-17.2172381735
-0.3641582931
-11.3806875116
-37.4322278330
26.1413380241
-2.6953256301
-21.9993379026
-7.0049370623
1.5855979708
57.9519094877
-21.7039962525
-1.3054943593
-12.6591174540
72.2928451225
10.5940418479
-11.7431844434
-20.2044095987
-54.8098697841
26.2218304436
-53.6726602923
43.7520306577
22.2566449338
-27.2632312118
17.1318126613
-26.7246418446
16.3730982632
-15.8564172824
-8.5588505851
-26.2233435750
-42.7498515339
2.7211627030
-4.6295770413
30.6282882091
13.9107284484
40.1519177233
13.4188540459
5.9070844006
18.2734785383
-14.7414019643
-6.2290659370
-10.9368989044
7.7719867269
-3.4003321675
-5.5499972690
4.8322465135
8.7436304813
46.8841852025
-15.3964550091
20.4730105661
-22.7968849897
20.6153646794
-29.0993698131
-24.2827479219
-5.6544270464
11.8663338846
-23.0953963890
9.8038185061
-11.0813649980
2.5071909937
-5.0819950032
-1.6594496886
-16.2874877600
-30.9766368888
-0.2250249201
-17.9467073957
37.1228541430
0.4057575458
50.2720518242
-6.7002640405
12.5345959965
-15.7066943619
37.9557333206
-7.3170215816
6.6556017641
-24.5149412424
-4.2568890041
13.6418808263
-21.5014204616
42.3294180374
-23.3634755870
28.2494548640
-17.0428130286
16.2304583626
6.7036436833
-25.5535434291
7.0925765370
-31.0602480664
-56.9733178991
23.6576266542
-1.6590453173
54.7152457143
-14.6193114779
-2.9589804606
-31.8975101071
-61.6297032160
-37.2561425126
-0.0188643362
11.9621307498
32.8729888668
32.8711982490
49.4681344069
2.7581478539
-26.4683119453
-0.9829068588
-3.3275192451
16.2506164497
-8.2497686117
-0.3837874958
12.1327600222
-1.7431569192
9.2507441083
8.9845907138
-9.6570376536
36.8880318162
39.2685134784
3.3502067281
-18.4870150445
-48.8649215256
8.4437885699
-17.6974225693
20.2570288587
-24.5445445418
32.5323742329
-19.5605710389
6.7341245040
-5.9805080303
19.7289578886
2.4775604200
6.8169850452
-3.7368888583
-6.5808962417
3.2210759121
-18.5383120934
16.7255819655
-19.5482655815
-32.6692912716
-24.0797938482
-33.9360466233
11.9198757278
29.0082166957
-4.0685207573
-7.0984203545
-7.7249693731
13.4684529725
365.5460846935
145.6384572856
9.3387049456
-321.9245616116
-117.5310766768
-30.4719210294
-13.9239019403
-20.1226601892
28.6276700995
-18.9860329446
-9.2378599612
-12.4741952571
18.1338672720
-2.6017676300
5.0238639608
23.7955350549
-37.8989470203
-29.5206950610
-28.0895823425
15.0427558212
43.6056340173
-4.6084762117
14.7802275383
-6.5843007872
-20.3491970548
-4.3966888189
-39.5737177563
13.0704769061
7.0268407053
23.4869131872
9.2608166298
7.5349113049
18.2257484949
56.6734914037
48.4450880639
-70.4522145609
-25.5680818224
35.0956578108
58.8607914962
-23.3328157045
-73.7902178138
9.4021710803
-57.1083530105
16.3562759428
-24.8037370580
50.0374619220
-25.1341392413
18.5151301153
-14.5083785562
35.1451345959
7.9427333974
16.1604772252
-6.6616329442
-0.0092566638
3.8941525327
-12.7646631065
-5.7905021390
-0.3186754157
-42.1880896754
6.6649722685
-20.9834077829
47.7588569247
-0.0950995916
10.0182989406
-19.1610118766
5.5145821697
5.2005161125
7.1099253702
-20.6357326601
-6.0895400512
-16.1115874307
4.9248072225
13.6974480835
15.6509302553
7.7721053108
37.5401309346
-17.5763898519
-17.5461094380
-23.4986387691
12.7138569952
-2.9329050339
11.1033919683
-1.9288914163
-16.8576489204
-0.9740261062
5.2274832905
15.2464273278
-13.1327560153
-3.5834103839
40.9528859576
-1.7770327987
6.0763463999
-16.7506162251
-5.2549010876
-3.1468731857
-0.5925355817
3.2955810275
-0.1752896220
15.9842851793
-1.5542372570
-23.2960748366
-16.9432831404
-10.8509255343
22.2303904453
17.7900757738
5.1034124520
3.4588521653
-18.3505770849
34.2482509124
-22.5270507491
2.0452839435
-29.0501076649
7.8817729417
-7.2343638190
-8.4344417823
-8.3424621347
-14.1560217387
-1.4921075635
20.1050943474
0.3884051551
9.8197170574
5.0493678128
10.8041240033
32.4667557993
-66.5215761157
-59.5595925350
-46.7520269380
38.3547707135
68.4321984873
11.9119756645
26.3511723391
-4.2213707368
38.3058536446
-19.5153039843
18.5125781885
-20.3697274956
21.3696404799
5.8189255281
-20.6541428197
-2.2054232789
-20.8301664764
-1.4600898947
-7.6842357832
-8.9392216770
10.0583672744
-3.2743023220
-0.7266908001
12.7947727595
-29.2543531180
12.8818074560
-9.1743404637
15.1088675640
-9.0737326473
-16.6698095581
22.9097460866
2.9081375883
-14.0866524945
5.6836793373
-5.8033803570
4.5305167456
1.8928940698
9.7845106659
12.1262912673
-7.7586982085
-0.1417635652
-19.6180344536
22.0929350354
-1.2176959821
-0.6895052423
1.4839999783
-1.4620915919
22.1884852460
-21.2005326397
1.7901209102
26.5740532613
-3.4358421339
-2.3320851769
-40.7173212952
5.6674926270
-12.2382345243
-37.1988154695
34.1540359572
-23.5122984553
12.6613278590
-23.1994965031
19.7849520481
22.2337226546
-9.4853897450
15.1650787321
-27.4481996565
-25.6061401582
19.5026605626
16.9844898802
38.4842300071
-15.3349099345
24.3754390733
-16.3824699535
-3.4831203724
5.7668730994
12.8268390478
-22.0832360534
20.1432807538
-14.6025508212
-5.1145747600
-23.3748501604
1.5792893042
29.6457679340
28.7704333274
-3.8978215204
-22.3644424957
-21.9972697984
1.6324244044
-1.8455399375
1.4147457605
39.2696210525
7.3895333007
9.7294687356
-16.5330016165
18.6922400010
5.3828602941
-1.6325145282
41.1323461774
-23.7272923583
-40.4568255413
-69.6012062677
-11.8725761442
28.8602760921
19.1781211702
12.9715778845
-4.5933840313
7.2951037085
41.0758681953
-47.3160252900
-6.5081627706
-40.5022171091
46.0126761145
3.1725774446
-1.2455987876
-1.3454263216
3.4594308550
1.3705732359
-1.5064182757
10.3829624013
5.1658623222
-2.3171518990
2.9708922193
-14.5912201239
-48.4781160680
78.9429943961
-2.2830234356
13.3200819091
-79.7169800365
16.2810225626
40.6567094764
-13.1387824521
81.6084534704
18.4500832564
-17.4725328349
-45.5443370703
-10.6271967369
-19.4272055897
-41.1309148690
-8.2406020717
38.2642200026
-9.4383546036
-48.3395163229
38.3591867801
5.8624244959
6.1336082219
-2.8510536423
2.6995152014
40.9485196962
-36.3137000581
29.4873456943
-12.6602511167
0.0972115719
-22.3348878156
9.2976713383
1.4806796274
-36.0627633571
1.0605829093
-5.0653422579
10.2394520944
11.8509250850
33.0219220181
21.8737195434
-9.0221652270
-27.6616982158
12.3455494495
21.3645698298
-28.6579623718
21.9660857747
-24.7433161593
1.7962777894
-33.7294579513
1.5736755395
29.1864341556
68.1540977590
14.3774073171
-16.9638871032
-28.7052465395
-4.4409656974
-24.6175317826
-43.2338946517
-8.6581338187
37.3838989406
-48.3800542492
21.6235856559
-18.1168528456
51.4526215406
-21.8901742535
8.0797097281
-11.4520252495
9.0471081768
-12.9912462199
1.6502689185
2.7722439291
11.8702981463
12.9036767097
-12.5977739722
3.7616112420
16.7339599222
-18.1206641340
-29.9102492947
-16.3320610984
24.9715321738
5.2122084908
-2.4924640519
-9.4577371517
32.3830651704
-37.1017782160
1.2744965125
-12.4803070743
20.1704601971
-9.3561332300
-25.6586894536
12.8473955770
11.7335162933
37.8504509245
-37.3397169293
7.7221150572
-5.1633613865
39.2804287945
-10.9102175137
0.2593597195
-24.7796241958
26.2902296710
-28.7177986515
10.2792132958
-19.1683628962
17.8612735827
13.3900962501
-2.8883589698
20.1438713019
-9.2087725020
-54.3130421297
8.2330459018
9.0508661025
34.4495424390
-24.8777939260
0.0885181818
18.7220721675
12.2117381246
-0.4720210761
32.6368490722
8.4491106180
2.0432656445
-12.6403634010
9.2592916401
-2.3322523803
-19.9004646823
-17.6587381103
5.8336275673
-5.3128222364
-5.1793927519
-7.2215721673
1.5565662460
1.8615843471
-42.2914830290
-21.8573051519
0.6641804520
8.4378830888
21.5490556378
41.4817134933
32.3125622636
5.8189195989
-41.1913274668
-15.4914075565
6.4144292663
-10.0832236580
-0.8394688882
3.4723719224
12.9446035914
18.4420088746
-12.1928488858
-0.2904986813
-4.8163135729
-34.9773145775
8.5691709470
-0.2314877459
23.8030568354
-5.0563607089
5.8656499795
11.7258913447
-3.7204483783
37.2550503544
-14.5125467823
9.8431670353
-34.0201226501
4.6452064071
-8.1372158331
-34.9114222150
-18.1878976811
-4.0359694607
27.7068893767
1.1783438954
-40.7035394675
5.1647025711
21.4605671020
45.2551689011
-15.6973392734
-27.9798696497
64.6218741409
-30.9494681180
15.6058778377
-37.7321148063
45.6273956467
17.7293418135
-27.7988796968
-12.7860212633
-55.0338985990
23.8467206348
10.1867901442
1.3953632125
4.9626793814
2.4235454268
53.6995124440
-30.1218908292
-15.6095622413
9.3653958230
-13.9285112988
19.5639518676
-0.1049562902
18.5811268317
-0.5855913051
-14.8375190062
29.1197721832
-5.7945541529
3.6657871025
-28.4206580827
10.8780065530
24.7823872020
-1.8088974943
-20.8929851427
9.9578187499
2.9790448664
14.5168893269
-2.4335408686
0.1142603876
4.5177571116
-16.4758405909
-7.2720913054
-23.9921164267
-27.8077782371
-23.5889772147
-0.5624330438
1.7788198590
-4.3438134176
17.9606362675
12.1094262566
28.5687445446
-23.0603370416
-7.7570570065
-29.7156862219
24.0659029233
-0.2170631931
24.8667869630
7.7489529787
8.7147149688
5.6669032647
-0.5456759446
-0.4991934044
-2.3348363247
-13.2031510108
-4.9909948591
-3.9366316784
12.4352973470
-42.4418095418
3.5888688035
-27.8297684464
43.5020533010
-6.5690022707
19.1123165598
3.2688367873
7.1052626489
19.3270045162
13.8883172660
-30.4159837902
8.6613865767
-6.0772950716
0.4011446298
-26.7119272726
-7.3905080608
31.3431727902
-27.6389253524
-11.2955359284
-45.2921848838
38.2053027485
4.6983023746
24.9167025087
56.1220593938
-90.3696936696
-2.3541975277
-37.1459744575
18.5423984966
49.6423638883
-25.3925408025
53.5783813018
-12.1594876607
32.5605059054
8.4443755605
-14.7278893222
-14.3267399491
8.6169069196
14.9317339615
-9.4131329814
5.2271050077
-2.3152723432
34.4293843519
-29.4720910538
-10.8189837592
-11.9297834175
20.2712423320
18.7120684247
-35.4701542534
11.7586086589
-20.5348521006
-27.4777851684
4.6374095118
-0.2244984073
28.9103363103
-5.5329555682
1.5367496806
-27.2026253222
18.8284455360
19.6019390529
-2.2170338343
12.1924433286
-4.1278827012
27.8438502915
-30.4541962851
-18.2389706063
-26.5436317325
5.1222590006
-10.2320299244
32.0213947688
-15.1231889487
3.7528372149
-6.0729205093
10.5816189923
7.6091638365
29.6335893614
-1.0561822586
-0.5946534912
-11.2170926397
4.3653447069
6.3438445365
-17.6780815257
-3.5609980157
-5.4265003768
-19.1461461916
-0.5984315761
-18.3292604325
22.6378793169
0.4435028199
12.2814180587
42.1270023348
-14.7597611328
2.3946394010
-19.5596128805
26.0808317450
28.8992048341
-21.7248018080
-8.6177725825
-25.1763432723
-27.6813487636
-66.6155325579
3.1267067977
-2.1480120411
10.2885838002
-11.1433002138
28.7719262995
56.1988152328
7.0983207440
13.5770154009
13.7062102522
-16.0792673727
7.9855528791
-15.4948097303
4.2967367718
-24.8394557322
-0.6316374562
12.6311458699
-9.3173527179
5.8315238879
4.5596528242
4.4452216757
-0.0210889712
-1.7128883638
-6.3381264180
-26.4827151529
50.9598352274
15.6987397500
23.6958936977
-10.5453714337
-5.3861284680
-2.4474329794
-37.8341088692
7.2437283942
-73.3316631320
-14.6884471117
4.3231074725
6.2825840634
9.6273347436
-9.2751510587
66.2126281422
-0.1810053688
-61.1945747953
-67.4692967423
161.4150177585
10.2174310533
67.8953523043
-160.8371664284
49.5831062983
-0.1657851177
-0.7628517924
31.0059781177
9.4215050089
-2.4648553346
-31.1719102795
-0.5416749218
-2.9366475437
-43.2511581045
-57.2651945260
-46.8647753801
-5.8449618221
36.0025191486
-1.2828566816
49.0398897850
17.4437548798
49.3163125504
31.9817272488
-39.4330167035
-18.7363449328
-34.7905555150
58.8770457994
3.6005860845
2.6114262935
-25.2542790216
19.9735740646
8.9811837967
-4.6865613769
44.0208806515
-18.5285289168
0.8891271067
-11.1398683940
9.9669105820
4.5467757921
-33.4860050840
15.7190176069
1.5052952856
4.3585332444
-11.4988967451
-0.5476147923
-2.4857201822
-40.3802878969
-0.3423613756
0.4996712978
5.3364643203
-0.3525785695
0.3590058201
33.4278799708
0.0904617729
-0.5602748157
7.0314536213
20.9863249483
5.1371792343
1.9597268031
13.0715465334
-6.8798452159
-8.9904819649
-34.9755405614
-3.6670903402
1.0966715655
-4.1394671682
-13.2587158963
-1.1677531621
-20.8961015291
-18.6507154562
-2.5337953049
25.6000354560
35.1479723100
18.9904335953
-13.1917918534
4.3160327535
-27.9217872267
1.9397323618
-12.6093596250
-34.1256588158
41.0885341480
-10.1138384786
10.8519631440
-31.8498950902
5.0215871488
28.2636161603
1.3870291318
7.6874944704
8.3443037436
13.7195426467
37.2169469568
-21.5047372549
21.4694063502
-53.5182924382
17.7307102724
-30.2085175969
20.4945216962
-1.5598095173
-13.1351798715
33.2446974005
10.4771073920
23.3862543797
-19.6012785403
-9.5461403071
-14.6051146064
-12.1385113442
-27.6668886357
13.5468286683
-28.4279332086
30.7951702284
-8.9814517964
17.9438708674
9.4039095211
-53.7466839569
-1.6940263993
1.7775296655
0.5250589375
4.6853257320
-7.9803434857
46.4772548614
-1.8078966457
-35.5569114634
21.9661450667
10.7059756182
20.3336767863
-25.6035479128
6.3552392691
8.0701542327
4.6373703791
-9.3419458452
24.4507031261
1.2686491375
-31.7711648283
13.4045883957
-7.2393692479
-0.6827412133
-37.0315895567
7.1497470494
34.0352978393
30.7592570765
-14.0795528729
11.0531040689
-25.1876632970
4.8390639053
-8.3907341068
-36.7180689857
-20.7576381556
28.0625618016
10.9128429625
11.3719964933
31.5779986745
26.8951145862
11.1518655331
-59.7477520740
2.9342592628
-8.6440104692
8.2600344250
-22.9680135005
6.1580839510
-7.2734585785
17.3093755378
8.4262215423
-0.7549019238
-29.8319981120
-32.5281953342
36.1694403006
10.5279692377
10.1818973700
-37.4894932125
15.3669264175
23.8802668509
-1.4667993751
-2.4573442267
-0.8193997390
4.6212939518
1.1517182391
0.0284874244
0.5729134940
-4.1579176463
8.3092835289
12.1392596090
-1.7859953743
-9.6170404702
-18.8937058460
6.5739721244
0.2339305754
8.0285798826
-47.4430405682
-19.8411798180
23.4656202516
17.8546708278
17.3929226801
30.0507760291
30.2567575513
5.2093019980
-53.7515933328
16.5330383776
-0.4062674568
-30.1203765120
-13.4319362282
-35.4008051685
6.5880219518
-3.0939218906
34.9107664457
17.2992105208
-41.6662704516
11.3069531919
-0.0115346617
42.7201367655
-0.9130063585
4.6035443049
13.9880475611
-1.1447383873
0.7531231645
-15.8571015118
6.6821954027
8.4865487596
2.1533020715
-16.9161274138
-15.9805450412
-26.6046289492
-12.5765213551
5.2395148190
8.9398715171
9.6529061885
-11.9388503470
15.9402893447
3.1223820407
6.9424468736
-10.3278018870
-2.1355417520
-25.6709427341
0.8635106000
-14.4845099770
16.8856940266
9.8506449397
17.4060072341
10.6910032076
34.0605147181
-3.9320958420
9.8104947829
-35.7086099926
-2.3443432007
-8.0983143654
-19.1174382010
-8.0846712810
-4.7950633274
15.7196117126
-0.5406906749
-19.7276973412
6.0347566339
10.1186435006
25.8397031233
42.4318532326
5.2502537823
7.0049548499
-25.6650443680
-1.4982158232
-20.8416050851
-20.3627025818
-4.4006495231
10.0732851364
16.8631559594
-5.4043002739
3.4335878529
-3.3503098962
8.6107500405
-5.4239176182
-10.9057860312
2.2253192955
2.7245719919
-36.9870766961
3.7374651763
-9.3363593549
35.1639099941
-8.2849465430
17.9396137033
-31.4866842829
12.3903860443
22.1373340554
24.2802529155
0.4260164293
-9.0176614082
8.5771540191
-17.1639085956
-21.4706621544
77.2666263342
-12.7807952683
13.8838253056
-78.3603842918
13.4213158489
15.6227950253
0.6746027962
3.4693385448
-30.7822967538
1.0017889826
41.3304122203
-40.4363117023
-21.3924785645
-15.0991780687
12.7783832706
21.2622911654
-21.4461069740
28.6813400134
9.0235846770
3.5408577161
-1.0483616465
-5.5878065784
-1.9279451163
-3.3997131592
-13.3910057890
27.1072268990
10.0503996182
6.1667050048
3.5110125054
-2.5116651665
8.9025519595
-30.8734000660
-11.8734619663
-64.0037825302
122.3741807376
-44.4832750818
72.7249923425
-127.4761369786
31.2574057562
-15.5977417923
5.9173253112
21.1720962064
14.5472325903
20.3119012139
-23.5943182362
6.5477211934
-2.1199799791
3.3538828308
-19.3324510775
-20.3650434292
21.0770108449
-30.4922012580
18.7596727691
-9.3870421388
31.4581600975
-12.8561150555
18.7736170568
-11.8483387688
11.0905066354
3.9221359753
19.6753365942
-14.4155723784
-6.1116441011
-6.7169310159
-3.7125079964
0.0931998765
-15.8863324577
-50.0545973041
40.1291069130
-7.2349591104
3.8416815027
-37.7375767834
21.4475525125
46.7571426500
-10.1916283697
-42.8904672063
-25.5391449648
34.7025436867
9.2308884103
15.1774446673
-36.1106795773
33.2572922028
10.9514894747
1.9179674620
-40.9079094337
21.6095583594
-19.5154842319
38.7239949133
-13.9051976925
17.3673180317
-7.6056667955
11.2950604067
-0.7914447566
21.1337508975
-15.4537939106
-4.0600514910
-7.9246801755
-4.2523923004
6.0412491056
-61.9439246182
-45.4349955453
0.0558625313
16.4521273567
29.8851379556
48.5830237388
42.0395822405
15.5003736896
-48.1055371281
79.8188602588
216.5803311006
431.8148552251
-120.6068741952
-129.8028597888
-407.4006000646
40.8207395515
-86.0212234600
-23.9891909604
-34.0172979802
2.2105579643
-18.7305876816
45.3436669237
-10.1864830117
22.2448031397
-20.0203696664
-52.5183260911
25.4006199276
-3.0724842826
4.6850589181
-29.0387188615
22.7830047373
49.4789658657
-6.6333708293
-27.0356792675
-12.1347534186
18.4120842126
8.5816198910
-4.7096271427
-0.9351851163
7.7429597455
22.4929614185
-9.4078275351
-38.6406434345
-30.9800224608
30.0739212462
0.5740685018
5.6166272237
6.4352111051
37.7611548319
26.0450395487
-37.8209496073
29.4088502286
8.3407901009
24.2180876468
-28.1815655476
-1.6152629339
-14.2424160818
-15.1859815265
50.8265160260
-2.6563874014
9.0307435905
-38.5025109101
10.7625698125
1.4644822445
-17.2126359301
-11.7044181615
-25.6987471149
7.1883342695
8.6347312745
19.6321412014
3.3083003429
-7.5476531512
6.7449524053
-12.0872237821
2.8174955678
7.4185045476
24.1981015064
-4.3361896548
-8.1772438484
-5.6117380071
-12.1540873472
3.5438638195
-18.8326718683
6.2082686823
-18.8032120554
3.5082459416
-4.5845447830
22.2204649680
1.9406964494
8.4790234216
51.0339834052
-64.2727736389
33.2133355009
-22.8302402856
86.4917966259
-13.4806422176
-27.6574849278
-27.1619616969
-20.4749577147
136.8890802257
35.0293148292
6.3487124080
-94.8057831946
-7.9664620475
-48.9834604224
-42.1481683856
-27.6815207104
39.2650875878
-11.0066594757
21.0272115114
36.9987975346
-4.6313036238
4.2164637326
10.0123555126
11.7393233497
-25.1310109965
-46.7937080137
22.4634695879
-6.1619663898
23.3206667779
-30.9874920644
-2.5579923617
-13.6962278546
13.3668881835
-6.7426257880
-12.8685189376
-1.2738478583
13.5614263536
-5.3831614974
-5.4353668994
1.1724656886
17.5253691036
-16.1613191713
-29.1526816034
13.4741627901
15.2730838159
35.9437489386
-23.9886181999
3.5206261069
-3.6312020909
-1.0270580384
-2.5553028775
-18.3743519828
47.4487337841
15.8719328076
12.8164771815
-18.4172687033
-14.0826704452
3.1267008685
-26.3880792246
17.9509194980
5.9593075902
-5.2916040087
-13.6202914308
-2.5852963182
-8.3511578964
28.6576813278
8.1510201917
-32.8595710918
-5.3138634036
-1.6482269027
11.9399282752
-23.1476053485
-12.7600501905
37.6759807177
43.9525169993
-20.6749792071
-20.5658665492
-20.0267281382
25.8109097523
20.2005081864
-30.0049694175
-3.4912374444
-3.6923119624
-35.4317389799
4.6177459198
61.5637385173
-0.2437291679
-12.0457668301
3.8453018709
37.2278068757
8.6665734391
-64.4649460591
18.5902186638
-19.0217682206
14.0241599341
-13.9172671678
1.0225577771
-7.0262584581
13.0558721057
-27.0930395142
43.1783570405
-19.3877764234
12.3098793947
-39.3031471094
-7.9686843109
33.4612317092
-2.5578725919
-29.3502045318
-4.4723774023
11.9398393372
10.2423751890
4.0009219717
-17.3550303619
17.9560897586
0.8294473578
5.1500633814
94.1069833417
-5.0398289192
-8.0193066171
-75.5693044867
1.4121902762
25.2726607211
-7.7583009522
2.5907855696
-25.3034640902
40.1193676124
-1.0916862959
8.0132730652
-26.9422967717
1.7282485439
-14.3430879336
24.8398541743
2.0505834606
-24.8398565460
12.9363477762
-9.1201108335
5.6921545329
-42.1120975171
5.8986495236
27.7821830754
-17.5076336867
-9.4677515670
-5.9042087396
2.7487061991
1.2201281391
1.8006476083
13.0451876910
4.8544193422
0.9092555479
-7.0327450006
2.1473550860
-6.7956648353
8.2511133538
4.1684977071
7.4613999230
-8.3458038307
-2.3883319202
0.2239043017
-34.6340531496
-3.5065940671
5.4081352791
36.1767154264
-1.7681093558
11.3968896379
-2.9052548123
-20.5177937981
21.4721444539
7.9328790704
2.6056809007
-7.6526983794
-9.8074234584
23.7688904252
-22.1727432255
-17.9740077947
-37.5446122224
-1.5503809067
9.3542097982
25.3705351773
8.5295437456
10.0549567997
6.6083887467
-17.3563430863
98.3183029021
44.3463461846
-16.5555420554
-58.1898565018
-24.5081214789
-27.0916639403
-38.3264682800
-14.8546081405
45.5726584772
25.5844226920
6.3413115832
21.4465433630
-26.8733200404
-0.6723485151
-13.4376507892
-27.8915186712
-38.7238194090
62.6645700081
-4.8332414330
-16.9492419843
-48.4909124630
28.8722340985
49.6492583596
-19.8682489783
-24.5541012231
-36.2578031374
-24.4565765895
13.5300656399
0.4600500255
-11.3643098811
14.0539648263
36.5649035729
37.3724176417
-19.6535171458
-16.8887048733
22.0163084529
11.0826397756
14.7067991652
-13.9527024264
10.6823726670
1.7695940270
-11.9294395241
-40.0408152265
1.2773698018
-17.5239721846
35.8321507609
8.1358165424
26.2584539135
-6.9425951035
-22.1264492338
-9.0607880223
10.4877574173
-6.3453066767
21.4081648506
0.9913820544
20.9885104507
-18.4528640502
26.8132691237
7.8319653074
-37.5860347850
-12.2373902065
-33.1808292662
8.5669854447
-13.6713287808
24.3816137400
27.2584736234
-36.5754860054
23.4309688330
11.0185724202
11.1732877253
-3.5186374539
-18.6517412074
24.1697682411
-20.8750208588
6.7647499972
33.6832268091
7.7056473028
15.8734933725
-25.1170738238
-6.6678052393
-18.8281597487
20.1507112246
-10.9698237406
-1.4965497186
-12.2550710748
18.8180018468
6.3309734337
-13.8274718368
-8.0406813756
3.8938809755
101.1950264139
15.9258885088
60.3838127119
-116.3230713758
-21.7356474969
-49.0006396805
12.2794756535
4.3781707479
-16.8091694264
-30.5709801393
-37.0944497274
-13.3322094906
9.9771574219
20.6706105741
22.5803945571
20.8080719132
17.0100885994
-9.5958281716
-32.7790502122
-19.5092241848
-21.6518501425
31.9382199802
14.1808686356
30.9799904431
-2.9169958100
2.4273294409
0.3914527629
-0.3134766949
-3.5043729895
-1.2115924658
6.4318302764
3.7364394251
-10.5319204552
34.7672241211
-6.2615057648
-11.6796685034
-14.1388069054
12.6254882292
8.4607318460
-25.0605602666
-7.8017133536
4.5720235028
19.0733878178
33.9248179083
-15.5987153666
28.5166600982
-20.0149183618
17.4572663361
-45.5184324045
-9.8032113562
-1.1877155857
-6.1884473736
-12.0297556240
-3.0931617675
5.6431508977
1.8128570127
2.7029908972
75.4545282588
-13.3040766322
4.4786018743
-72.1145707423
16.6978961687
12.7041070222
-4.3139136582
1.8454581146
-18.0041838547
4.5720235028
15.4328235234
-5.7225155838
38.5369180458
-12.4570005831
9.5794232668
-42.5668990165
1.6474335760
-1.8912682837
-39.2159096343
15.4877824449
24.3184416935
39.2672991786
-3.1886064383
26.2878971246
0.9258217269
-11.9448115626
-51.3603347605
-12.8927930739
-10.5543933013
19.7144064511
-17.3014588727
-1.2616016928
-5.4989812641
20.5574126987
41.1631234580
-11.0584035861
-3.6281675274
-12.8885975735
-17.9061848854
-18.2931978648
-26.1183777980
24.7128673562
-44.5034035230
-105.1795636400
123.5576249290
16.3368922089
103.0910261976
-126.8845144934
27.3184462747
-0.0779499794
6.9160370401
110.8154809163
23.3936635054
-67.6812193208
-67.2704160276
-18.7665660547
50.2684990488
-11.1387952092
7.1992368787
3.8598687244
-15.4648340772
-16.8494820431
-5.9173929041
26.5226803187
-0.6482735998
11.7379513333
32.3999965881
-39.5415933619
60.0889086366
-20.9770730279
44.0094788038
-6.2129705363
-28.5146643302
15.0539062708
-55.2296617415
-42.2267717627
-533.3813779075
-330.0079308407
74.3765063925
494.5294700354
309.3268149137
-33.6811836075
20.2416022715
10.5603675611
126.5771662174
-6.0374793216
2.9973589730
-94.7287368250
19.7213436126
26.7641421613
-24.2830847004
2.9024040539
-24.1075887423
-33.9138607505
-1.9213459190
-17.6991183200
34.0005147925
2.6173815799
14.9038216693
-7.8701861031
-27.0153753221
19.3008887710
6.8229284732
17.1091998862
26.0664143073
0.5597708339
10.9224458915
-45.2863529247
-52.0730717861
-12.0192063950
3.8224969898
22.6106524400
1.8891337724
24.8869023599
30.1539559316
10.0188444268
-28.5973754556
-4.8872089926
-41.3897919518
39.4948772114
-1.1494746306
-17.4242750929
-14.9161330559
5.7459786059
57.2129903098
-21.9764215526
-48.8763245590
-19.9264132242
15.8741918320
35.3323537641
3.4653837697
11.8259833209
184.7379483042
13.3584046871
-158.6948950368
-156.7560627272
-9.1762389929
151.2356794303
-1.4804294153
5.3503777762
-5.0121075471
14.2944803689
-50.2114945540
23.8193645014
-10.2939022908
37.8512063043
4.5813216710
-8.3989922937
23.0477434252
-31.2563598457
18.7619934572
-37.8295896345
-27.3963855816
0.5376988017
1.0740291444
1.4250862817
-27.8587634101
32.9965901128
13.5981197880
-34.3103675617
-3.9719803707
-16.5198814873
34.0360852368
3.3254487692
15.8156018696
-7.2937613380
-20.5438751540
20.3275376947
4.6390305545
14.8184020863
18.6343330823
6.9035299900
8.1401104675
-34.4002233706
-40.5756075353
-30.6211814724
4.0766935638
11.3027304171
-11.4611787453
6.5617710209
26.2134074251
40.5689822495
-14.5968078001
-5.7666869226
-4.6700117996
-37.0961573364
-8.3633589999
5.2295336072
27.9467574509
13.2149987341
-0.8142496377
9.2503753122
-37.7486572685
-18.7029528758
-28.5903446127
18.2707321338
9.6181065400
33.5134039077
-8.9876347640
-9.7030339995
22.3216289432
11.5335671371
39.9469975275
-17.4152496678
6.9446513493
-7.2245225362
1.0571167002
-12.4281834953
-32.5263513536
2.9764253468
0.8238169915
1.4159493877
-23.4515372206
3.2404655752
8.3947292004
24.0145750426
431.4209323584
177.5951775492
-380.4039776097
-432.0019913845
-179.2669350668
383.4392538035
18.9322989954
10.4528368131
-17.4612946332
-7.0981345671
3.5665370724
-5.6868253698
4.5968075502
-0.5168576709
8.1189005407
15.3319785390
42.0160338379
-3.1814143212
-49.0965029527
-0.0311199883
23.1736546868
32.0180234269
-45.2565266874
-21.4097360880
-31.2211392241
-21.6551147588
22.2597459043
8.4749571777
10.7938510750
25.7748566713
26.8729405718
12.2601725567
-44.8796146896
10.0757054350
51.7735844408
-13.6564393789
3.9106416322
17.7377256994
1.1924008379
-13.8652799603
-70.6882879484
8.2944712066
-35.2476326406
6.2834058503
8.5597292923
19.2531231524
4.5124172759
10.9898703588
-2.0609939463
-14.7655088973
-18.1671514175
5.8466741745
-4.0762227855
19.2529132588
5.5474062095
3.0862127475
-4.9638426901
255.7354771286
20.4985843826
-241.6684965270
-235.4665969891
-30.9488740124
222.6974146479
-9.0702142612
14.4549624120
6.8197753258
-2.3642273589
-31.0498565541
-17.0502174110
12.3355113173
30.2629393331
-4.2369052354
-14.5085279720
1.7419402478
17.7669103975
-32.1416187437
2.6508922208
-15.8067507630
32.6617244292
2.5712204023
15.5639702667
-25.1400103331
31.4698951660
-38.5011068761
11.6749559769
29.1746848570
22.2103580572
12.9878108426
-65.7232143568
15.7318187453
16.8089192142
-8.6278379890
5.9406709352
2.3124026114
-14.1487833739
14.8234027718
-18.0506806249
22.2483606584
-21.0999829294
19.7154001846
-13.4852539477
-36.7109622490
-13.8188092786
23.1955452855
13.9220899774
-7.0100954645
-9.3255101085
23.9264920639
-35.9391905712
-0.7572558154
-14.9078167628
31.5804438757
0.0402319797
13.5335674242
-12.9670207029
-22.3953146435
-50.8775427034
-0.5664162789
-9.0020593168
10.5187469633
16.3397595690
33.9596780346
40.4438619430
-15.2686298024
54.0932823374
86.0526731117
42.6016868067
-32.3488952027
-45.0924373203
-26.7361207718
-23.1631102012
-40.6440055769
-9.6817849400
4.2682090288
-14.1797278579
4.0632319128
-21.9562018018
3.6367802803
6.5740397172
17.2614344149
11.5159004989
33.5434210651
5.6199321586
14.2653110868
-28.8393483951
-9.8215017460
-15.5798937207
-25.1163836652
-29.5977378731
-9.5890582134
2.2123936440
-20.0515086281
0.9355705142
25.5938062406
43.3165879895
12.7025357847
253.2998752707
30.9140625054
-168.8228876967
-254.2147766009
-54.0385297519
178.5935631721
-4.3338997986
32.9885524921
-12.5032839022
-0.7561980465
9.9077834344
11.7769393673
-7.6555669254
6.9885973786
4.5162890422
6.2666760254
-16.2262367737
-16.2950854343
-2.5965890685
10.9759391153
8.1700754481
-7.1986000828
2.4267898839
-3.0941009524
-16.7579470854
59.6218680867
2.1352713806
16.5369101438
-68.0803539525
-2.4547768840
1.3451168175
7.9802462469
-3.1395624847
23.1794048229
-43.6664059245
15.1124155960
-10.7249336357
6.0459450304
-18.3525598087
-4.4384007264
25.7905370282
4.3254080013
-12.2720546693
-69.5825636835
-30.2839915433
11.7978599493
47.9336994851
-11.3883456637
1.1292347206
20.5542986840
38.9701680966
-16.9869232230
4.4433871819
-15.6472363650
21.7004114594
5.9935985135
13.7831973299
12.3411772589
-39.7921553376
-19.8153368159
7.9931268365
-2.5943822211
18.1391146122
-14.6168888076
34.7279135388
0.0790089342
-31.4860664605
42.3915335008
-10.4988545042
-3.5705262367
-8.0463330871
16.4169102926
21.4803801098
-39.5653836757
-6.1518416914
48.0619077180
-39.1691567227
-28.6382667621
-6.7363218648
-2.0937041455
12.9258210781
-38.1802767899
43.7046812688
19.4074838915
29.0786614964
-20.3380039149
27.1432313606
-22.4532974559
-3.9190990401
-18.1915239786
5.7759827191
-34.9270551382
84.9446957515
-24.4829591487
19.0590012120
-59.9221760331
-9.4264653759
34.4627621787
-18.5214565695
33.0351571737
-8.9231096745
28.0328814226
-20.5116001580
1.3927626662
-27.1665295510
9.3550600451
17.0859918197
-7.5427651205
38.7922636983
-63.7840879591
-90.3015529552
0.1875298582
33.6502901146
67.4812915097
-39.3503328524
26.2405489215
14.0439041632
-11.2231202623
-16.7309538189
-9.7561975599
17.6754525193
5.6339143932
18.4658881264
-4.8661105346
-0.2836457143
6.3903982271
2.3294585422
-1.0931745246
4.9874065085
-2.0012145869
11.6587621515
-16.0514677353
-13.9504801630
-35.2390317461
79.3543692641
6.7058256281
-4.6903382760
-6.2307486434
8.0041100828
41.6545970467
-73.7686888961
119.0538832555
17.4052554118
-0.0031756784
-90.3778996795
-23.5969247116
-37.9957222032
-31.3499059874
5.2815397881
34.6079374044
1.4031601078
2.3144481847
-6.8398895368
-3.9906146540
-5.4386410025
-3.2030001593
10.9581361056
-26.5290945250
16.1979355261
-8.0902969040
23.6204980167
-24.6252266957
-2.6530279179
7.2803447490
6.6621736871
-10.5821229742
3.5448966857
-6.4113769152
11.3628939886
-7.4019336252
-3.7423306762
4.7078863302
2.7938380680
19.2413726680
40.8994899726
-15.6933026755
11.6944428789
-11.1933082551
16.2190387274
7.4160747623
-32.8221957997
-0.7100926034
-16.3901755391
-11.3591396205
-9.4307225400
-25.8110129203
17.5876304253
5.4842068886
22.9046552772
13.8820026702
-30.0693154452
-25.8369982232
-16.9958229491
-9.9532034623
-1.0326208119
-1.4438877684
40.3357951955
29.3182544558
-23.3520761111
-13.5786530453
75.2679316564
5.4871370983
12.9549666435
-104.8648323268
16.9856413304
1.5787224728
28.7501922315
1.8573425989
-33.8922227355
35.1108804336
-6.4847922441
14.5219184726
38.0559925002
3.8359645700
22.0485087411
-71.8624410867
4.4684724325
-17.8613672640
-12.5798274759
8.1239320580
2.9150866083
10.3012153635
-1.0768953187
2.8193324333
-1.2837946807
0.8667360837
3.7885926502
2.4540582652
-8.8076326155
6.8939626362
-0.9918516468
15.8881539073
-17.3428387451
-14.2385004395
-19.2063939576
-12.5149407053
-8.3458512643
-0.0882418812
29.7948172975
25.2304981945
5.3121640955
-25.0988403543
9.3458508149
-9.6271165491
16.1541531427
38.8186083106
4.1468229311
10.4520423006
-48.7104078132
-3.4656173801
-5.4892739812
-6.3749799407
9.4506351584
3.7873949522
14.8588321011
-30.5421357772
-40.2233515142
34.4351510898
4.2263583781
3.0058009651
-27.8048527708
26.7262296838
37.9059980225
-10.6248558895
117.5953444390
-43.3830341391
-139.7448025184
-110.9420835223
14.9201423795
142.0309115086
-12.1787717840
29.0024214976
-6.9149223509
-19.5126133143
42.9512889188
38.6184457033
7.7770834654
-2.5342471098
0.0335651895
10.8655706532
-39.9431399913
-38.5124933078
19.4335142563
7.7875437564
18.7819653675
-20.1540315755
-3.4618381094
-15.7571802965
-11.8788231471
-5.4438266790
5.4178271461
0.5820468305
-2.2804952256
8.9134925155
14.2162185137
8.1040467140
-20.5403022193
-2.8886008811
51.6296946653
-1.8940858386
-4.6212868368
3.3440107163
1.1043581777
7.0578349946
-57.2273982608
1.9663829207
-42.9182277111
36.8640161929
-2.2441160388
6.9505544588
11.5953564946
1.9517970938
34.2207999118
-50.9111102646
2.2998611719
