0.0176909154
6.0615827375
4.6473513871
45.2550061672
5.0380646232
8.5187057858
1.5740773225
4.0266369582
6.8065942894
12.8699934925
6.4786536932
25.0699327498
10.8743167660
7.0690985496
12.1368208799
8.6988827602
7.1092603085
6.2250093440
16.9878934381
15.6533006681
8.8978909710
36.5533129996
17.1790939447
11.1894907731
17.7849758339
9.1317958833
10.6924687689
12.6722345453
7.0735436708
9.9082723006
21.9158571130
12.9486222929
23.4010370153
20.8884929583
20.8850863481
21.3973089338
27.9953677200
21.5042937010
19.4391472287
17.8775881562
19.3073396104
19.2501946136
4.3930516225
3.3001032882
5.1581587885
0.0000000000
2.1560278745
1.1846518081
0.5411853792
3.7234063524
0.8187294496
4.9072318919
6.3542169616
6.1017882376
6.5832045188
8.5463481808
6.8935196155
8.9009513824
6.1120086747
6.3238555689
6.4172386716
7.0704330473
