-6.7701692064
1.7664488692
-0.0776268081
5.1104301951
2.0377753869
-3.7770361008
1.8160867376
-2.3909506333
-0.1466942350
4.3325120485
-3.7843032150
5.9931376710
-6.3863186555
0.9284582561
-3.9647963818
-1.7099010229
2.2645827884
-0.9790345642
3.8768168359
-2.7539232457
-4.6963894507
-1.3320974919
2.4032336612
1.6832523668
1.0626405596
-0.4713218676
5.9651875030
0.4611944176
0.5513195699
0.7485783338
-0.5515223528
-0.1951424536
-0.2650484035
-0.4846202514
-0.1163116058
-0.4724388629
-0.1036250276
0.0667726395
0.6416919013
-0.6160603953
0.4652183679
-0.6100958330
0.7599960930
-0.5579304894
-0.2806254300
-0.6905502010
-0.4048626095
0.6621324204
0.6132314449
0.1553704664
-0.1134391702
0.6119562773
0.0355661146
-0.3107549559
11.3340377230
12.0215723722
-12.6443512091
-2.7434261973
-12.2860920620
9.0143895103
3.6875176830
-0.3609662017
1.8632966808
0.6355189870
1.3740623136
-0.0744865196
-1.4891688467
1.1379672050
-5.4459782285
-4.6533648931
0.1462642250
0.1793972834
-1.7438802951
-1.0369761946
2.9092713733
-2.7682767787
1.5802928505
1.9429223565
-2.2589573822
-2.5761245056
2.2555387482
3.4243649557
-0.1951530038
-8.3400266770
16.2816499509
11.8258769313
12.5114912918
6.0118049285
-1.0812275734
-0.0331347557
-15.8135301718
11.9396644702
-92.6199620706
-6.6136303174
-11.8268755407
-2.8609721812
-9.2373660820
-15.8362376672
-4.0364893190
13.5364369370
2.7640462197
73.4559579563
4.0155846511
-0.6438233785
10.6363630418
-11.6053148543
3.0537295400
11.2867727158
-10.6005609971
2.9572287827
-6.3192336194
5.9166627949
-0.8712644147
3.4692110567
1.2414735584
-3.0382639583
-0.9714018850
-4.2141454388
5.7882006256
9.1955080607
13.7077501978
-5.0504845777
-4.6824903258
-3.2881950911
0.3213412924
-3.4264580486
2.1576141289
-0.6580784591
-4.0338504867
1.1271107672
2.2640637093
2.7063136193
-6.0477099224
-1.7127430002
4.0624016287
38.1665669391
12.2710522194
11.4472762687
4.7916440483
-0.6541453628
-0.0624205999
4.7756019344
-0.1470334857
3.9078702619
-36.0853083711
-8.9553880932
-13.3681730094
-5.0177462213
-1.3261227461
-0.0036913296
-5.5009097010
0.4308653281
-2.3614449506
1.9182693994
-2.3408915179
-0.4588093574
-2.4243915985
1.9802734313
1.8405863835
-0.6237264293
-1.2586097731
-0.9411936673
-12.2273860275
0.7534827612
-4.6847585936
6.9136071468
3.5206865072
0.5481270976
1.7564135552
-2.9430569899
-0.8503501443
4.0880170869
-3.0536346966
11.0223214536
2.6826584207
-0.9897111321
-5.6033147334
-1.7226750767
2.2177731417
-1.0330316626
1.1391392066
-0.3744083035
-6.8173971991
0.3283333543
2.2675895471
2.9610188668
-2.9581076663
-1.3987208351
4.4573849150
-3.3938314805
4.9153614499
-7.3836607696
8.0628373770
1.2240039205
-8.3088652147
1.3069405973
-2.9731037492
0.7498476717
5.0440935383
-3.7814765292
9.2977894055
-8.8992532222
-1.2147620762
-7.8930688616
-2.0363890929
2.6824464643
-0.6263199961
-5.1257660659
-0.2731278763
-7.2894321381
-0.0926848501
1.1364565362
1.4997980251
5.1340531989
-1.7157981400
19.9539118755
16.7605063314
6.0587416965
-18.2620103642
2.9455888882
0.0489617793
-4.0575765688
2.7894468297
-0.8110378530
1.0684829610
-1.5465806171
-4.4464419171
-9.2205668119
3.4044625245
1.5752031708
0.3052651941
-0.7337537661
1.5470648817
-3.7436773119
-17.3780730716
5.7753506980
26.8892361779
-5.1004344692
-0.1659217370
5.0762443511
-1.1411626497
-9.5819207214
1.9446023704
-12.8969260378
6.6275761929
4.0219258682
29.7806217695
13.2830459010
-0.5823657410
1.1273189463
-3.4350186705
-3.5890946353
4.5220750118
3.1110502190
12.9767484960
-17.8048709272
-20.9950017121
-13.8970596127
-6.3892185655
1.4466557236
-0.9313655293
5.6802989110
-3.1525572634
-8.7500309215
0.1153816800
2.3985039981
1.8509987420
-4.1346807881
0.7157456159
8.9002433337
17.4652970387
7.7720362266
-4.6905251787
-7.3526843198
-6.7144516736
16.5868451033
4.1325861432
-2.3422508957
-2.1495252105
-6.6388573414
-1.8223504528
-3.8800547652
0.7658050888
3.2737106365
-7.2348964676
-5.3546244310
-0.5005444429
0.0426597028
5.1218153789
-2.2890764501
1.6741216836
-2.0159975475
1.9334121450
2.2311398977
-6.1233400100
0.6895149046
-2.5797647653
27.1763605061
39.2009087498
5.4632268219
22.4725578895
-5.1099890883
16.3948113821
0.0897194596
-2.0207679101
-0.8487063862
-33.8224229958
-48.4982293252
-36.2845842918
0.7085946646
4.7955274999
-15.2787289853
-15.4229321923
-6.0851321690
-0.1170563670
-0.3995588195
13.6762655004
21.7525190798
-1.7896533609
-0.2920051324
5.8317200971
0.9873348487
4.3334218770
3.0867986493
2.4448818638
-1.4122403626
0.3805473303
0.0562120109
-1.0718086702
-0.1500088798
-1.2678867248
1.0145416023
-0.5789560499
-3.5649431575
-3.3073999823
-5.6113755825
-11.6844877384
4.4065959425
2.1656823412
6.0797801894
2.6116822261
-0.8884362579
2.4842735987
-1.5866238633
0.3671405550
4.7111074533
-1.3014168766
4.0388749373
0.7410625046
0.6466699818
0.2765316086
1.1869495150
0.2802785048
0.3463190365
-0.6680665381
-0.0776053734
-0.2074485651
-0.6350872982
-0.1446595868
-0.3681005011
4.1551461895
-1.2727662214
2.5863967574
-2.4334081528
1.5195894497
-1.2426815368
0.2408938518
-0.1802594412
0.9168976022
-3.5126212789
-0.6119402640
-1.1154075553
1.4936566506
0.6223792390
0.1532231881
0.1725370633
-0.1350163091
-1.0691984283
0.0646930554
0.6721022931
1.1259437144
-0.4539948200
-0.2335504648
-0.2985744944
-0.4454120623
-0.1697782193
-0.5429850498
-8.6599346387
10.7020914675
1.1081794341
-9.7258453201
-8.7502010738
-12.6354788870
-0.4948253971
0.5999105725
-2.8010244354
12.7286464566
-2.6136647968
13.1992807463
-1.2059556219
0.5860571582
-1.8088639503
8.1926283481
-0.7929669389
2.6535229221
-0.2119451344
0.7065380142
1.2037507545
-0.4162389058
-0.2712496293
-0.3065972244
-0.4132493225
-0.0805293194
-0.5796087718
-9.9659012254
5.9306146454
-1.9421706149
-2.7764706387
-4.8483194793
-5.9212280869
0.1372551885
-0.1614505274
-2.7978686202
12.5636827654
-1.0378780350
11.0698857498
-1.3172916171
-0.2669902792
-1.2755373682
2.4001588922
0.0292646100
0.5493741798
0.9027709942
0.3383234949
0.4146176593
-0.6269922549
-0.1177373334
-0.2334587230
-0.5807779762
-0.0978887187
-0.3959410462
3.4577723931
-2.5227391436
1.5441882398
-3.2204034914
4.2186538543
-0.6725766901
0.8550600191
-0.2275538945
1.1816754893
-2.3631053677
-1.9761351883
-1.7196506904
1.6819097702
0.6333533018
0.9445005937
-0.1062340865
-0.2482763725
-1.0633548347
0.6319379560
0.4006390148
0.6051056504
-0.5816645528
-0.1525222420
-0.2405752588
-0.5550303280
-0.0666916024
-0.4544924297
1.0546611858
-1.5876113482
0.7724399566
-1.1659160309
2.9642958997
-0.2584796711
0.8132545873
-0.3534491642
0.2656295270
-1.8727618827
-1.3541051966
-0.3954032696
1.4591668364
0.2083859141
0.3158457540
0.2163522287
-0.0589412728
-0.6100702612
2.4242958926
-0.7169013322
0.1532088559
-0.7099114265
0.3405831611
-0.2051703582
-1.1304717521
0.0414228942
-0.3884785952
3.5786082663
-4.7358618468
5.4218017554
-11.9560715658
2.4608969323
-23.7403261130
-2.6195003376
0.9832364866
1.2579578629
1.0911167365
1.2956019220
0.4092490393
-0.5653940933
-1.3221346388
0.0031631923
9.8873282821
1.6531564217
17.0885943629
-0.7136761255
0.9765718937
1.6033998630
-0.2868243774
-0.3935647005
-0.3826799236
-0.2795084440
-0.0865693288
-0.6535159551
-22.3149126085
10.9624595322
-24.1172152402
-13.2637097815
-1.9998356732
-6.4050219728
0.8959541533
-0.9139579058
-3.7238137885
29.1151706550
-6.9934927217
29.2393166853
2.2833955003
-2.2460726747
0.6656888573
4.5641110282
0.6944615743
3.7738414747
0.7833104360
1.9047911111
1.3005842248
-1.8478842697
-1.0027481361
-0.7135634401
-7.9429348795
-6.0784174586
1.1636442948
-2.5078141818
-3.1988344836
-1.0448824988
0.8186850788
0.7101163932
0.5136286634
10.7144951619
7.8325186635
-0.9509924861
-1.5070702311
-0.4033109182
-0.2442762622
0.8164220112
0.0810491133
0.0528625078
0.6727908742
0.1548357130
-0.0770050012
0.4570544312
0.4354982613
0.8174563552
-0.4782308816
-0.2004499471
-0.2994132181
-0.4792555540
-0.0837249163
-0.4993655162
-19.2361393665
8.2699532314
-32.2525681818
-81.1230059149
-17.4463273975
-23.2975822276
1.2170210459
0.5361255907
-1.9286909429
46.3175759241
-2.1877576894
46.5741811116
0.6098427504
-2.7654339504
1.7184359553
52.7151375629
13.4421168151
9.1675466668
-151.8719222972
88.5503339695
8.7870217444
30.8830771952
15.7169509925
31.5858583602
123.3619670378
-101.5848130296
-42.7139880942
56.3998068348
-22.5937483993
-69.6163192595
-12.7598512958
-11.6055707710
110.0946239124
-46.8471568044
32.5514111886
-39.8035069507
7.4795804542
-23.0828090952
-29.2552726934
-28.3232149764
31.0487120613
48.2578315104
21.6777138520
-9.0004669167
-17.3362485296
-21.9918566121
-18.5093510435
-34.4720123668
25.9631766039
12.4072802334
21.7703497099
-3.5743559705
7.3840776236
8.3052105306
103.4695540782
-66.9687232280
75.8526199932
-5.7392619299
1.1066095205
-10.3172940528
-102.4637579627
65.3208545807
-64.5212548632
-58.9432020744
33.1272699440
67.6090386406
18.6832984531
-46.5336471439
-62.5698696062
44.5964054121
12.6656295109
-1.6567879876
102.1314356733
-16.3869959526
47.7387724870
-74.4294679351
-9.9772025864
-70.4189249517
-25.5701041354
27.9397889587
18.4924772118
-10.9508856577
14.5977798958
-74.6590670373
-9.3929921492
-10.8839832311
87.3700369313
15.3933809558
-5.2264250620
-13.8499961685
-156.4361461953
11.9690119922
96.9474292045
15.8934334780
-38.8656069477
-51.7452892878
143.3613459634
26.8336329332
-39.8754383893
74.3975174446
-3.6586360049
48.1925743155
-23.7112471519
-17.9453103761
-49.4895245508
-50.0296786117
21.8790985168
-4.8940845709
7.8795360673
5.1798116859
-66.8719762786
-24.9688940111
1.0954504545
56.3008184577
11.8422314580
-6.8002068775
10.6804710947
-80.2345542156
-10.8471321690
30.9273800266
15.8234966707
-7.3194892400
-17.6739053026
69.0015923519
18.4164140102
-7.1717531940
53.9054449428
-29.6037762510
3.4395400068
3.3244629613
-4.8985970843
-17.0800216066
-57.4879861417
35.2438807609
7.5158542508
-34.6809016419
27.6724463697
-69.5866980319
-17.8133305185
-0.9766333317
46.9381466028
47.7370886634
-27.4576087692
23.3078729809
-9.4320572776
29.5595340850
37.0214655132
24.5899710958
-40.9037159700
-59.0956891560
-10.1426920812
11.3644701906
27.5395294422
4.3659892257
-30.6070923153
-32.8786980321
31.1332673165
6.2243504811
20.2786257222
-35.6660796883
26.0896235396
9.6409093998
-34.9977941418
8.8722024570
61.2262639831
9.8426244624
2.7849063024
-72.6258941667
21.8928825995
-11.9613911983
12.5178116945
-131.8357155638
-12.9709472531
58.3933521163
-6.9644694265
-14.6693896074
-14.8782098600
142.2292952187
26.2377375941
-41.6741608595
-77.3108193105
34.3956401655
-4.7904050166
30.4319564620
5.6616330371
16.3141369704
46.4801605323
-38.9211996007
-15.8452997730
90.4102310851
-55.2052124944
42.6118118593
-1.5874985637
-4.8730672153
16.0782606142
-92.3634779648
59.3554653141
-57.2730837757
14.3491398607
7.2897433171
0.0249439720
4.7831875586
-7.2238741876
-11.9015298649
-15.1928796575
-0.4791283335
14.7811650121
-3.8910788439
-24.1262744796
-27.5920838288
23.5838898250
7.7137990845
13.5136931812
-22.2758304937
17.4273249572
9.4935978362
18.7922560710
-22.7294485274
84.5550396488
8.0372514270
2.5978854855
-64.0383624187
-30.2574108019
20.3531358143
-17.8649282683
29.6962170259
39.5329136869
27.5834562506
19.2232966638
-41.5259361766
-58.2603436200
-42.9085908733
0.7566001552
32.6099312213
140.8110073496
-15.6960284434
71.9382315130
-74.1556212039
-25.6280408008
-84.4930020777
-66.9712515703
42.7478889974
10.1496615368
78.2170779474
-60.7020563465
137.4751251509
4.8610166977
8.4431039267
-83.0328118903
-85.3072950999
53.2560005142
-51.9909769271
56.8563513696
-50.1553050162
-83.0116735383
-36.6610970294
66.5245666119
88.9942995636
-17.6501884608
-18.7901294457
-6.0288533286
-3.4212186345
-40.5351055795
-46.6759652272
49.6661736811
8.6592685671
30.6145600379
-48.3870060246
32.2529730304
10.3179267881
118.9903411409
-71.6934883807
59.3269376546
-15.2730404509
2.0547286807
14.6337713322
-107.9154438613
69.4789483924
-71.4946212382
29.2511107880
-19.1169652480
-37.9068188365
9.1509577250
12.1728325173
6.7980905257
-32.0618743661
6.7268080201
34.3861189680
4.4105801433
-3.5716261712
7.4488851401
-2.4663092867
-21.4449379771
9.9144945276
-2.1404837532
24.6877798128
-16.2751004532
17.9963121445
-8.9296284720
-58.2699158689
53.4768438331
-13.8914450265
31.2132783708
-71.7419749974
23.3042077997
25.5025051673
-81.2625243185
176.8071927336
77.0013550950
113.2557076082
-101.9475727678
-66.6908226208
-31.5281513755
-75.0139699315
-9.8446793578
9.4871469639
86.1458712480
-45.9164184482
23.8274142120
-33.6148552607
41.2055194807
-34.3452813805
-52.1248525669
3.3562583281
-84.7845571996
18.8960084113
-120.8139290411
76.7506270772
-17.1856293547
108.3036279249
8.9796614852
-2.3177240337
14.1299560065
7.7961002080
-93.2256973546
-28.8759818355
-38.6820092569
61.1416192507
30.0612299387
30.9708978931
32.2852596607
-1.4502623541
22.1226307005
-106.7571514400
80.4650552250
-48.8065773802
27.9922359547
-55.1288329691
25.4961012416
79.2585822420
-26.5249883518
15.8699911305
-3.2139463212
31.3965973080
-48.4524718897
13.0891110683
-34.9940665496
33.6037450509
-10.0034236354
5.1806225916
-14.6398064713
95.5881948509
31.2063408540
42.3576133213
-33.4842571935
-23.5689442655
-27.5512257013
-62.4693455235
-8.0317838449
82.6416456366
-61.3192674585
106.0740514655
-67.5772129054
107.2669157920
-119.4635550988
-16.1364875450
-45.3553444949
13.4141051123
57.2341199431
-14.1776080020
53.1474127529
-54.4628236555
13.8211574730
-58.2460199965
-2.1434745771
0.2663860767
4.8152423058
12.4832365816
-47.7505269694
-16.2183591567
-25.6925790347
6.8250330054
10.6055532321
13.6535755610
40.4232545754
5.8715693833
21.0388637042
115.1943769217
-52.7481128319
28.6358345252
-34.6685626208
45.1086091296
-50.4380033334
-80.2683185519
6.8979344375
61.7890526519
-24.2441053674
-108.3660150201
41.7247727293
-9.1526821789
59.3898872888
-102.5773903871
33.0639890243
50.0257539439
59.4503127270
14.6143743306
-16.7315924562
-43.4269730489
68.0678984775
33.5472739293
-16.1964695658
-82.6069700328
-17.1237384211
-10.7171989696
64.2238615716
-44.5284506451
33.3101823860
-16.3958955231
36.2400189506
-22.8477529704
-47.6504759208
9.2398099951
42.5643096582
-15.0223154009
-37.9227619099
29.1461955297
-7.3224335969
8.0805234151
-72.0936831363
22.7289118047
28.2848096656
-46.3459914194
136.8159594700
54.7578464820
86.4225129038
-117.4205349800
-61.7499509518
-39.4385739842
-19.9570774246
7.5981550008
26.6501840798
115.3803739679
-44.5199108676
34.0159428101
-14.7083294248
35.8985595279
-61.0035411927
-100.4184716562
9.4991447397
-114.4963383912
31.3120410888
-61.4784037607
93.5985006762
-23.2662068649
88.5303475103
20.7698572552
-8.3990687982
-28.3097877280
-23.5373335907
21.8695182359
14.3762087053
19.7316775375
-1.3251936459
-7.0890612703
4.2710508135
-20.4446629004
-6.9070968567
5.0765196964
76.3094849613
-39.5390923709
29.0613084378
-13.1303667804
31.0919323822
-34.3780731867
-62.9882684736
9.1025142823
-53.0269769918
9.8873251436
-113.0501312806
105.0336953094
-25.9467833862
96.7502020636
-52.0666349479
15.8658208403
15.3670957178
-0.4226750862
40.2533453214
11.4867379947
12.0619216964
0.1001921215
-4.0654250026
-11.3390849297
-40.3507497478
-7.1438337841
32.7739973891
-10.3901491217
33.4210444615
-21.1368047335
46.1524011713
-44.3941212982
-12.4777062379
-35.2779605632
10.5836239425
160.8497072880
-49.2453427100
-21.6801802744
-41.5791335489
11.0583015234
-39.2526693716
-118.3540458897
38.1292894067
61.5129696932
69.3335797353
9.5639055009
-20.6613288679
-36.6902524131
30.5088648949
20.8880822431
-32.7193415893
-40.4993101024
-0.4174205283
-3.4394783383
-36.4002488994
19.8777114844
-11.7063988840
25.7662218587
-25.0170394239
14.7259152579
10.9486694514
5.2037422921
51.0552309430
-18.6271874797
-57.0641257940
23.6997023499
-4.9706534464
20.5180058704
-74.8672952218
23.8744771996
36.2323956847
-45.7718092511
149.7120876520
57.6383177562
91.1440507190
-116.6120934403
-63.0674979760
-44.8399175746
-33.6912728960
5.6784901062
-16.3051419824
1.2455720058
-2.0368192228
8.9519053717
1.0514703969
2.9427331622
0.9534641733
-2.9958436885
-1.9118136406
7.6949904220
-2.6840381517
14.9544958794
-2.4287313169
0.9502172873
-9.7623029093
-3.0764017183
2.3800290887
0.5681762769
10.1195702868
-2.8023051675
-13.0740826454
0.9900952793
3.2671280400
2.0029152964
-6.8997505179
-0.4122298065
6.3166978008
-15.9459773421
1.2103600321
-1.6143965181
8.3369753837
1.1117858916
2.0860289445
1.0125197411
-2.9591017927
-1.7066997023
7.8304754021
-2.6932973975
14.4571625210
-2.8640360956
0.9493725403
-8.8958431759
-2.8982703413
2.3972231323
0.4253743372
9.6183789056
-2.8316505863
-12.8432846899
0.7425780277
3.1921400066
1.9238199026
-5.8326436836
-0.3768318287
6.1678383810
18.0274846781
4.7381563160
-0.0834007473
2.7757831184
3.8665571198
-11.3660886076
3.1826293386
-1.4270341215
1.7524673074
-8.0352204754
-7.3873811070
-15.1469059948
-11.9354477845
0.6680826598
0.7716393498
-0.5039472689
1.8812820448
-3.0351707478
-8.5646973942
-2.6933915053
17.9950047659
-4.0486611281
1.2734904932
1.8008883376
9.1020769136
-0.9197618998
7.3115663391
-7.8226321454
1.6686683783
-0.1241999620
5.2906643389
1.9465561246
-3.3463241715
1.7414143038
-2.4437735923
-0.2627358641
4.8280221986
-3.6428786380
6.9068455636
-6.0970088746
0.9348809968
-4.2728410984
-1.7904944852
2.2837205572
-0.8611960411
4.4377423785
-2.7657035467
-5.6568374809
-1.1698276394
2.4692348654
1.6858208691
0.5821199202
-0.4507051429
5.9314681831
-15.1799744284
1.1971308415
-1.1739061256
7.6328750861
1.2147097287
1.0426034203
1.1091603284
-2.8934280713
-1.4430958945
7.7708934311
-2.7525700643
13.6090944554
-3.4200025411
0.9514390259
-7.8891340679
-2.6785936786
2.4022455813
0.2232563469
8.9018221026
-2.8464611124
-12.2346863674
0.4132227406
3.0812769879
1.8432384364
-4.5494030431
-0.3543429149
6.0226297941
2.3189877079
2.7429426107
0.0705746366
3.9793498129
2.7630653162
-6.9352581440
2.3871292953
-1.9903781528
0.6796636092
-0.1131519810
-5.0600528579
-1.8009095695
-8.6095378454
0.8519260537
-1.8704408524
-1.1624636685
2.1094599715
-1.8530531440
-0.7848901688
-2.6886854494
3.6213950673
-2.5063469591
1.9198863174
1.7069150694
4.4909238068
-0.6481638072
6.3811133249
-12.3568487847
1.3127161254
-0.5076476958
6.3508852314
1.5241305673
-1.1277960782
1.3851280466
-2.6975610438
-0.8652324349
6.8343046670
-3.0625239175
10.9204267004
-4.6771939060
0.9527286940
-5.9812257381
-2.2267815325
2.3657651621
-0.2774812119
6.9900649904
-2.8237515323
-9.7650070399
-0.3437002184
2.7988261518
1.7317740194
-1.9558584959
-0.3703302047
5.8721894791
12.9755387696
4.0681136065
-0.0031649541
3.1034820493
3.5252447911
-10.0221385129
2.9463327753
-1.5966328974
1.4370573955
-5.4712467662
-6.6273291799
-10.8615054256
-10.9063422702
0.7324273257
-0.0035739929
-0.6928470108
1.9501012457
-2.6855981332
-6.0822351738
-2.6797070580
13.3742648658
-3.5956603377
1.4648775597
1.7695518942
7.7229779620
-0.8370953957
6.9951068632
0.3267771524
2.5131891966
0.0630548664
4.1835085809
2.6117194066
-6.3020904151
2.2711057134
-2.0715126363
0.5180351351
0.8767725833
-4.7741442841
-0.1012839992
-8.1516933159
0.8712333590
-2.2716651669
-1.2662573795
2.1418022331
-1.6782740973
0.2194283744
-2.6976893895
1.7971820925
-2.2747861399
2.0158080820
1.6975452113
3.8151444309
-0.6104059697
6.2774963731
17.1712937467
4.6231005668
-0.0681805436
2.8282300637
3.8093998963
-11.1423819158
3.1436815030
-1.4551824050
1.7004927460
-7.5998238811
-7.2579326151
-14.4209368148
-11.7630079052
0.6792932015
0.6440152146
-0.5348515346
1.8926824187
-2.9775666224
-8.1450024894
-2.6904163672
17.2119635157
-3.9741250122
1.3050820140
1.7956298709
8.8736055069
-0.9060267077
7.2569645494
2.7731452639
-0.0733415980
-0.1405606920
-0.5344337605
-0.4166545883
-0.1514400497
-0.4795605873
0.0833803341
-0.5574185752
-0.3688451561
0.2374843313
2.2804114908
-0.9245233495
0.5088974230
-0.2086669115
0.9261570832
-0.5100180503
0.1971805448
-2.5878704833
-0.0470793283
-1.0105980319
0.5687473253
0.3945156737
-0.0577841315
0.6271836644
-0.1771841996
-0.3511236440
-0.0594881791
0.6880913101
0.9464858140
-0.5554371968
-0.1581091878
-0.2821228897
-0.4871683682
-0.1475028877
-0.4575125405
-0.0490838134
0.0316666428
0.3046971621
-0.6106403986
0.4641392080
-0.7302979239
0.7924038073
-0.5811990572
-0.3941486328
-0.2623907515
-0.4820814765
1.0358968803
0.6210739590
0.1158091695
-0.1206317043
0.6107309436
0.0691862787
-0.3023661673
3.1541276037
-0.1826304391
-0.2912328900
-0.5320643860
-0.4750574366
-0.1178097274
-0.4812831757
0.1401353217
-0.5785483856
-0.4231109721
0.2724131262
2.6157043662
-1.0853932123
0.5319641880
-0.1994704065
1.0752793910
-0.5255240180
0.2605665492
-2.8990236579
0.0172640554
-1.2913761527
0.5578993968
0.4583757361
-0.0390294745
0.6335690101
-0.2369405336
-0.3588038787
3.7015460876
-0.3938601984
-0.5479019321
-0.5341275256
-0.7575877854
0.0705006423
-0.5054833412
0.4423567334
-0.6733574326
-0.6176498943
0.3976304711
3.8177041563
-2.3138095633
0.7201950841
-0.7736915679
2.4147488396
-0.7852379819
0.1486108687
-3.3318033919
0.1547087970
-1.7430055370
0.5102665600
0.7728928842
0.0797092586
0.6763122336
-0.5510980042
-0.3785684563
3.4546942666
-0.2732806594
-0.4132342432
-0.5306346067
-0.5368633967
-0.0803291446
-0.4844848768
0.2022603062
-0.6003097805
-0.4744426516
0.3054533498
2.9328680166
-1.2915744988
0.5620697147
-0.2363825422
1.2815870885
-0.5557115481
0.2966951774
-3.1433784505
0.0717337428
-1.5166873443
0.5468524558
0.5263717745
-0.0170900751
0.6413812734
-0.3020332814
-0.3655300617
-10.2718446164
3.2850550171
4.7846801941
-0.6199930535
0.3232724818
-0.4653301700
-0.5547457308
-0.5060766799
-0.2463598773
0.9702305244
-0.6244245298
-5.9933610216
-1.6849915172
0.5831396645
-3.4745483559
2.6651765169
-1.2141052426
-2.5831008286
8.1516186274
-1.9215293676
8.3091544862
0.7239023808
-0.3902063953
-0.1738886582
0.6206468684
0.4648750494
-0.1572457709
1.9200898383
0.1619677824
0.1905124329
-0.5405207766
-0.3186652426
-0.2042644799
-0.4795716956
-0.0078573236
-0.5207535010
-0.2638050549
0.1698741489
1.6313987487
-0.7293135360
0.4813630989
-0.3168554808
0.7754734080
-0.5111423097
0.0302585658
-1.8888979614
-0.1832130846
-0.3896435519
0.5878291123
0.2881622650
-0.0852481001
0.6187166637
-0.0804893324
-0.3354046360
2.7044012611
-0.0539996211
-0.1136321155
-0.5348957578
-0.4074446160
-0.1565922188
-0.4794068842
0.0745966591
-0.5540366536
-0.3597411332
0.2316244271
2.2241603392
-0.9021869513
0.5057234661
-0.2139470436
0.9067003986
-0.5086975503
0.1846681129
-2.5316333710
-0.0583712461
-0.9602507495
0.5704946968
0.3844783720
-0.0605736760
0.6262677386
-0.1679098929
-0.3497959929
2.8991094962
-0.1090389294
-0.1900765816
-0.5336096134
-0.4344260265
-0.1413838359
-0.4799482398
0.1004557335
-0.5639061092
-0.3859831903
0.2485154136
2.3863024778
-0.9699611842
0.5153754284
-0.2014069806
0.9668227520
-0.5134246006
0.2194057820
-2.6908552278
-0.0261727325
-1.1030646023
0.5654037488
0.4139087435
-0.0522739842
0.6290214563
-0.1951930300
-0.3535961660
3.5637710914
-0.3083508061
-0.4590865359
-0.5303398168
-0.5671001703
-0.0612530443
-0.4865428716
0.2334536750
-0.6107328668
-0.4974700614
0.3202752125
3.0751477295
-1.4057214709
0.5789978149
-0.2722745161
1.4006200165
-0.5757848418
0.3023970131
-3.2314926377
0.0933114559
-1.6003549344
0.5416013869
0.5597986566
-0.0055435920
0.6455743636
-0.3346009921
-0.3682992553
