0.0000000000
45.0044625647
65.6999513320
25.2236104340
72.3203125253
51.7240150678
43.5904996017
74.4179336553
65.1634087328
53.5891792934
78.4137083151
64.1527378348
35.6222983835
60.4728468554
43.7062919282
72.3579724540
56.1204650383
85.1226902597
72.7262891168
36.4935037985
52.5659285208
79.2873014402
36.4809289442
25.4776100677
19.0669306022
72.3110654044
63.6830046795
26.1878122908
70.3944126127
42.7200390518
27.7773168073
65.6744238567
51.4987125081
62.1480855356
23.7306227410
43.4494282975
40.0355125255
21.6646649676
88.4615070610
65.7748287884
28.6284321998
23.8981527587
19.8983927253
87.2143681567
33.6686351453
68.5383951050
35.8495431147
64.8623928613
89.4303538138
58.0542001537
67.9469232526
63.7650371082
53.2907268372
14.9108417663
66.0108751019
38.1013124185
76.6284580140
93.8889313086
96.7316541340
47.7540941931
42.2877819620
91.9146383814
69.4894121588
71.9041268261
90.5099206566
27.8773540128
63.5822056658
22.2259267975
38.0541832272
20.7873381042
20.1740963607
41.8485882767
60.4421818817
30.2485489785
46.2548400949
78.9868390405
44.9982815020
77.6025991451
66.3428929250
30.9130521262
25.1050162349
29.8275144396
10.7021806388
64.5723297073
84.4364743251
38.3179991415
42.2791196890
54.5996782511
69.3958904837
59.3614729542
59.5473616695
82.0674806963
25.1738318573
23.8318892564
52.0517368954
91.6771418714
82.1399961710
57.6565388172
33.7143266904
51.1813001912
