-45.5395427209
21.0698305862
25.6856139415
20.3469297295
-7.6729122010
41.1036725761
19.4205684455
-11.6116606031
-72.5330333734
2.7429584347
-3.0048902403
10.9026269545
20.0553305891
0.3555289384
-18.7682475752
-31.0162356301
-1.5844382196
38.0238941943
-7.9894376895
10.1968460639
-33.2472327255
22.0464311501
-14.7585326030
11.2849795844
-13.4932263473
-20.9796818749
15.7722487602
13.5603816290
29.6558155528
-26.3979940294
-0.1341587759
-1.6659053993
8.1734716926
49.6262744168
69.2060026942
91.6559288082
-26.1697839442
-14.3159914990
-34.6539811839
-73.5870491031
-22.3412296857
22.0029594567
37.1167565559
-35.6126459240
-73.5568659281
-40.6046511185
5.1746576944
33.1231547720
-3.6680330827
12.9104763139
-9.8466249435
43.2054605901
-10.7291575963
-15.7202900128
-4.6943665730
13.4183061880
28.2079611510
1.8746772020
-40.7490923094
-31.1906690759
14.2450711767
30.4609045796
-26.5408793988
2.6556462517
-7.4222304556
16.5193075410
-8.1511162447
34.4255066564
58.4334943601
35.8164312713
9.0453400900
16.1892101184
-55.4587588347
-17.6095803161
-5.7596572655
42.0689448145
-24.8254995861
-60.4826856450
-22.1061678194
9.8115169767
-27.9678760681
13.8577178613
2.5381639379
27.6037260759
9.6034317751
-12.5507447600
-1.8296081827
14.5655609269
15.6414874147
26.7621712959
36.5482816594
-15.5337503307
-35.0441401957
-38.0071726702
11.2876572101
26.5181753141
-28.7371527394
-12.2300972931
-24.4228109931
21.8273128970
25.2809604123
-51.9420519276
2.4910137701
7.2887404932
13.6789620302
28.5056068874
0.7926673572
31.5195332253
-46.1374620143
-29.5481697784
4.5479189415
-11.0017180821
-10.3444664908
7.7823260622
5.7834523227
1.9494064411
-1.8178280522
4.9601001803
7.1122591025
-3.1082148152
5.2615050283
-48.8817414743
-4.1498361495
19.3479903194
42.2696718814
-1.7433359810
-10.3131733699
-13.7693004758
1.8493618985
-20.7246279390
17.8499737172
3.3831647678
-27.2033735870
44.0146431352
-0.6752395920
37.5129396328
0.5604017006
39.5533011562
44.9176611669
-24.9921693401
-40.9755568388
-51.8517182254
-33.9607618920
-7.8524921906
-7.5743203119
-0.4876160525
-19.1159867333
-2.2548905773
-12.7095049640
35.9205349428
-13.7762151064
16.8655857447
-13.1438388721
22.3967779695
10.5773547132
6.2043056064
-47.0259120066
61.8889763693
83.8772373443
7.2227070158
4.8597010717
-0.6328885170
37.6363428437
-66.6166104861
-83.1593763058
-18.9607876057
15.5546614259
50.1737848552
16.5148867310
22.7304352826
22.5252233703
-42.9178565433
-16.0925807938
-4.0033624295
44.5041102834
-7.0476699777
-64.9039948654
30.1550148864
-34.1830356643
29.0843357388
-16.3101669421
29.4877239771
-40.0394100066
-8.4058001988
3.6370980853
12.7763637857
-22.2829504134
-18.1613692637
41.6234082797
-1.5405004912
7.1317353319
-29.5564552396
25.0788032228
19.2027783327
-34.4184331233
-5.8347529291
-22.2597767361
16.7385408205
19.6354686672
14.3032816703
8.5189043928
20.5676678395
7.5008350185
11.0762907904
-66.8642730839
-20.4596342956
-20.3909433516
0.3814312325
14.9844338586
4.6162387177
-5.1412620800
-67.4360398711
-23.1913580860
-29.0807900784
1.2128885884
23.5326344184
42.3892222995
51.2876250062
-11.5953896981
24.0173807391
-58.6593695272
-21.0682569771
-14.2556974852
21.4478726892
4.1413265646
-31.4014900094
51.4269220250
13.1707028821
39.7523407734
-15.6088151624
11.1898491610
68.5162330097
13.4455378083
-43.5082208527
-21.1545635681
5.0088239573
-4.9838027420
-4.7728086759
1.6479719472
21.7980487477
-53.4233719084
-20.1966542078
4.5941488978
-10.7062637772
7.1897276310
-11.1027634734
22.2928450589
12.0845153244
-10.8525999398
-21.4658772916
1.0554660115
21.1917704710
18.6312178817
-19.6624903939
21.9621309997
-16.5402328663
-52.8925782507
-6.6183628435
11.1268893798
21.7949335471
25.2102701429
7.4959327576
30.5247466255
-17.6906194076
65.7909827176
23.7854791352
-33.3826473055
-7.1222581019
-0.5823480338
-43.5962172651
-3.6879006391
6.2362782134
41.9223501388
-68.8557365119
-29.4653436266
14.0313318919
42.7591319145
-8.3088625558
18.6081865052
3.7521304545
-1.2214124034
10.9789938381
-41.3707129787
10.6241586159
-28.8840592909
-2.7705090458
28.2765109800
-27.6892986322
-35.7153230306
-21.8653024540
42.3331652905
27.5229810726
13.7900265801
-16.0714847075
19.6972129629
-21.2691844509
21.7496795367
-47.9602919379
38.5501460864
73.8741622123
7.9543249794
8.4811377736
-4.5457500409
-7.1406481022
-0.6320394559
1.4450807230
52.0012146505
-32.9696893418
-63.3868850601
-7.2227674936
11.4355918845
5.5423118426
4.0524146841
-3.2687466635
-9.3143738889
2.7118657207
0.7111812041
-15.7074058657
-3.9240843097
-24.2819984713
15.4626829642
29.1404235796
-51.3019048865
47.5259034811
23.0311179542
42.4979021260
-3.1480542820
-52.6435685391
10.7784185586
-47.7476720857
96.9772594437
-50.1099107916
-89.1880306092
-7.1369067783
-0.4571826653
-1.9432792080
-57.1185927353
15.0673003289
-9.6313962442
-35.3399395799
15.7192156421
102.8842608355
26.6244087535
11.6277571897
-23.2661039268
-13.9812515145
-5.8121164372
10.0528483769
-26.7445046577
-23.8498844549
4.4362377550
15.1759837130
36.2987596651
7.6431061230
23.0963592908
7.9457157840
-21.1080656120
5.8228470996
5.6574616099
-11.9277995079
-27.3756630348
-12.0871146848
32.0482220178
-15.7575384201
55.4180347316
113.1950554111
-21.2409756988
-3.3185080501
-54.6613350749
-17.0984336486
-15.8919059037
11.9065314749
72.3335099336
-48.3730340788
-77.2987222684
-13.1378966300
-9.4620773246
44.7517977838
0.2422788861
3.6279339170
-15.4766426678
7.4809769488
-3.6748433594
-21.2847474097
12.2186148083
4.1959522652
-5.9267515501
11.0495477360
-13.2010390305
41.7290333835
-39.9328303020
-3.6212872861
-30.4595064748
3.8427487583
34.3007753052
-6.4747126076
64.2329175704
55.1028800736
43.6699278680
19.3140681922
-5.6454502407
-29.3605580973
-21.9991647700
-8.0971712161
-50.3509955373
-46.2957561833
-37.7295522069
12.6572355266
-66.1519250137
-60.7610840191
55.2551335758
40.0117076080
-21.1279782304
-9.3256607101
21.9343977693
83.6661697561
-33.9164826418
-6.6562255157
-0.2629800878
27.3479060876
2.1302031022
5.8856894827
-21.2726364300
7.8990280936
3.5154036694
-30.1693659171
-14.4192520386
-14.5459281667
35.4654950896
-4.3733242215
72.8783664630
116.0486787678
-16.3026807368
6.0631254744
-51.9045805825
-43.0690000996
-20.2217880778
20.5830481789
80.1241143420
-45.3489925293
-107.0763105026
-33.9651234100
-82.0878528404
48.4447251969
16.6980017084
-19.5938753437
-0.5256732024
12.6620275044
95.4590954269
-37.2636227888
-3.9902529729
12.6241624605
6.4283925274
3.1421855619
-1.6433021109
-11.7084476444
7.9473178532
-7.1965853414
-19.3226418124
-18.8732679007
-10.9323535813
36.2964318620
-46.1588272861
24.2230373412
31.6336394538
6.3882542291
-13.1356613223
39.1446169583
19.6604104313
3.6858764109
-14.0077834894
21.7260315237
-16.0268698647
-83.4720264705
-41.1840464117
60.4767279869
-10.2553423449
27.1352411735
1.8188478743
0.3726998956
6.4575712963
-61.5804885015
16.4289026884
-23.8459818568
26.5632561918
-13.8405113289
-5.2833849545
-15.3492680802
29.3712662287
13.8004406234
4.5013284900
-6.8871238993
21.3042924178
-15.1767853405
11.5116634941
26.9009595895
-80.3607284724
-50.2950428822
-18.2800386029
4.6481544043
-20.7045599756
44.7351296226
35.6418306221
-31.3497186247
-36.2987134173
45.4154884841
103.1907458202
25.2053074042
-11.9408105399
68.9420703772
5.4865240192
10.3944187975
-6.3612348741
-35.3628001955
1.5770350231
-58.2057716549
-1.5746953616
16.0795626468
-4.7498686091
24.6746714631
-9.7993253599
7.1229530039
-22.6426001443
-29.6117782139
4.7838061522
-12.8437455628
17.9561537939
-12.3733775471
29.4416505516
-72.5048661257
-44.8373454375
-15.0655867907
3.2252773417
-21.0423451963
37.8090852822
32.8364116447
-40.5161009190
-46.4638323431
40.2965059583
104.7403879488
-21.1675935735
-7.1751667067
-18.7765271072
42.5771363697
7.2043976526
34.5335994923
-21.4367862749
25.0530954064
-18.8467264391
-5.0128546261
-30.2301449393
8.2662304368
15.1969552861
-31.5799007612
49.8945279332
20.0413673279
-1.4186483586
11.2065232514
-35.9195412093
34.2930424453
-64.6222215919
28.3225559453
-58.9688297835
-58.6709705959
-2.0839755175
-0.1656297727
-9.5668604822
23.2774773143
15.7144331511
-28.9387288675
-39.5379943388
20.1338972051
104.0207825403
57.9429504696
-13.0475214233
12.4626511087
-10.8158733020
17.0698169677
19.2803203834
-48.1299168041
2.4291663064
-27.5458523607
-12.3034343565
-18.5833787410
3.8551229944
-2.1222117292
8.1036162542
0.0641776385
-5.9235047213
1.9838479661
-3.7167651605
11.3739270401
25.3305842416
-11.2438783843
-41.3423097489
62.0020544748
53.7144101467
-14.6129375901
-0.6367045488
22.0481838210
10.9644400288
-4.7304291407
31.4177051800
55.0556634988
-40.8315970987
-95.0534967836
-41.1737414657
-6.3377528786
27.1173717567
8.2267158901
0.0236148095
-16.9865757720
34.9594878510
13.4096709041
-32.9456227273
-7.2290666735
-21.0117718800
13.7036156352
4.2485205342
-17.4632500827
-3.4444963912
-5.9122499178
6.3265419511
-1.1321637444
-3.1845224068
9.2496246758
1.5610688789
-54.8883249313
18.7713319440
41.4783480805
22.7910376147
8.7620714727
40.5688043736
27.2227027722
7.4185851847
-16.4290758209
29.5838920101
-17.8722983333
-67.8385588890
-37.1658396422
48.0154145053
-19.3676337522
9.6709036759
3.2579092755
-4.2707929733
6.8066243647
-52.8634220128
36.3012724592
-45.0856555037
-15.0811675371
16.3413165764
12.0243363370
1.9987610848
-10.8490637662
35.0742783089
26.1771835832
-25.0924297055
-6.0339550063
-28.5843667953
9.1578122315
0.4063848549
36.4340248293
33.8431242333
12.5517989714
-7.5404313882
20.4739248484
-26.9436770890
-9.2807624516
7.5310098926
27.0367761692
-17.7339689596
-76.7766552042
-11.1964104114
18.3592633599
39.7269009567
-0.5245608849
2.2114497157
14.9661434688
11.3566956051
-18.7181233217
-53.5418360974
13.6487290499
23.1715818392
-25.1075420452
10.9003999478
-26.5483822059
1.2410712521
-12.8459630828
16.7964026774
5.3469613723
-24.3901719443
-17.1510529086
32.2968985085
-30.1343670475
18.9036787570
0.5825164230
-0.1339749707
4.0702473398
28.6363587462
3.6903055218
0.0613980305
27.7581188327
33.0282781183
-5.1670635777
-45.4400306202
-1.6593571931
-15.5362370363
28.6980378206
23.2329016042
13.6898539668
-20.6358797042
-22.1194480369
13.9284116883
-28.5705256756
-6.5583937497
-30.1777438738
10.3095197981
-12.5107641783
-1.0768917612
6.8014659625
-2.9331671045
-0.4503569727
-0.1921819069
16.0979858506
1.7547046251
-7.9474008620
-87.5598076345
32.6640771350
77.8332442058
14.6338605438
-14.2531123549
11.5318773157
50.8327250821
2.5048086420
-7.9166710149
50.9128155020
-37.6416008564
-87.8075722145
-8.2026919659
3.8001118959
33.7370330946
4.6465570784
4.6954006252
-11.7827843706
-13.7968866621
-7.5666775757
-14.9992959861
-8.9253781857
-24.9464753833
14.8420844887
-15.1629762385
9.7844952500
-23.3415660148
3.7140958356
8.1575351944
16.5841480638
8.9076854590
22.8014374279
-8.6804963817
29.7762885540
19.0865968850
-58.0810237020
41.7224282570
-20.9918153856
25.4817349129
-55.2942046185
-9.0930333724
-0.8478231281
-9.8048146113
-8.8598818936
8.2135186813
-49.2960477376
-37.0650053304
40.2667295263
12.9084200680
6.0058470506
18.7295809038
38.6004849769
37.4751326951
-33.7194684386
-35.8561391099
-35.3870067390
-2.5187422572
23.5104248287
16.2963827428
23.2824139645
-7.0588714184
8.9108599516
-12.6330277973
10.7920308112
23.6219222101
-8.1738926657
-44.8648059248
0.4349754474
71.3993517544
-9.3957782191
12.5485995762
5.7083139689
54.2806165320
6.5271788943
-5.4351427757
14.9505330764
-9.5051244874
-71.2709798757
-6.2743851685
14.6593240773
32.0192851602
4.2943366325
-18.3276097438
10.1026156927
-9.1203563023
5.1634266077
-37.0536461730
-31.6438613910
-5.4128644074
14.3925410019
16.9893707959
0.4379779932
-11.1442275404
19.4412174703
9.3527203836
-27.5275086081
-8.6568875013
-15.8786043411
18.8093973947
16.7088829725
2.9601769728
102.5353050059
-23.5448793979
21.1601014390
-34.4611802687
-39.1850019113
1.3746335506
28.6417649889
59.3709883061
-17.5465861455
-111.4805851374
-5.8471129351
-2.8132976956
6.5587981210
19.8483233157
-10.8069190272
-14.6583789631
2.5057952605
24.9591116899
-11.1934126089
-29.4846443517
-17.7842106112
33.3980395034
-33.7508647275
-24.4174201664
9.9803923923
4.3117423859
22.1946278951
1.9230120236
29.0667722687
0.7197797269
-11.2437550569
14.1270753944
26.2806374146
74.1039210041
5.9691903773
-5.1012969142
-0.2346480084
-60.9322160875
4.4372054001
12.4786706157
26.6052360991
-22.6071470982
-97.0363984497
7.6444224049
-26.1159883313
-12.8594211763
-5.4532801922
28.7693186382
14.8408476580
-27.0991714907
6.7790879837
-6.9229101664
42.8511921992
-11.0959591258
12.5751505245
-3.3708806555
-21.0369389536
9.2030852153
-6.2425240305
20.0341230339
7.6092373585
5.9009571674
-0.3430432334
-13.7575333896
26.8490091430
28.5076666908
-29.7449053093
39.1332079956
-27.9839026901
14.8301917034
-59.5342226828
-2.9991531483
11.0065100599
-1.6438606414
-9.2761127746
9.9379215475
41.4674691881
-19.5236250207
27.6260803380
8.8476713034
5.1840376856
1.0860832038
-44.3419645074
12.5962572834
-34.8222091311
-21.3045106123
-27.1625973069
-32.5938315553
15.9811510052
11.4112157660
46.8314793762
-12.6426105670
1.5802284891
-13.2043558238
7.1886615613
27.6659850259
-0.9529644093
89.1866763804
-5.2597428707
21.0226744892
-17.9773720216
8.7368628948
-12.0482559074
-5.2414572242
-2.5827396480
-35.8867527447
-73.0417810874
-3.1467154691
10.7201440296
35.1388804779
1.7248107950
-25.8100464611
-16.0703095405
2.4767457482
0.6269616908
-19.7019361620
-1.1367707311
23.7459539159
-5.5273287594
-42.8426897294
11.3626129446
14.2501691011
27.1098582771
-11.2307558834
-19.2906229577
34.7075016820
6.8716949404
18.2750806076
-19.7871185770
10.6257678002
-58.0124371119
-2.4845272275
67.8014172073
0.6063684005
6.1847297665
42.0445888552
34.4691585975
-3.1962278294
-1.0509847237
30.0618671868
-2.3122804699
-97.6261722110
13.1119172563
54.0312083783
47.3059764854
-6.9722908985
-55.0158430054
14.2302861287
-16.1716917102
4.2504095766
-53.5769025598
-22.8281650663
-12.7428638174
17.0920229998
22.7262136936
7.0178710147
-12.1744885315
7.2858162128
26.5210272583
-20.4835562375
-4.2767577464
-22.2535012731
-3.5621874128
-7.6614747782
-31.1946665412
-27.4990875907
-22.5463917928
11.0004693930
7.8856589380
23.5765768901
27.8739208117
31.1048984844
6.1322124887
17.3534472661
21.2808637850
51.1437518324
-46.3153284657
-5.3469435847
10.5585152797
20.6222247614
3.8729532784
-57.3326095065
14.5431912490
-22.8359714483
12.0609052582
-0.3963668821
25.9906723612
-29.8523471193
-0.3833617793
-27.0678024761
21.4681280152
8.1449700381
-21.3473478815
-7.5472677534
-21.2484998510
13.9621049485
41.6045249701
16.4700501362
79.9636844759
-25.4758721220
-15.0559980918
-12.1912574891
-51.7840969088
2.1604348966
23.0251697828
30.2775536201
-17.3489885092
-89.0928100620
15.5414547305
1.0671073987
14.1573771534
-11.3832501110
-5.3025315205
-8.8317004158
-12.7175710448
-20.1209881554
-3.1648481422
13.3260573548
37.3714416957
-5.2889999050
-12.2594385220
-18.7794193699
-3.4988588354
-27.4369140211
35.4531671013
3.7915774084
40.3075532399
-15.9142755817
1.1306636573
46.3724740754
14.5154343017
80.9504998620
-23.5603925514
-13.8212473648
-13.8648495006
-52.8597423525
12.5608255823
22.0915393022
35.8197077461
-24.0838612780
-98.3021055192
-8.5504441683
-19.5760604756
24.8735486203
10.4132404435
-24.4487891810
-6.5968339258
-0.1936997816
50.3729537289
-19.8281853878
25.0780454713
-31.2339261324
-18.0353489049
-12.3886345592
44.7939354077
27.2074161141
-42.1307780481
-10.5518235869
-2.5812656494
22.0002237248
1.4725578121
4.0855849890
12.0483851639
23.8220041803
98.6061168426
-15.7002445804
-8.9299484114
-23.5730217430
-25.0463574659
6.1014968717
-9.2250362919
15.7726199280
-14.2358821057
-77.4326498056
-55.0154552359
3.4915516919
-11.1479095723
18.5942730493
-7.4058279224
-14.2065622219
32.1800103004
2.6697043800
28.2281583708
17.6469805108
-58.2230872846
-21.6535779107
0.1759963824
42.4904716551
19.5148486219
-44.0504068714
20.1421755513
-5.7558803664
43.3941988189
-9.9226597920
16.6455152624
-18.7766670363
-55.2944322997
28.2528214626
-30.2352191469
4.2059133178
-2.0490264532
51.1218161717
39.1668538222
-15.4464203601
7.0320168951
15.4151296109
0.2438975571
3.7204222898
-18.5147672483
-42.8399267231
-29.1086063176
8.5143068927
0.8467167397
30.9296100483
2.6645602079
34.6884049213
10.8981931003
13.5994396275
18.9432241355
-22.0099499811
-33.9022252925
-19.0026240263
-8.4765023266
17.8754016755
18.8814786540
4.9048863033
6.2698185003
-22.5185447217
11.7329281168
-13.7278541964
-54.4551401016
-25.4476313522
-3.5288759929
-9.7493362921
38.3352434930
19.3158220489
-40.6935392823
-21.3136071877
-11.8203090785
99.5555462640
-38.8715750216
-29.6431199542
-23.3005501952
-0.2237015231
4.0589866071
-1.9097472220
36.1060702188
29.7395631020
21.3729323706
-0.7199872489
12.3114956940
-13.6989268255
21.4824826034
-20.6850659586
5.8133153210
-4.9580273327
21.2469464012
-5.3828851968
-16.1221935799
-7.2675886725
22.4483311597
23.5873419419
-18.1210424168
-53.7842786294
-42.1906724340
5.6799498718
-13.1671489209
38.1904109750
25.6745121113
-36.4677809390
-27.5870674014
-13.1432506957
99.4119150015
12.9865170916
14.9617309597
4.4406218040
-17.2530125822
-26.0756852012
-2.5142977304
6.2211184401
8.2255063337
0.8826547943
-13.0203336791
32.0689801398
47.6317823545
-16.0634719894
-20.4723903720
-20.8539247725
26.1104872214
-25.9265765456
-46.9360277376
9.0186836019
17.1282658151
21.3564859614
-6.1350988223
-5.7587192664
-54.4778963633
6.9294310982
0.7175515344
9.6027416164
24.2310417584
22.3465683356
-35.6942115284
-36.4638463233
-14.4059054141
71.5271342708
27.1895170514
17.5630989618
-32.0410880068
11.0097782338
-14.7862409308
15.7707581598
-27.9091461767
-8.4138010585
17.6173333353
-39.1478436278
-29.8229240674
5.7126292392
26.5765553828
29.8501438293
2.4705141611
33.5402999353
2.5946265040
-16.8616748458
-19.8206885099
0.1156015722
16.3737599617
24.7582375788
-27.0671692378
6.2025991833
-26.2219917178
-30.0342276377
44.6842428742
-39.8695112114
6.5411409696
-18.9116819883
39.0368525999
29.3762372683
-30.2812392096
46.6851598153
-18.2883062765
-27.7310935485
-26.6638260614
34.5769146549
41.5190342368
-20.6829599075
-21.4223510496
-6.3476487099
29.3241765387
25.7275891054
20.6204732763
5.7432571040
-33.5634949577
56.0360219884
3.1213906788
17.3647969367
-33.3495647527
-35.2307842318
16.7888702243
-52.4411421640
23.3185583552
-15.1160667961
-27.9782924830
-12.0256372031
10.6290751068
-19.4535122551
17.1889049083
30.1933127617
-25.9350090510
-21.7055757908
-11.8886632440
63.5897324082
5.3047158370
-23.7336176267
-16.3861306403
3.0283852800
11.4528173904
18.3819686305
-8.2215397003
16.0438036540
-0.4286288339
23.9051564380
-21.7694451110
-14.5247739743
-11.0620441136
15.9714366073
3.1522414816
-19.9431750668
29.8121412281
5.0547776130
0.2122522419
-41.5947939705
14.5276271044
-13.4932642942
-10.6993278015
74.3843732524
-10.8123786327
-1.4683528249
-16.8338870667
23.3472509298
6.1211782514
-19.4201356141
9.5222480111
0.8495674981
-61.2720919433
67.9677928731
-30.4293268573
32.2307393321
-5.4190509325
-5.9395455734
-17.6804638774
-64.6256676417
28.2833449735
4.3712442589
13.9070215138
-9.1487120985
-5.9071021882
-19.9857810973
18.2507886836
39.2569847459
-20.1736880525
3.2062458022
-32.7641193059
19.7655185090
0.9741399468
3.6344572206
-11.5629890031
-37.0296009037
65.2967888129
-47.0245743796
7.1655459902
-35.5277575972
60.8431678354
33.0762014535
-30.3791018074
2.2401636354
-7.4489995984
-3.2286119227
49.4375314447
3.3991570004
54.3514099696
-16.9973254079
-25.9020794714
-35.5125883372
-29.8509229259
14.6441263571
-10.7725913429
6.2911458253
-7.6433978395
53.2423084335
-10.1593557453
5.7043212470
-49.5998598399
-18.8919472459
-4.2805844508
3.6792214792
15.6751059670
18.3153102156
-11.5492178479
4.3790767294
-19.7630140158
-12.2115246734
-35.1997199779
9.8011491812
-34.4246172767
41.8829838221
29.8743313994
-34.2473496743
-11.9189626313
-17.2441567322
80.4704613245
11.7919841141
4.6778300400
-9.3798689952
-14.5171940877
-3.4283084950
1.6639997551
-13.7792544133
0.6075435675
-12.8358573578
18.4403143098
-4.0412974379
17.4319735635
14.1260733599
22.2557164214
-8.9458777946
3.9700237354
13.1276284450
-17.4642592321
-19.1753249605
-35.8674211877
29.9429215470
-39.3052982224
-55.9840857719
111.8614400518
-3.6640569625
3.1635401611
-10.2266106375
13.3199372367
24.1648244758
9.9359743989
18.0146951368
31.4659961255
-119.7736641683
-98.5437084768
40.9212418282
34.8309203087
34.3384257121
4.4236797138
33.7007630050
60.0638186426
-45.1883278669
-65.7886288260
26.0624654615
-65.2259455701
-11.5467738326
-9.4867178853
30.1642668068
6.5463207169
-38.5248948182
48.5914254123
-3.0241862220
37.7253329897
-16.4966141288
13.4844440193
42.4513508071
24.8215958022
-76.9933911056
-2.9063742449
-4.8940394286
-15.0896522193
-11.2933836295
3.9086008023
-9.8385102432
-21.7170748773
-34.7801545160
109.1884508962
-1.6570483634
-39.7226165183
-34.7629574703
-4.8531919982
30.1226639966
25.4958606341
-4.0995150466
1.2284598481
5.8584590483
-0.7434040232
-14.8108127129
37.2413112169
-18.2612833640
4.2022206133
-40.7914860747
-0.4247594393
21.0115560572
15.5190862383
23.5046841793
8.9125272421
-15.8271721065
-30.5703504585
26.1671667962
-106.8203292401
55.9068283228
-10.1509706736
24.6004224890
20.5301039989
23.9711839863
-37.9364681707
-25.9773221791
-68.5865414388
123.7230993568
-34.4247963385
-37.3538711106
16.9752142429
-23.3586290607
0.1598037428
13.5684239931
41.5280904937
40.2173808119
-39.9728440872
57.4836178771
-5.7207605412
-40.7869466807
-27.5691600378
12.5458484283
22.3337185778
-38.8429808716
-27.4835222603
14.5788221710
5.2945994395
46.2342846308
9.7368873481
5.5754228556
-15.7048325938
118.1254218497
-22.8387629147
-14.8620860450
-9.6613339504
8.5703567866
14.7902538120
-7.0327604165
8.6249599563
22.2671621451
-87.2559421694
-6.4055591862
-24.5580820866
10.2107227587
28.2120356958
1.3776396540
-18.8196157744
-31.2918366086
12.2942037812
-6.0323920698
41.1741126335
-40.0014927858
2.4056724525
-15.0238736974
30.4844482388
7.5752085057
-39.7381948930
31.0163115238
-8.6348712035
23.1413370005
-17.1035256438
-0.8801111684
19.8213656243
-89.2781295152
71.0881838891
-41.3362595953
22.9114513239
-11.5830403647
5.2904063107
47.2144605010
19.7250991666
8.5143365387
24.3582017091
-93.6177889367
11.7200510848
4.8142596987
-3.9801721506
6.6876609373
16.1123855007
-17.3291731297
-17.5894732200
-24.4637283881
21.3845381827
-64.8259618772
-20.7681518093
62.0490967312
40.3504758896
-9.6601872436
-31.6608283839
24.7230300015
53.2709440879
-23.3857231235
6.6443683057
-24.5115058651
7.3098093052
9.3754446277
-81.7688714781
71.5494363559
-34.8194769567
7.1228107031
-6.5843754951
8.6713156116
44.0571519269
17.4671609816
21.0865390660
1.5862312091
-90.9220281034
3.8262798181
11.9314862832
-0.4804547672
4.0599827123
-18.3199515917
-7.2905026509
-21.8114937969
-12.0152966819
14.2236572854
9.8198380131
45.6131975893
4.3510766850
26.9328835771
12.5355446682
22.8749642256
-5.9785051472
-1.5338728338
-17.2863240020
-21.1628063391
-9.2084297943
-7.9026117008
13.3316343584
-27.4105113027
83.4446229035
1.9884679972
20.5600535635
5.5534753365
-34.6148781235
-7.8056242526
-9.2118580566
5.6032972009
8.9014669162
-69.7673637390
25.4934569372
-34.9995526273
-27.6517988269
-10.3108503101
25.0054661594
15.2590577053
-13.1069379158
6.7576195438
11.2765458932
-66.5571750201
24.4092070414
15.2890748627
34.5561043560
2.8650287618
10.0503984324
59.9950897518
-26.2675042412
-27.5219387196
-16.3782080460
7.9843480660
-6.7202169773
16.5002024794
-74.0795674165
69.8402679710
18.3540029755
48.4343965341
5.5585649600
-63.1531240597
11.3930309159
-18.9085335842
19.3613037405
16.6369380847
-73.9760981691
44.7361790906
-20.3586363379
-39.6820643619
5.5408402157
-7.6546063953
21.7372697255
-48.7700958629
26.4744107182
18.0564212744
58.6232369950
51.7708451514
-78.6338958210
-37.7220375414
-52.9820356175
63.7947593295
-34.5098898156
20.5211248215
11.5709519159
21.0393805973
-20.1559004587
20.6423579459
-6.2776236965
-39.5417937688
91.0596459734
18.0835283815
19.4575630831
-10.0006619484
-36.4476015067
5.6702449606
-14.9356804356
34.6274847841
20.8941994424
-77.1125774709
-19.3476025499
33.1744150598
10.4152978752
34.4342889844
-46.0353825709
-3.3272808914
-17.0214880753
9.7263938536
-32.0937191253
-8.0858251029
-6.3085219327
35.2640814215
13.2793755936
-7.5091999309
-6.6246596517
-21.0360875208
5.7064830326
10.3082734807
7.7915518942
4.7655963995
-2.9527204134
-15.6366752777
-35.5030992488
49.9797779411
19.7180789963
31.8915643074
-1.3172661889
-38.7851794926
2.8398095113
1.9746600810
43.6541063963
8.1299928842
-61.3568000226
30.5810431741
0.9185940347
-41.1322584252
15.3715013866
-35.9015152617
27.2561292185
-44.8139784684
33.5700597656
14.2268756541
-43.0723512823
43.9873996566
4.2899158225
26.9679998448
-27.2280675105
6.8669017768
10.4073752809
-19.0928865782
-34.8552193477
-4.3919193721
-3.6118503747
34.0672846763
-36.1981376186
-27.7624341029
72.5422841080
14.4238720697
23.5331893913
7.7796626665
1.3103906910
0.2631982823
-10.0688951582
20.3058783346
5.5471820858
-68.6821912599
-15.3069549520
4.2484944457
-4.4371223913
13.8592819837
-14.0471687796
12.8836395782
24.5075712493
5.7887459106
1.8787031274
-15.4801551247
1.4304486483
-17.8416882560
36.4045318129
-29.3232788581
28.0288139928
-8.7615070131
-19.0261890306
24.7547678122
-35.0647726187
49.3478131932
-46.8379718479
-22.3162594615
-17.1133005195
36.6665584857
-48.6654858379
-12.9736697055
10.5511654459
16.2004589927
26.6854166428
26.9381890234
47.0555579963
-12.6337381152
-75.2705796362
26.9061096909
-6.9333787582
-3.3519333106
-16.1951843782
2.6900415289
-11.2961596800
-9.5200411636
4.2963703473
14.6866671665
-29.7089245645
-11.8317204129
-19.6266922685
38.2062656503
3.2790753263
31.7473081075
-16.0680113833
-14.2693014370
-3.0848407311
14.1055144590
38.8042051029
-7.9596837885
79.1579076621
-64.6044707591
-88.6475166244
-16.6965964885
7.6970760543
-1.5788529152
-16.4101367769
25.1965962266
15.1721404069
-52.5966033622
31.9609169499
77.2315444558
-17.0316720657
-48.7074467717
-1.0196180808
31.1939277631
-13.8065014495
3.5153657225
-11.5203307956
63.8800330543
2.0262168287
2.7288066250
0.2181755107
16.5897938461
-3.9822295822
8.3104468375
-16.1094505477
-3.9174685107
-1.6521757486
-26.8472031094
9.0743955316
-8.4926475326
19.6675812033
108.4198904720
-53.0343501167
-72.0797438194
-19.6256724464
-6.5607761015
-1.0349011814
-35.0222484111
24.5878336160
7.6117406659
-49.5131939395
16.9551569521
67.2471119080
-45.4418081938
5.5784977376
-21.5890006443
13.5629987769
-22.4211256279
16.9015285426
29.5911955961
16.9788144519
4.9497098539
25.4735917524
9.1875281858
-4.9264709555
-24.9127939815
-5.2934313875
5.5812726022
-21.1346343480
-10.7336851318
3.4631982674
18.6026747228
24.7555374221
-6.1244452394
64.7673814016
-49.7944715322
-88.7245262330
-19.3842983559
4.9082671320
19.6552887901
6.4504313562
14.7399327091
-4.9182424146
-48.8861943019
11.0124001251
72.8134120996
35.1283442932
-21.2180036143
12.3169375119
-13.9174367429
-9.1542120225
70.2672461162
-28.4574321542
21.9664937035
-39.4072555243
52.7785858628
46.4685662147
-11.8365799835
-35.4594686528
-12.7176552394
-4.7638200118
-23.2641544066
-30.7138738096
-5.2168581678
10.2442428864
24.5025563337
-20.1856021828
83.4011239358
-69.1920702649
-78.0211642053
-0.3653346459
19.5481137940
-16.4809242852
-21.2446968635
15.9263640305
15.2672411843
-59.3000181785
24.2112263789
65.2840730550
34.6095347303
-0.8913885028
-28.2586937402
-30.8602218306
7.4186266891
-30.2060285196
-29.1269133092
3.7350104884
19.7539032102
-4.5044709649
-70.1782939170
51.6753376310
1.6204154069
34.4540925055
-9.1825108985
23.3487925213
38.6832625093
-31.2405810641
2.4217903842
-3.7149437109
41.4093476324
2.0030336648
-71.2730705109
-106.5116694255
42.1076186009
6.8339366221
16.0682615955
13.6134858974
43.9046102658
-17.6743674761
-39.3554319626
25.0182222358
118.1399400837
18.3088912659
-48.6076370253
-5.2591440217
20.0946269413
21.5640505794
-17.1263328966
-51.4665444832
27.1815102625
26.7091832398
-4.7249861370
-7.6744952969
15.8037766773
3.2077399601
13.9197432009
-16.9663987114
11.8839186998
7.5099790275
-16.0880390281
-15.6723524475
-18.3768517326
2.9047911490
-67.4080872603
1.2253837802
65.5976446171
37.9718441373
3.1637441256
1.8977927731
6.6336720326
32.0241554034
46.6382053110
42.5933586552
-27.6521000302
-113.8385619358
-31.0298028208
17.6410216669
10.3889603779
4.6029383408
4.8674706927
-19.3955662037
8.4668270615
-18.1315774157
14.7896739364
13.9143084981
-15.3220601767
28.2825540185
-14.5797649135
11.3159288117
-20.3429678394
6.5761149365
20.0850987203
-25.8622684648
-7.7414098531
-29.2170667638
11.8445334096
-63.0136776251
25.0853205972
96.1123234645
22.3202723427
-1.5577864749
5.9836516910
-4.2927452357
1.3235369087
17.8518473438
50.7209051523
-40.0786909429
-120.3730859205
16.1676147937
-25.3155145921
53.9268758397
1.0148818375
1.9675533444
-26.3441628413
-18.2490585437
20.1934358391
-29.2823626490
-24.4046154705
-16.1047688530
0.9582390237
25.4053324541
-25.1649224512
-12.8282158075
-23.4232774774
36.1913415719
12.7637191782
17.7543701439
23.4604938671
1.2311706773
50.3801932796
-18.4190854096
-122.0059633156
-9.6913119752
0.7027878315
16.2133692283
11.4976243392
-4.4040896438
-3.8325612104
-44.4027269278
9.1539546954
118.1038241533
13.5626074499
0.4696090784
-13.0373066011
-15.4627209111
-0.4026459027
-0.7603639010
-21.1145711280
-9.2310390119
10.5162507709
15.0019807269
18.8659002794
-2.6363087655
-23.9169994180
-52.6558052178
-24.1006065188
20.2742389486
25.5946553018
-4.0801621446
3.8716844301
30.3257579994
25.6198294904
80.7096333109
-3.7258795236
21.3560436432
5.4976009468
3.6213181180
11.1234006397
1.7939760747
-0.9101389984
-49.3891029417
-106.4865746882
5.5405556142
6.5327796146
44.5163576346
0.2274796081
38.4153955765
-23.2635353983
1.0205394781
-20.5485438045
-43.7040717473
11.7652256438
-29.0518710084
43.4279905037
-16.2838982236
20.8973253156
-49.7521975367
-7.4906735591
-9.7506786625
5.3931747269
-23.3173796306
14.2570955901
41.8676485445
29.5528514731
-3.8418439627
47.2099673548
-2.6257204039
8.3873461631
13.2474302610
4.6385372453
19.4996627602
11.6044151232
-16.8735296841
-45.3770305205
-68.2892538259
-2.5604612797
13.6939024232
17.9838395907
-19.0899765278
11.9803499892
-30.5272119860
54.9933025666
14.2078808755
16.4344251433
-27.6496405989
-2.3223873807
20.4305954557
16.6735520678
36.0012265834
7.2549464367
-7.9432278925
41.7298943030
5.2424213118
3.9482576497
-16.7404014029
-40.5915736795
-3.5110931425
-81.0604449794
30.5637014560
-3.9667128712
36.3319026957
-42.0305615587
9.3452080899
25.5430487488
23.4362849519
0.8166983964
-48.0434418239
-10.3252487744
3.0430837617
-2.0000927826
0.5517557441
-38.4283058121
28.9675969465
-28.1909953440
35.6366437598
5.8496755345
26.1409253520
-13.7471157888
-30.3014079693
-19.7354420595
3.0249214426
9.3823201256
39.5527272098
-3.8818269160
-17.4689504136
-17.7201171674
29.7515211084
-11.6696872916
-2.2430298097
-21.5941163563
3.4090350442
29.8987917126
1.0703328824
51.5681851659
-43.6561697572
8.8219563719
17.1263518700
-6.1358316711
-4.6929850699
-20.2418311385
32.5822186283
-1.6296068495
-55.0224303444
-28.3153199522
-19.2860574753
53.7421955541
-10.2776385008
28.5118764213
-12.1537351528
93.1706977662
-34.1472992025
-60.9885636272
-13.4676821767
45.0437064283
-1.9028491931
-15.6538367482
-19.4261454491
6.5344480909
-13.1531821022
-21.0927267770
18.5827941221
-24.9920460128
16.8269487193
2.7554346530
-117.5338017361
-19.5218213587
27.9423745878
65.5150354739
-7.5165438355
-5.5806690099
46.7061278309
28.4393931624
38.5449746399
18.7581833546
-4.6450913807
-58.6978132608
16.4012939711
25.6313617804
32.7473171448
-1.0339216779
-25.0101371815
9.2143020720
-13.6133827293
1.4949962688
-43.1408406335
11.6834821636
39.3994100096
-14.4880639382
-3.5603220871
-24.1032568703
13.0922050448
-12.1857528217
-34.3232386645
13.3596249160
-11.1369405561
20.1549280702
-12.9934115629
2.2054386948
-27.5915664768
-59.3829498700
-40.5491016488
6.7646468292
2.1630306995
44.5769575950
28.7191623670
53.6722914962
-12.2492984077
-3.7725790724
47.3975363457
58.0495550769
-9.6139323846
-13.0378402289
7.8645509934
1.8971986675
7.9117699399
-62.0853395466
9.2408138876
-15.5390344319
2.7758322797
-25.0226904794
42.9936032328
11.6541089170
12.8850993467
-36.2038367636
-13.7831736131
18.9426584900
-40.8866840909
1.5404696594
-12.4488111749
10.9121136712
97.0034427817
-1.5281689454
53.3919922213
-33.3576154177
-28.9253656412
-26.7298962998
18.3923980896
3.6318507452
-43.7633838859
-79.7973550579
22.0726963112
24.9063169256
22.8526396096
-36.6297061488
29.0583777102
-7.2757081162
-11.7894238865
-9.0753631767
-20.4861650846
47.4714675148
-18.1068775630
-19.4071233963
-38.9090179066
9.4924502339
13.1961640439
35.3999738949
-16.7580419526
21.2652711803
15.4561335721
21.8631952171
-12.3859486325
-6.2504395097
-24.2787706160
32.7956555239
-49.0597822441
-59.1260460243
-54.0405172191
2.3008798081
0.8495034628
-13.3348835589
-2.0200718080
33.9418833258
29.1080371146
38.7997842930
33.1133787104
11.6253025017
-2.3435795200
-24.7710161862
-0.3708559151
-0.1621149442
6.3237623431
-8.1594550687
-1.6432475623
8.0158285496
-20.9532874574
27.4378958963
-57.8188808170
5.0857469997
-10.0861408234
18.3304367854
6.6871035927
-38.6514416898
50.6102639471
11.5571534865
35.4278174084
-9.4691140967
-11.8973993243
-30.6434005488
28.4851891014
12.2771893548
24.4135756744
28.3022223539
-7.8610824126
-0.9923010801
-54.1364955178
14.3900092344
-20.6180257034
-10.9227874133
-3.4501362443
76.9885220483
33.0656640829
-3.2648179769
-1.2320114376
-48.7169832937
-2.0072991298
-65.0811842024
21.8293810012
-29.2247391460
23.4886279113
-70.0296418097
10.9494771049
-3.3050096381
22.1771426903
8.6402572870
-40.7602984935
58.5016682780
11.4485400670
37.7415054699
-8.5553582875
-15.1215501184
-54.3127172097
-2.6635285274
-8.7591317764
15.8373643978
23.3748228861
21.9990248409
44.3953142446
53.6230993126
4.3271250970
5.3491990516
-50.8611271260
5.7414629287
-2.8176947888
1.9537015521
1.7018837724
6.0861615942
2.3538263599
-10.0161169957
-8.3733307250
-6.1265406180
-2.7890638778
-32.7053040341
43.8163245085
-7.0149147166
24.1476048992
-37.5604870569
15.2076159840
15.6215795397
-37.4834786341
-5.2763351382
-13.2281781553
9.5733861574
-25.1198688477
-59.6277522228
-56.1449496553
-18.7063929965
10.7366153415
-0.3804671449
-10.6144869082
-8.7953152997
16.0353154142
40.4200704433
57.5195535600
38.4710233116
40.1296607001
-10.3154501819
5.4096484104
-8.5102702947
-1.1850355882
7.0123971791
-33.4950886152
14.9326802615
-15.0734323054
21.4442629935
7.3776986216
14.4113614620
-16.4265428676
-1.6087254002
-6.4965261268
-29.5989948631
1.7054128310
-9.9043943048
40.4776500703
-10.7396831085
6.6600249457
16.5808561731
-62.3607863659
-29.7534824870
-4.1961479288
5.4060588740
-19.8337623914
-43.6233303015
19.8509297911
25.3220663558
29.3125624258
42.7716531947
42.7780069232
-35.9214195792
49.5020565341
0.1513083880
53.1468032848
-52.9057659728
-1.6712618367
3.8804975899
6.1947548544
-25.0578482515
-8.5138076542
-19.0887681573
8.2985896275
-17.7536195074
45.4029233278
39.8475636923
-3.9778467191
17.0634774693
-1.5403498896
11.0654522166
-51.8365323636
-38.5408301306
-39.6265457241
-87.2991387480
-8.8174300222
9.5860888711
-0.4393511955
2.9690221503
0.6743822300
19.3787569275
-48.5604157071
28.5096304411
49.8732658294
50.3464502141
-21.2870076199
55.2648479737
-18.6792396416
21.4021799182
-14.1191065523
15.6983650247
-35.9965342162
-105.0995645298
34.7458730793
-11.7780908175
42.8491430684
10.8074419825
12.0507995333
3.1005649640
-19.5297949441
26.3099134224
-1.1166292458
-9.2585196585
10.1551851475
37.6072103225
-9.7217512916
11.9254717048
-57.4769831046
5.7724916074
-7.2286634881
20.7884154362
7.7298704481
-19.0216057606
22.0684770939
15.6343735630
7.6189102520
17.8165496426
-41.7186240836
11.9898699094
46.5451631512
-30.0530516553
-20.9018208335
-34.3936799077
35.0990006926
9.9424372246
9.2665394916
5.7259628195
10.5350937620
-24.9663251521
-0.0839277968
9.2564883153
24.3673433464
31.4714521734
16.8261067732
-5.0892962176
-19.1483767558
-30.9422878593
-18.9262025941
-10.4291721983
-21.4222217931
-71.0419171718
26.9252610002
-11.5996444906
9.0811239854
6.0871292393
23.0360629053
36.8173308742
28.4601572136
16.9857860028
7.5639169412
-65.6703401413
8.2801071317
-14.3439405523
-5.9984379249
-25.7435979398
21.8063401381
14.3321699085
-5.0079689670
-12.1322702705
-7.6205324806
15.8093951852
25.0458190947
4.9074880354
-6.0352535007
9.9746339553
23.9073988607
-18.6054519591
3.5135193703
6.6525541563
24.3027862393
-16.2845563646
-31.9828478672
-54.8911246985
-55.1257987954
-20.7351451503
16.1320751812
-19.8524867985
-14.3134182271
-10.1273155455
10.1172074489
-13.4793781126
38.9091293755
43.3926833159
49.2062749375
28.6273677104
69.1846765551
20.1552956805
-16.2675964868
-2.0253167765
-24.4616021777
-26.8389330641
-98.7298841061
28.1980842931
-9.1167525358
28.4238894956
40.5357728119
2.0133101507
1.0751165593
-32.0072334725
30.6254860701
-7.8042131035
-22.3286965471
0.9343538428
31.3441273911
-10.7699540356
-7.4305835096
-52.3808066458
53.3769213860
-5.8332955322
20.2750951248
23.3727761269
-4.9482536429
-11.5358154889
-12.0338586289
29.8737752406
26.1848950980
-68.7797004775
2.1048628960
-31.7802293861
24.5919140900
-10.7514442655
-4.0566220429
-9.3874524393
4.1221183350
40.3738025402
-10.3863408583
29.9372022426
4.0297971656
-34.8649017279
-14.5838667327
2.1256826817
35.8886394155
-39.3544346715
-10.1620393003
0.9908235239
16.8639184543
16.9262390680
-2.7688215961
-58.1709838648
-95.1242261858
-9.7592593977
-3.6283252441
21.0548166712
24.4343219380
23.3704412088
21.8931518967
-52.9117354892
39.2478039758
48.5599330704
35.9526747532
32.6165605427
-5.1697862654
9.6090917874
-27.8558225280
4.3275804594
-10.3567565323
2.9961861777
-0.2103738720
-23.4997332990
-9.6827597001
5.5180649805
27.4223815570
28.1007719248
33.2850491500
6.8736171864
-11.0062432460
-8.7154110566
-9.6564518489
-15.9876280611
-25.4187976626
1.8918505309
-3.8959301063
-17.9455002110
34.8305111941
-3.7014405555
10.2669600153
7.3322916379
12.8510266178
15.7917297329
-32.5462331401
-22.9143850910
-16.6465279694
-28.5157458159
-31.9447278678
-10.7501433995
28.5133029863
-3.6702755053
31.9623138689
-6.4228700725
35.7493115648
-8.8594680356
-10.7986347519
17.1515047135
-33.3903517053
10.1675012775
-10.7614681675
30.3688063481
-3.4507730402
-24.4741210862
17.4668147165
-20.7746952722
35.6105066694
-18.2646333608
21.6653449970
-50.9817483572
-45.4843442598
9.5068392115
18.8510986297
0.7446942167
12.3929296702
14.6385754420
26.2420810263
16.6852290302
17.1249940837
11.2266943828
-35.3931908925
20.8206003084
-9.3735389834
-29.4713273731
-6.4508037098
-1.7338812820
-0.7136797681
-5.6427488981
19.6252621459
36.2124281714
50.1888046994
14.3761088228
-35.6696006136
-40.9406433497
-20.0753416321
-0.3287514947
-14.3406510333
12.4446109311
56.2227537765
-3.2674766293
-7.9923441824
-29.4436309037
38.9595228146
49.2577036146
-103.1299075060
-7.9865074799
9.0316863330
-17.7569908493
45.2187102630
-3.9336018583
15.7721195036
-52.5938403560
-60.4374517940
103.2777556141
-18.8606600542
-5.9023861041
-39.3957789687
24.1611460014
2.7403958353
-7.5497651315
-16.6057813354
-5.1095645878
41.2482193068
52.0843846958
13.0378449723
-6.9980580068
-42.1002106610
1.4855664724
-13.5769217195
-34.4413257565
-14.7321275129
26.7117636267
12.1645618683
14.5619358153
1.3975641307
83.5419186700
22.6007886263
-90.0150754560
-15.2584434404
23.6592405819
-0.1805879533
-19.3846114176
12.6559512623
-18.1814407846
-46.0182127995
-52.6619016191
126.1162683166
-29.5486263266
-26.9810618678
14.5034193750
27.2198591289
16.9814766618
-10.2847511667
19.4797987612
26.8080834472
-9.8446647507
-24.3006849315
-21.0645369983
-11.1614435595
15.1737436620
-42.5045191109
-19.6743393031
5.2056223377
14.9234947480
7.8957587338
-16.1103624584
25.5829830827
10.8268565482
9.4503339551
-40.6152738695
117.4085189696
-14.6943276902
9.3009347689
0.5144776908
-28.9593019985
-25.9049551324
-23.5983204448
28.7882695407
32.1977172571
-104.2252497453
14.2649529632
-67.1224528931
27.4976586540
1.4550595631
-7.5852395228
-8.8119561867
-6.6636844467
85.1681648501
-12.2111641782
12.1136632615
31.6801646842
5.4057149805
-10.3980723693
-15.3452824733
-2.9038567074
-23.7303672404
-26.1670019645
-1.3040689801
18.3734756473
24.3932254813
2.2282471334
-84.8126418409
-58.2094513152
46.6335485190
35.4201011502
-15.3113307001
-9.8378710757
19.7951265518
30.9869133746
23.7259606605
25.7153868160
37.3588480793
-49.5921732277
-19.9705335719
39.2470687553
3.4019579536
6.6310086369
-4.8967277270
-10.2231396851
14.4051761227
-21.9994956193
9.5612336733
17.8341178561
-11.3820192095
25.5482213810
-48.6710592840
19.6957911412
-4.9255388856
27.2218525252
-5.6177395412
-49.0093615307
6.4314638520
-9.8718560524
14.7171622173
-6.5830592131
-68.8313200748
28.2221781818
24.6932974455
35.1494000609
14.9333810927
-27.2712356290
21.9670261455
13.7082297371
14.0286945847
27.0732051613
-50.3080100381
-49.2040064264
12.3130254271
-19.2317673673
44.7585784146
-15.7702221603
21.6401470916
10.0845031789
23.5187766969
-17.0740006098
-12.8384911076
-34.4980717383
4.9641877694
56.4778017833
33.1501432952
22.4124061494
-8.8582110456
-11.6072030321
-28.7357581921
-45.2878719852
-22.4647597814
9.4690061853
-17.3634486371
-62.6765220853
-50.6349887025
10.6301352474
1.5738486721
1.8939625112
-39.5267087034
12.1890802876
22.7731160210
48.5189385958
38.3300127546
30.6161191232
31.6046682068
-3.2554676318
19.9463910637
-29.8615883672
-29.9464233313
25.4784430222
-24.8120640236
5.8090771303
-15.0327176891
-28.5905189311
27.0641927804
-36.1204082053
19.6605883072
-5.6314656345
2.5704934826
26.4569041684
-4.0931743624
28.7844262346
3.2830953225
20.6368414201
-30.2748368617
-9.8434694243
-63.1523271755
-53.5774444885
7.2033161669
4.1908080931
5.3059360659
-49.9598001016
6.5633553026
27.3032307669
44.7113867424
41.7685787620
30.2859232760
-31.4774311766
0.5759622876
-7.7491296688
26.9213334995
6.0547937654
7.2007476383
29.0098045349
-8.3798220109
-6.2354303381
-17.9442052742
12.2362423138
-4.7272202588
3.4163635329
11.6314332924
26.7322501914
9.8025069675
-10.6724353313
-13.6028133411
-11.8398042813
-0.8165892992
-10.9360510291
-11.1354369115
-50.9698342268
-32.7371604288
3.2884908926
6.7033768694
-5.0931656121
-42.2314641299
5.4741545265
13.5122863470
40.8189690930
47.6913577495
35.0563116533
18.0118858828
-75.5233935212
1.6896447220
-3.0295972081
40.5283103234
12.4418811283
-12.7271360269
34.7802043212
-42.7202470486
7.4427146486
-8.0309527477
18.6780111118
12.3593727815
-15.8307604571
-55.0576011607
31.3558173977
27.1052512903
9.2041584001
-44.1536164198
-11.9277153133
45.0258797018
-36.9439097634
-25.8537861542
-7.4394654482
1.8291208026
-20.9976271854
-9.6265497178
3.3740883516
-6.1252516103
-2.6928507829
34.5065836948
30.3170586802
17.2966526649
-10.3348600043
38.6375163755
-27.0526510037
16.2451022957
-16.5059360138
26.8067505635
-21.6213882951
-30.2958250365
17.8865639835
12.2106115770
39.3804270894
-1.7990158930
-62.6370193969
26.4175805419
-16.3681817723
32.9517630047
-16.2762127972
-54.9565711853
30.4199077334
-18.6979450753
57.9453174055
-32.1050640526
-25.0128752851
-58.4151849969
-6.6275021092
-16.8540807291
-0.9917366204
-21.9130704443
-10.6164921629
54.6292462557
41.4605403274
34.4433725156
26.9592234460
19.0207993897
10.1262340598
-32.3937650010
-22.3937635653
4.0203211215
11.4726292124
14.9646433817
-7.9733316163
8.1577012120
-41.6879250683
14.9034279705
-22.5666103577
28.4563577835
-2.9022238063
4.3451486729
36.5066978226
-15.9024124425
16.0721203175
-15.6817110935
15.7680603747
-7.2687709546
5.4040168582
-24.8642872131
67.5895740800
-46.7911406710
6.3302726025
24.3529413246
-15.2832322311
-4.9119029162
-7.1980889860
45.6216632981
25.7157852581
-77.1565365444
-28.2996467104
-30.7123962535
15.0625308821
32.5061897090
-30.7735488152
-8.2668885778
-1.8627227531
65.0477138801
-5.8886054623
1.2568239451
-65.5088797806
-11.4654809713
2.8740150542
33.0362457745
15.8959401300
2.4822788757
38.8246952252
-30.9626997161
2.0917534394
-12.1836977617
18.0373126553
-21.8070338542
-24.4117067912
45.8688954362
-22.1092711616
2.0553849251
17.7539349407
50.6296038050
18.6912759134
-60.6157759794
5.4100907286
-0.7298724077
0.6032259256
-34.4828479297
46.1291148894
12.7973673765
0.0370563013
-17.1280594790
-3.0497244634
69.5265280196
-46.2257335415
-14.8536736989
14.5827247691
64.2870748643
-32.2326034719
-18.7300801422
-18.7113260892
34.6850442519
-27.5356944588
-43.8744911261
5.7544881908
-15.5210772630
19.9183388424
-6.7111796939
-22.3647377697
-27.9263076472
-5.4629376698
-17.0876994287
-0.5102916771
8.6744319980
21.3507464978
-6.2882357749
-22.4802859791
20.6945265869
17.1720043225
14.7687403102
58.4678659205
39.6966976224
-31.5913512283
-15.7969189669
-11.2114610875
-1.3375143999
-26.1242322881
-4.7859643803
7.3983832215
12.2045175473
20.6514746806
-50.7718417060
42.1200604299
17.4600459441
-8.2351555105
-53.1818626322
-35.5306320723
103.4454582344
-20.2822670826
-8.7273299303
-14.4079272706
-74.0361656876
-41.2653618039
59.3208166190
-12.8769146819
3.1403178645
-3.2278731446
42.6505493269
31.5377892258
29.0105694014
34.7949039888
11.4960080398
-100.8021138826
-1.9082174889
-28.6274685068
-5.6856241143
6.4635396270
24.0901901039
2.2925552142
-10.9893011558
24.2249844898
13.2368537577
16.8396704064
-22.1968228841
7.6221108331
19.3149812887
-1.6720990395
21.5182712421
18.0119273872
-8.2350238823
-17.3724278145
-38.2649730107
7.5074863927
-5.9131392975
-76.8784856213
-41.8950959876
41.9298410875
-9.3310811829
1.5612372681
12.5426419181
44.7331528280
29.7689090742
49.1380939046
39.1071479848
10.2058572589
-83.1742040440
16.1514684018
-2.8214135818
9.2086942366
-7.8744776566
-0.5777706930
-22.0887466500
-12.4589133423
7.2723379601
-21.7414972436
3.0190230765
-10.4599020454
14.5833852818
0.8746314036
-18.9331587291
27.9956069269
32.3401105031
11.8842957968
7.9923868726
-29.6825775806
13.9947036787
-36.3862034763
-18.5677161718
12.2911644743
101.9507240362
-8.3679849602
-10.4805973179
9.5416009131
-25.8586137072
-20.5706407393
-40.1365919324
45.3449191703
2.3961987800
-86.3220579191
-2.4726522299
46.1525850266
50.5276204146
-3.8199865674
-28.9849398504
-6.1700134972
12.7754933795
-13.0821111782
-26.9478488727
6.8841284685
56.0522075129
-2.2044236161
-17.8320876987
-31.2437377691
-6.2920114882
5.3605570232
-46.7932265628
7.7863816336
6.5539432938
34.2630976240
-1.7333808577
-68.8154393110
-27.1028025315
48.4637887542
-7.9105532685
-3.1684815547
11.6461092431
32.5303405180
16.9539485816
23.8381470146
40.9897288077
7.5705552712
-74.3468864913
9.6673580155
12.3136290194
-14.6683720333
-8.6910266372
-10.5869813590
13.5519669113
0.1112874878
15.8720620641
16.8065890394
0.9209882448
-12.7790331106
-26.1207506630
-14.7632403862
45.2630322034
68.9722535522
1.1289335173
6.6984295466
0.7599322554
14.8316230118
-51.0343569446
-68.9027763966
