0.0000000000
28.0596903427
27.7993841425
40.7275261087
17.2186824079
54.7991822473
62.7873862630
64.5605668626
17.3314733107
8.4770024550
54.7637700919
52.0919941254
23.8221231773
47.3367067950
59.5294102318
30.0173069509
54.6155287550
58.6768076192
88.7871769012
61.4488065368
57.7644463667
75.7642136678
24.4411017000
74.7104761370
59.3662860254
70.5161531924
50.8952456290
50.1349749154
62.5565715759
25.9657634174
80.8631825180
22.5204811053
66.8477909931
49.7597141266
73.5600962787
33.6436818500
75.0831866883
65.4879948476
33.8809888493
53.9051872227
63.4000205681
41.0903130737
57.1628432192
40.8862005775
59.3667849030
61.3356510454
72.1569391938
10.6677900843
41.8225826320
38.2730863476
37.5270458836
67.9958565612
92.4850525768
92.9089598979
83.1946837657
84.9876349807
66.7105023738
70.3319274026
61.8244432095
44.8856223782
52.4542313837
5.5186297499
60.4908660652
78.8552219384
35.6494737238
61.5493325797
86.3135457247
74.1243193710
51.5997744523
78.1813737769
56.1714967706
5.0223123772
8.2756140190
66.7182710598
48.6217290247
66.5918460504
54.5983736390
54.4072225489
51.0303260087
55.5626878217
45.8889418904
29.5593002442
88.8675671126
12.5338177761
71.4313401631
44.4496164896
23.1338809836
67.6684553958
34.3065132870
69.0534188207
5.6709731789
43.6092360657
32.5544957676
17.8439442789
34.2382963178
60.6019513712
53.5740623593
16.7863650764
7.0026520780
8.5988873640
