34.5013339830
0.3158068697
5.5007849261
-27.8647637585
5.9370351510
-7.8689943343
-13.7988990319
-9.9619407283
1.6439128183
2.6801231666
1.6683707598
9.2731825650
8.4463855586
-6.1180322189
0.0909598256
-2.1563911836
0.5734174759
-2.7238664173
-7.2838643209
3.9548011126
-4.8878659477
3.8570393111
12.2120594871
7.6338636892
-11.7125696228
11.1156618505
5.3734210110
13.3316058982
-19.6971797594
-14.0353981359
80.4833205690
33.5929298679
90.0618900312
-38.2334190051
13.2093304209
-67.9528785686
-55.6062843944
-24.7100438722
-2.1685531544
1.8353405312
-18.6444637099
2.9978902292
13.1639673133
-55.2306483600
23.1798791588
-43.7019751829
15.8135811990
-18.4159832532
46.2759253879
36.6166215948
-25.8062233142
6.3801976349
4.9401923054
9.4957433104
1.6418316698
-9.0298767418
-4.6665610064
-12.2389033378
3.4423772959
-6.7252022470
97.3600140731
48.6661925983
133.6891679927
-40.1362504106
-5.4198383300
-99.9608081289
-74.1842082734
-21.9683768168
-9.8658900934
19.0525288995
-1.0319982461
-12.1176156648
16.8380019301
-96.9878418761
53.6998847976
-34.5867986279
14.4994800159
-10.5306160317
8.3938813251
72.4394730016
-42.9270278267
-10.4235525045
-50.3071716495
-27.0437856670
-2.9380551353
4.9812994347
11.3506561241
20.6244399097
35.1287830538
3.7060344981
89.5281211020
40.9450404429
72.5178012639
-38.8177936388
-12.3167857244
-98.1372157104
5.9572620169
5.2808923197
18.7917651459
-53.8498923196
-31.9616521704
4.6234272772
8.3241836033
11.4972247112
24.7787846214
-4.1914342164
-18.2900625049
-7.4850099892
-12.9198527475
3.7082354164
-8.7059089240
6.0309085844
-24.8089298495
47.4317288444
-21.7096147604
13.4233578646
-21.6707986732
21.6481123761
12.5226783086
-32.1445750418
-49.0869533865
13.8264496430
145.4130469676
-34.2604911486
-9.4409836100
-87.3798197160
51.9366243398
-22.2597482760
-41.9308703963
6.5533444448
10.3590926362
-19.9038063783
14.6349076402
-98.0128911022
68.5364527605
21.7632680726
106.3128551178
-47.4613285864
-4.6181467336
1.4829137492
-16.0750576422
27.3792691730
-75.7953409280
26.1344079776
-37.7434478752
11.7005072625
-8.6461307504
3.4416242878
61.8271466932
-18.6868954220
54.8473767045
38.6062623873
177.9940584112
-58.8441921136
-3.6357474141
-107.6508047208
-50.0709844213
-21.6275866787
-8.6739707064
45.6060766226
-14.5223928084
-60.8134874563
28.2123629875
-27.5670219690
30.2136783708
-15.3931358441
26.8936714194
-40.1826072518
-8.1238478634
0.9548878411
11.8778460153
16.2536937035
-6.9809178815
-9.4392510983
-11.1249280011
8.5488658158
7.6850587559
-1.3624217746
-0.6700195262
-1.0105179478
69.9018806384
49.3168947976
216.3575331872
-75.1897777126
-10.4834030144
-154.1570035548
-54.2635617871
-19.0760690011
-4.5282067300
60.8994975874
-14.7395710280
-63.1464145793
-62.3861242004
-62.7092975056
51.0321619556
52.9367389169
-13.6943981041
-13.0380465650
4.3748432820
72.3512726248
-32.3895789873
-15.1537148314
34.3402649493
67.9772475721
3.4960946434
6.8390985818
-1.6377310365
15.3841234632
-42.1447923003
-66.4699600760
52.3847377040
70.4669296443
-16.4267776638
12.8554177818
-8.1965279717
-9.2913804593
-15.0212838238
24.6602587688
-15.1052045055
-50.9064226407
-97.5406708051
41.9003196110
13.3879771547
5.5206263941
-46.5969333500
20.9309035494
25.7066199039
-1.4721830868
-35.2885358055
-24.8750522649
48.5323599283
45.3866773255
6.6171758181
66.1059073227
-22.4305269642
-16.3858863573
-1.7393729051
-21.2989430954
14.0265256841
-65.9067337055
17.6853009171
3.2547146237
61.5902823506
-41.4932327390
-5.1876272220
-33.4371069886
9.0229455094
-6.6293342314
-29.6447409969
15.7596788605
8.6733884592
5.3257870206
-19.1260924583
-53.8592924700
19.6105114873
11.4882336755
47.9106040733
-18.9672717765
8.2764772767
7.0453303162
-0.5540503437
2.2244512609
21.0118157561
-29.8760034332
-6.6840263390
-18.6812472680
18.9776348287
2.8462640362
-3.5383520371
6.9749566658
15.0420312732
28.7831336694
41.5616450107
2.5230409257
-5.2727337433
-43.3491096402
-23.8005653864
-11.6767074620
-4.1778041762
15.4161850081
-13.8330393536
5.6063021184
7.5527214296
-25.4230429683
24.4911722737
15.4743480682
16.4458044600
-8.4150106148
-23.5220745168
11.4071684954
-17.5048754239
18.4118328146
21.3206842784
18.0950144237
-26.8472695164
9.1300457976
-13.0831997790
-0.2502512857
-30.8813131735
-3.2241341924
28.0187663740
55.5429902064
135.7254134668
-33.0505932476
11.5601726341
-52.5368429762
-68.0684540523
-25.1836480441
19.0522810590
73.3351079960
-28.8789815258
-104.8327209766
-28.2613689943
-80.5608543187
38.1624773376
17.9000849265
-8.0747173435
4.4177066398
6.6957199032
77.1819123257
-41.7998078476
51.7391168274
20.9891401315
21.4064240381
3.4879799431
-8.8218188145
16.0870334362
-51.7963596759
-13.7541952511
-35.6819641771
126.9516911201
-17.3975616845
-120.6757525017
-48.2852309583
-35.8613722200
17.4016136984
-54.1109383030
19.0710445988
-8.4580625211
-36.9982662784
27.4818229522
115.3553456353
25.4244019405
2.7048502937
1.6201011594
-3.7622515954
-1.9016977429
-0.8502066656
-8.6957913407
5.7006973212
-4.7892467843
21.4289917513
31.5359665903
-8.0417498171
18.7672016647
16.0524519821
-3.7883459955
-40.7198068150
-47.3862020910
12.2263037922
14.1967932754
5.1309025853
88.3435954248
-51.2028671217
5.0986038725
-61.1890333669
1.7011971713
-13.5563426593
-26.7863221049
39.6067588048
3.6682014719
-6.2713280741
-45.2908235400
3.0427374965
-16.8877621309
27.0404321126
1.1025450290
19.6884934844
9.1213346200
-2.4209021903
1.7628738740
49.1911708987
-31.8830997844
54.9029996961
-18.7504706539
39.2728133327
-50.9595423251
-25.6135267530
-9.4554591538
-2.6039732917
17.1339222699
63.1349771565
128.7415724908
-27.3782825544
9.9586073333
-51.5268800014
-39.9093969259
-18.4997106431
21.5889496532
57.0572539968
-49.3835793009
-92.9352362719
23.8334593907
-85.0989272341
46.1552614665
-38.8834998245
14.7245559271
-17.8049438306
4.9004465199
63.1689822925
-31.1713825809
20.2211216360
-7.8267321973
-31.2137289125
-11.1032876144
6.1230305328
19.9553394092
-5.8717380800
3.6987961332
8.2110509492
7.4117666071
40.3574486264
22.2708169027
1.6959581320
-7.1914589568
36.9531486397
-48.6685073572
-19.3802973331
17.9474758198
32.5068490358
-13.9362987074
-76.4408396631
64.2061258966
-8.8350255100
50.6220571218
-12.2936772684
28.7263082364
-42.0111659664
-45.1896180604
-16.6434637599
-9.9421585523
20.6593557705
27.8148600711
57.4726073566
-6.6742265606
-24.3183065078
-56.1330699144
-13.6540238237
-6.5937649729
-0.7388729301
3.2843736576
9.3346730910
56.5750014968
-25.2466481439
12.8248930850
-36.1519693259
-12.5388448597
-2.3835778893
16.6038436735
30.1679014052
-11.4302579781
-43.3382224470
-5.5208943938
-31.0950619450
31.0899011711
5.4425637599
6.1751802003
-1.0013229476
0.7446337389
15.8506529162
-20.7636989817
22.9360752829
-5.5824809728
-31.5571919331
-6.8032874121
-2.4538376990
18.4468969054
-12.4658754066
8.7598171917
10.0967635744
77.0966326718
-50.4083759432
-75.8460628446
-24.7654320676
3.4186806634
-29.0026420638
-20.2779470690
-8.1103245488
-5.2882789145
-50.5682164470
46.7479571365
115.5820378459
29.3055683439
10.6564419128
-7.5447075257
7.4660579009
-14.9110778217
-4.2003244558
-20.1036464372
11.6445712092
6.1560443069
31.5407360372
38.4049222413
36.0989575530
1.7229015932
-10.6501806798
-28.6365129053
-31.4166545261
-26.7926129839
-7.3185121819
73.2652940620
-52.3064118134
-75.1100145844
-22.8368335537
1.6946145757
-26.6471567143
-13.4310100875
-4.4451374811
-6.9373643651
-49.1442863589
47.5214660694
115.5358185621
26.7461328155
8.4561402751
-6.6950724347
7.8670151681
-14.5685741453
-3.1921177094
-22.4269386136
12.9574248890
3.3889552225
58.7430162800
48.7966598555
-28.7353763517
-38.4208575537
-33.1861240399
20.0371196505
-20.3615321582
-14.9200593707
8.3552087244
-34.0430579735
111.9464208742
25.9666306494
5.4179777477
6.5289386802
2.0793886900
41.0523778990
15.8535179046
-15.1194025629
-10.0798285992
-115.4850136367
26.8595488853
1.9820027997
54.8871272333
61.0990411865
10.7240679728
-30.7161719668
-1.9546834273
-12.2144276088
-52.0160305303
-98.5488348613
8.9057134078
38.3533892103
-25.6295000122
14.0593414230
-0.5841007047
5.8290917309
-25.8041682542
-28.7680782500
19.4187209075
-18.2097704923
27.4919073320
47.8053868984
9.5755182970
-9.6108254849
13.7692874316
-27.0932909122
-3.9590155865
2.4129950119
32.3907268800
-16.8393312563
-65.3777211789
-23.7826675095
2.6023249746
21.1634692234
-24.5698456153
-11.8041259257
-10.6967189544
51.5848189378
13.9807795503
-6.1527488587
0.1725965803
-23.4675982320
43.0760866770
-15.0854922941
12.1989974640
-15.3561815250
15.0174061283
9.4068883502
-30.6438523537
-3.5671513373
37.3770329294
41.3184625148
9.4304723279
-4.0683986159
14.9190466637
-21.6316967987
-6.5205666527
1.8171295927
14.1052286717
-23.5931335824
-56.6472499595
45.7828722609
-27.2601610731
-39.7226082174
-3.3443237779
23.1625872459
10.6720724644
-40.7901520051
0.9992773743
27.0535984895
-2.4701595951
-41.9910766580
-21.9433520440
21.2183901981
8.5604028491
-9.4381862144
-18.7334799443
33.3340361833
31.9710878960
-29.8129108380
31.7878970248
-2.7829935650
-8.5795719461
-3.7819555060
24.6339034839
9.0833782665
-18.4456150128
35.0767329968
30.0220134899
-11.6604887340
-58.0480905650
-25.7663269272
26.1161009860
8.7664531500
-31.5857042602
-25.9641593597
0.0260351081
45.2019223319
14.0290325490
2.7369995907
42.5618141364
125.7601120691
-126.9204608488
5.5590630126
-157.3868072463
67.6237523486
-36.6836784518
19.5458820439
48.8876683005
-85.7176390389
17.2463208894
85.9680338111
-5.5948563947
-0.6924816996
-4.5807180787
55.0211745402
5.4820711915
-1.1423003011
53.7115854768
-25.9272489167
-84.2836008541
-72.5931317237
-26.9173514501
-23.6970107586
42.0141412379
3.4243892952
49.8364028200
12.9855648624
32.5980460292
-20.4873260216
8.8268918363
35.5572399410
26.6729309377
10.1809546276
-42.4939805544
-7.2743420290
-18.8346842381
1.7229917170
-21.0120695258
21.2570082501
-53.9212822344
-72.6076072675
2.5077435950
10.7928905449
2.6108997807
20.8940286815
25.3419493282
-38.0142307875
-47.7583695446
22.1610164578
103.2231038250
27.1269343672
-18.5747090678
-10.5254374702
-14.7020012582
-0.0615640480
-18.4628950673
-10.8173567873
16.4126709161
28.1926116434
-32.5522133292
-48.3366323610
-11.9099312770
34.1504120314
-13.4328718557
31.9938844762
-0.1061860059
59.6185323200
-14.5003978558
36.1751430031
4.9283244228
67.1103715594
-17.3619094174
8.7964276173
-11.0652707831
-30.5384466303
-0.5696856387
12.3363354759
14.9558041334
-15.0423253614
-68.7670594275
54.7662202148
45.8313944451
37.1155979906
-8.4432193669
-9.0224083241
-35.9320826487
-45.9951814231
-33.4144467799
-2.6493790895
1.0717001555
-30.3140549485
3.1580283787
-5.2800705329
22.7759679652
1.0588136367
0.6499586779
6.0308077881
-2.3653550924
16.7457957871
11.6606227338
81.8857063235
-16.1021528909
12.3171331754
-21.2696374417
-47.9189832159
0.9289547151
34.1234389241
47.1752862903
-23.2357879378
-94.6293207773
-16.9352348471
26.5709333173
1.3909601901
20.3155085379
-31.7918031805
1.5686096328
-2.9725132620
3.9118666045
-3.7469009019
-5.5528207530
23.0738959315
-37.2355421073
18.8988393456
-4.2546702983
16.2335107137
-13.6537249921
-19.1811462470
21.6791742582
29.5925059489
3.6768391274
94.0484099811
-26.6199962444
24.5695040935
-24.1627872034
-52.2511765913
0.9287151755
29.9357887219
40.8533738569
-19.8108626431
-98.5043243724
23.0914119680
-14.0289756287
39.5077162966
-1.6022068400
16.5331071563
-27.0157998527
-16.9162234668
-13.8817714315
-18.7979777595
40.9750908038
-3.5916828008
-19.5179567075
-6.5805879234
12.5026850532
14.0055849428
-30.5421926975
-6.8975592877
10.5013471390
30.2957704879
14.9381173360
105.5597497409
-18.3046578186
1.7089003852
-36.9737786910
-55.1431630444
3.6697335766
26.6755374132
45.3314385458
-23.8974283214
-93.5943958791
-26.5055413791
-23.6807576412
2.6833344202
31.0678931742
-19.1659959604
21.6892989566
-5.9109241491
47.2955233094
-21.4614517383
-16.8942107265
-30.8823685708
12.5523385284
-2.7755583508
-9.0568462915
22.3911143997
18.8389544464
39.0711221782
-39.5217471506
85.0485871578
-5.8978407810
12.0595142684
-13.6746479458
10.8720631250
-6.8238048087
1.0431202356
-0.2953712961
-23.9699139521
-72.4050741669
-2.5382920086
19.1795192751
-4.1435440847
8.8437734486
20.8797250844
4.9134065608
-8.3780088622
-12.9134017801
-0.6050189150
-2.5900550924
-8.2490227186
-46.0454491632
-20.4116730134
33.5833826734
1.6781693523
9.8808968934
-14.6638563562
44.1904521550
10.5145064009
-19.0821428715
20.0845947384
-18.8148724161
-9.5814901852
14.6051406949
9.4448292878
20.8737792847
-44.8889093003
6.4909811409
4.3471171666
5.5063133102
17.9678663315
7.2007772843
20.3044256811
-64.0121581152
9.0595737226
31.0073418332
38.3816477677
-13.8347030866
-48.2942314807
12.5956287884
-16.7819437353
30.6517014259
10.1479361101
-35.0456960173
15.5934905574
-11.0017844891
-9.4821346153
-44.5698686460
-1.2000732200
43.2447189955
-35.9881906488
-10.6713123412
58.9179288050
-15.5863387588
5.9165580730
11.4622685319
13.1013360096
12.7619997108
30.9374887665
39.5224432384
-6.3806565548
-99.1907677768
4.8914436258
-2.7019046681
20.6451494123
19.0072831900
-8.6089558652
-20.3511999378
-25.7765832537
7.4224308625
-0.3725647099
22.8110557728
114.8309211220
138.1614315544
17.7519249426
-81.5811839033
-147.8701113362
-39.7343717461
-30.9878964357
7.6603766907
-19.8531579837
23.2793106223
118.0400378419
-39.6451479897
-7.8348136941
-29.2646023295
23.3188453283
1.3636443752
2.6536303244
32.9092992749
-12.5094585689
-106.7298781397
-6.8045194995
6.9382964350
39.5332059185
4.5231111773
-5.1861923561
-5.6185672573
-0.2549424671
-0.7819770133
-29.1060603200
-24.2015795739
-54.2359672999
11.3272535798
39.2891115120
-18.6074465413
20.0223950804
-9.2810197788
67.5746028552
-20.8574135126
54.2485941198
8.9340549739
73.2684697404
-25.1808601352
-8.4197966634
-10.0764216821
-60.7311652863
13.2239862123
25.1210523157
27.4298381163
-8.6975570558
-87.1875085526
-9.3124848464
-93.6941546344
174.0074578242
21.4610829422
96.9895566002
-192.5992560263
-15.4517068330
-13.2917569447
12.3761037923
14.6047043059
35.8711589541
-32.1760448528
22.2314150107
-22.8920367582
8.7339611453
-29.2994173940
-8.0234558698
28.5321862959
9.3079810277
22.8379411279
90.7756765249
-14.3791244128
-3.7716470025
-18.5397552601
-21.7497293420
-0.9481226262
3.5205466557
22.2342633974
-12.6114739769
-74.5806225890
-12.6649482273
-53.7461930193
52.8559500375
11.7259802827
38.8045703415
-53.6628225671
1.7413449563
8.7040329258
-3.7720015685
32.8892823027
21.5679982394
-29.5472175492
15.8943653350
-12.7722536657
7.2838074006
-44.9994165056
-8.0648511581
25.6664401012
18.5888003996
-52.4754662909
-82.3227925653
-8.9244247707
1.9722433399
1.5982876402
17.3665424926
21.7426854548
-16.7644834332
-25.0992387964
16.3614213008
93.8239412198
57.5031427259
-12.0119466850
31.4436323767
-23.7170490760
22.9520011086
10.5513362068
-39.0574269168
0.3829965408
-38.3138426459
21.1256741441
18.7514015380
28.3134403964
-3.8357392605
-14.0207542028
-24.5536612766
-13.9502821278
-3.6545821042
-3.7758579188
57.4802690661
9.8852477389
-89.4619287221
-33.2463386025
6.5412204208
-15.5366402217
-18.1235860428
-17.5725631475
-2.0148280253
-15.5314948638
-10.2098725118
108.7980108403
12.8389310540
22.6616589582
-7.9879802927
2.2365942583
-15.0759949048
2.5258395071
-4.2958687372
2.3749141453
0.4646558264
17.9515100461
23.1222212663
46.8774887664
-7.1847980959
-13.8401235593
-10.4805854595
-12.1252180824
-7.8867095919
-33.1840334047
17.6425514000
-19.2174080357
-56.9618852197
-35.7013538402
5.9876716872
-9.7178949412
41.8106736957
28.7849978093
-39.2049655207
-27.2212181011
-14.8830730340
105.0017991708
25.9091031993
-61.0317768076
88.0328366742
-14.0117382644
69.6964422308
-105.6531998296
-8.4745041869
-7.2993039523
18.9909470639
-5.5258357874
-3.6295798624
-5.7250627673
-11.5250646672
16.1691172524
4.6580039879
17.0973877381
-14.5770861019
0.5794213817
29.3150194854
-14.7663745602
-47.0326665489
-32.7478187550
7.9979354160
-7.1004659278
31.4812128191
23.3027783878
-30.7704525880
-29.4517740642
-13.6278630165
85.8590587106
40.0252925863
-13.0087231237
15.9685218136
-6.0886803175
3.4430852421
7.1478591927
-33.0884239021
7.4046136227
-23.3183140722
2.9182919327
15.8339728965
43.2135990072
11.8557704255
17.6293126868
-13.3147361443
-14.2188890244
-34.2087375515
-30.6524022571
-43.3985484785
-25.2065608366
-12.1399130066
-26.1004384168
-11.6995218298
30.4680160596
29.1022561466
2.9069410762
19.5629107004
46.0109151427
39.9301835080
-40.6013876879
-22.2665656678
-46.8135969152
5.6881902711
-21.2123495312
-0.4241783779
28.6619064742
38.9057438035
39.9088787140
-33.8714503835
6.9260443404
28.6755258419
11.1643868134
-5.1872335232
11.0120977360
-31.4556722060
-2.7798250016
-38.2897689165
22.5230141511
28.7056805568
-12.5215292301
-34.6871526747
24.2014266006
20.2034526261
-19.6219904145
-26.1349949682
3.7333633572
-20.5134429527
-27.0492144406
-14.8372059446
81.6877173601
-25.4359733632
-26.8494111427
-16.7113898374
-2.3099123483
7.6473158535
-5.1280755437
25.5437080756
21.6764136237
16.6076763070
-8.6060268414
16.0151027785
55.4551645549
-7.0116761887
0.6671355643
5.0950937873
18.0969829175
-15.7346374860
-62.1836005865
18.5095151648
-4.9981668169
-23.8939609265
-9.6935769288
5.6307897059
-15.8958144310
10.3070141191
12.6503671437
-18.8712875486
-20.8959805735
-13.0094690168
60.4690603482
30.6489111454
41.1001707918
-25.8602762543
-15.9306579556
-12.6259495208
3.1452640014
-15.9067941198
-29.8608910935
22.8009227735
13.8092075354
18.5306041360
10.4583082770
-9.6052520388
-7.1826422395
0.5578106411
-1.2423851623
-10.2348107183
-12.9100280665
-4.5060765917
-47.7876906143
89.0892477999
-58.7155972971
9.3957782191
-46.8493203328
-2.9029281950
3.1230164649
-18.0107866095
63.3933988769
43.0444235741
-37.6600110160
83.0100162522
38.6395097718
108.0611965277
-71.9938415997
-49.1639665527
-80.2011749418
-9.0771537945
3.3855589779
-14.3815909592
18.1662798254
-22.2889946377
175.1129105319
23.5565883780
34.9995502556
-141.8663655933
-40.9306858546
-13.3471866446
-33.2941042211
3.9088865896
-29.0831712443
4.0713667723
-42.7919298658
11.9196302590
-43.0194403057
53.2912089006
36.1427257063
-40.6788479156
-15.4128575422
-11.3466444287
79.9438418221
-15.6091792151
-41.5133267908
-11.5935587618
-3.1947099547
25.7501141283
24.8158515952
20.1421897814
9.6181456727
-13.2574932957
-3.1168263823
-24.2625566313
-2.3090241544
9.7352188718
-8.3788152331
3.0128282505
-6.9519999973
31.1538973761
-0.9855228210
81.7692343450
45.7934784101
-97.3673484910
-52.6487779324
-32.3475682482
15.3765364615
-14.4169728550
6.0821795448
-15.8383699897
-20.3732755276
-24.0285513480
100.2242447649
-7.9080215010
33.4198186333
3.8763803548
3.1973116868
-30.6092768288
7.4240886662
11.8975262091
-1.8843915999
-16.7946096879
27.7585386199
-16.7345872314
33.4459142192
-8.2888503270
14.7831530045
1.0857736997
-20.9867115320
5.5257468494
-31.4326099977
-101.2303490177
113.9872270874
36.6735905144
28.9726023754
-19.0599641137
9.3215197583
82.3279201357
18.9036763853
-5.6782813955
9.0025668561
-118.9913444474
-29.5326708550
-43.6329296729
24.9144339976
33.5016474940
8.8586735230
-9.8437267515
6.0589975668
17.0974802336
8.3840566441
-32.0390163451
-27.2988514613
-29.4208414385
-31.3439601877
-20.0103848970
-17.0546643094
20.0865003826
45.9132731111
28.1811457604
-7.0483269328
15.3892949096
-82.5578745910
53.5652848894
-38.4475259002
15.3159317577
-6.1175721132
17.2452773506
53.3220929068
29.9836930837
3.3706707619
24.7248407785
-76.1958973813
61.3349995476
-17.4533186761
-44.5892772825
-3.7656051498
20.4419214096
10.2231930478
-55.7062779460
-8.5805609363
33.2659820353
-6.4851562968
-17.2641001823
38.6099456051
8.0147933116
5.8518278333
-14.7338232635
-0.9504694028
6.1992373280
-24.0115274349
30.1703916683
16.0980902045
144.6378375409
-42.4457536443
-59.2054083387
-48.6290544741
2.7319645159
17.7774038920
-9.9563411938
12.7670300423
27.7531193330
-85.6726459133
-14.6921172852
-1.1391341094
10.0562529224
-1.8638338848
-1.6027570696
-9.6376373180
0.9407123146
1.8862592973
-14.9580690870
-39.6108463938
21.2381901616
21.2342958644
9.9932563802
16.7469709542
37.1220442146
42.0091951010
-39.5527331390
-44.1966825561
63.3240877389
-29.1614615597
27.1401256467
1.1369616513
-3.7184229643
-18.0617124906
-58.5225212671
17.8731912705
-7.9719050512
-0.7544762074
16.1189728396
-9.4451506503
-25.4043908975
-49.7643440916
45.8675032605
-20.3726648202
8.2092069686
-4.4813067744
47.7053518425
39.5560523040
-32.0542282953
8.9448781319
-40.4920046586
2.6242760512
-21.8074726149
4.1157325888
-7.6972693461
5.7502452567
37.2630784884
4.0796664636
47.6505150625
-56.8112575036
3.6679856491
5.9932119298
29.4016545540
-6.0957277621
-50.6994758451
12.7887261634
-8.0076972475
-7.0255007066
13.8723546793
10.8865647573
-16.3036305943
-38.4932601755
26.0107509971
-11.7750953867
6.4413383382
-0.3792824912
31.6506088183
32.1863331970
-27.0575449637
55.8828660623
-42.6063352978
224.8595583393
16.5771136633
57.4201149814
-194.4727402737
-71.9506130034
-14.1996689364
-29.4118670045
30.3697929666
31.3635550010
127.7202420576
-21.7823707625
-47.3411722043
-37.3775120086
-29.9202233914
5.0179217186
-14.8704058955
17.7669851054
9.6853341578
-82.3606742109
-33.3499833541
-32.6048657927
4.5255231751
33.4699215417
-1.0497858399
0.9104591751
2.5828404444
36.6786327044
0.0962237675
-5.9414144566
-20.0915164841
24.7748120588
9.7247289348
-0.2508015152
-17.6461385647
-2.9202770282
18.5926994402
-5.7725307401
50.6028714231
11.3627754047
118.1722565842
-12.3740511039
-56.6159734403
-56.9264179435
-67.4644478442
10.5755569804
-9.8880226035
32.3907399242
38.4079520614
-53.4538373133
-39.5412577693
0.9536948864
-0.0674126089
1.1982897173
10.7880238593
2.8126775015
33.1280914222
-12.7130719694
0.9827657439
13.3260881866
-34.1491621565
-17.3339437624
-4.6872740665
24.1935372098
11.4151361516
-6.5790498895
7.1966659785
4.2867970644
24.0798329809
31.4143338380
121.4783346637
-19.8386717673
-75.5808178032
-55.0355824912
-37.6904965801
10.3289651957
-12.8039606446
35.4216000515
41.7330996274
-54.4999245195
11.1437662488
7.2825385522
-16.4228169596
7.3619316984
18.4177371099
-11.1438101248
-19.7145072474
-29.1811026208
26.1190964168
-92.8781736710
1.2793620123
-73.6800462011
64.6725936859
35.3813989036
48.0176723438
27.4421246003
-41.0755160010
27.9710363306
-52.3436590349
12.5518120156
2.4247443106
-15.7368123158
-11.8968905991
9.7519735993
-58.0337253042
12.9337780618
-37.7390816138
124.2002017555
-3.8369357726
27.0355784712
7.3472853937
-39.4804194551
-21.4993487998
3.1479119812
-7.5387368234
20.6872917795
-9.9061291881
42.6460289064
-1.0527456955
11.2052816774
-41.1525671140
-6.9433066073
-9.0658100530
3.0818725746
21.5800926173
-0.8145449117
32.6920570200
-14.2451968757
-71.6281429010
-36.3426724909
37.1758991194
-15.9924698441
-12.7618206490
10.3338532265
-45.1561335079
42.4383646778
-49.0054150565
130.2515293118
8.5793905126
0.5126562412
-34.1784666244
-54.0335373673
-13.3093797069
3.0633877071
24.3184808262
29.4844368298
33.0649513934
30.8361907914
-15.5259866389
56.8080023739
-41.7931659600
-29.1188922902
-14.3941181686
15.4120523572
-17.2874600364
-41.8385385543
23.3467173020
46.7402894978
55.8584081208
-71.5667958617
-107.3628532230
-2.4031264549
17.3204939698
13.3263158678
-4.1343965181
24.5718983036
-11.3717711838
-53.4079109319
29.0853543750
105.5085024973
17.2933133406
-14.7439574486
-3.5595157162
-7.1868946603
9.4412089195
-11.4599336137
-8.8967520180
5.7745490391
15.3167701463
-0.4849550285
-0.0681205551
6.9947447710
6.9117170265
6.2400100506
-3.7955475993
-3.5494028762
-6.0546396063
-3.5967131324
-57.4870769712
35.4055805445
102.5538882981
11.5790606870
0.1009754267
8.8025145319
-9.2911385480
-5.5700889491
3.6296723579
52.0333615759
-30.4916700019
-113.0569940372
9.7596139638
-8.2210558778
-4.9300486335
-1.4597483729
-4.4346712609
0.4316894859
-5.9629647194
10.9096210364
3.1427156321
4.8161107943
-9.6223150846
-6.0134862292
-12.9907920433
1.6075277022
-14.4224431330
9.0035736339
10.3160964645
19.8624905412
93.5112851258
-73.6712448997
-31.1433967666
8.4397839897
25.9333061853
-21.0560333426
-54.6602417308
28.7812873172
-7.5560299221
-50.8642138665
16.6979566465
58.7068517301
68.9396429636
16.2594260520
52.5965986189
-10.0559517191
11.3888816632
-33.4415657454
-53.6777641459
-23.9492127504
-18.2370376878
21.2064570943
4.2837494566
21.5505616541
0.5312419051
2.3360079342
-8.9371725462
-23.3702396161
-8.0601587909
-12.4827759924
73.8088449820
-43.0842642268
-98.4727087031
-6.1285446869
3.4051194019
-1.8361978933
-5.5011027311
11.5514436689
35.7213020338
-61.7408104562
25.8249797390
66.6599493655
-27.8258907509
-6.6339981385
-33.4048711253
25.9534773167
0.4563288608
25.7471957771
0.3959636966
9.1977856982
2.5934299919
0.5100035181
-9.4407464421
-11.4509283479
-4.3267883186
15.9669339744
9.6099633795
4.8548462444
-7.2435825359
4.8328655218
-8.4164774984
40.3223631905
107.3317806683
-47.7373161486
3.8482332664
25.0465282268
-19.9572675844
-21.1783443952
-26.5045310438
72.4004067023
-24.0717562275
-112.7513509985
-14.4791369378
9.7932728346
36.9794647918
-14.1561984288
12.3673392519
-3.9778407899
29.8317965192
-19.6733847022
-26.6961449335
-3.9870429051
23.3225487054
49.0333771540
-10.4303011176
36.7376388964
12.6173664139
16.9315373992
-61.4679108202
-61.0786506748
-166.8349260530
4.3550741503
87.7669311202
93.6694227640
1.8725877527
-12.0250869735
16.6990488048
16.2930469760
26.7309327236
64.4695625326
-30.2184442601
-107.3000879195
-49.2985676468
2.8863193257
-31.0234585790
31.6260311070
-3.5739106229
43.6205767819
13.4066149955
3.6150960176
-5.9648110717
-76.8485680743
15.6021258413
-1.5929489904
28.6716564473
-23.4440486437
-49.8732243250
44.4397239371
12.6121546489
49.6611772333
25.5166329861
-53.6609216663
-70.0037916926
-0.8086441739
7.2771536546
24.7384660754
19.4026871704
32.6545584006
-11.1990263735
-42.3334890247
14.8121610125
61.3133378159
4.3812112406
-9.5701156119
-12.2924902430
-0.9609901716
-2.2532007559
3.2265876945
-2.4279223607
8.7722424189
7.6228851863
-41.5742599722
-3.0187301741
-30.3903684693
20.4332209046
-10.4177596781
17.6094178560
18.3715522155
15.4046135854
9.3749821502
52.1534752677
-12.3093113775
33.3459052518
-34.1366266462
17.1262795338
-6.4592611177
-22.2747123858
-6.6426025905
10.7141270795
-5.2714269481
10.8175512650
-11.2054714117
32.8237516213
-4.9385451742
-20.3174248547
9.6328204376
2.4233509491
-2.0757908527
-32.1567595436
-3.6244107876
-6.1964292599
-19.7174742181
25.1190245300
19.4871130198
-10.2565198836
2.4350113097
2.2201585216
29.2034734846
-30.4063476577
-19.5129240043
9.2876225337
5.8485418718
62.9403690218
8.9500815960
4.8026882760
10.6925127814
-53.7398274324
5.1933927741
10.9302914062
28.6630318360
-17.4641193031
-82.3230985119
7.1913154703
22.3850654319
68.5414759770
-5.2846419445
17.7683417059
-12.3028983570
0.5938886247
-40.5209213569
-55.2550327794
27.4286676927
-5.1419818846
-14.2198092359
-21.4473177162
7.9734324126
11.7350839732
-1.6428206601
-0.8444399277
-0.7388942753
-135.7828223329
-6.1324698159
32.8799971787
8.2275044734
22.8610555131
-13.9064653550
8.5547677394
-3.4701745617
2.0266793062
111.7585767685
-11.0759006492
-25.2288878244
-37.5971650754
16.0562027927
45.9637377006
29.9552400486
-31.7749713733
-29.4025024293
8.9402687734
12.5024312835
-15.6300120450
11.8378488319
5.2183297947
8.2594450627
-6.1298846856
-1.7311550368
-1.7165051745
0.2356642729
-2.4533467614
-3.2454864200
74.0701067883
34.3319794881
83.6785522931
-48.7465284870
-34.4043726233
-54.4445363240
-43.3623530967
7.0095144031
14.7681011426
25.6159162197
3.0741219271
-47.6482927991
35.3318153929
-39.8596307959
9.3922705056
-21.8178380387
-3.2787990257
0.4195583469
-17.7411432891
34.2695545206
-6.7943497392
-65.4854001568
21.9261834584
11.5114144677
27.6972235982
8.8458664555
33.5884390934
34.4381998834
-31.9144166221
-44.4711569871
2.8507880142
-25.8138186168
14.0991915623
38.2303868133
27.2312194721
26.0225299417
16.1731751955
-3.3110088006
-52.0438953889
-56.5515930233
7.1710423567
9.7143943428
16.0471429783
-16.0863278616
28.8585637397
15.0837348798
-4.0233023222
-16.6225396204
-32.6634913302
15.9193497893
-10.0644423306
4.7908002341
-33.6023857528
-6.7731742016
35.3990833294
-0.4381155506
-8.9780057466
-39.3600270910
32.9533472864
15.7873765158
-70.5735840568
-1.1196614376
63.4809138385
-6.4551913163
26.4494523525
-24.8532328165
-38.6900597418
-12.8176191450
-27.3735463111
113.2487573427
-4.8299732591
-8.8520209630
-142.7833160543
-67.4298272575
-127.4263008841
131.8034897568
89.9120224383
63.8004608463
12.4850492468
-27.3286397518
60.6971897963
-79.8402895660
-27.8045681693
112.3748908056
50.7346099004
-42.9204120276
-63.1698562563
30.0705344883
67.8892262570
-48.6784992415
-68.0904229165
4.0774868905
58.9218598632
-3.6264184140
21.9220413208
-29.5616361727
-36.2959907297
-17.0469148477
-20.4711914882
111.7673590965
-6.3999537225
-12.8844103739
-11.8269070900
35.1541517201
-12.6315502412
8.6184402102
6.2239608976
-18.3296565029
-1.6676379109
-41.9427774116
31.4155706687
50.4936295087
-12.6815440523
17.5134134689
5.7607245212
-10.7287650834
-3.3521621776
-55.1327762755
21.4223154744
-10.6202358585
95.5075440891
7.0904266098
70.9695477534
-38.6938959328
-37.1256135917
-44.1513811122
15.4006777838
8.8417729372
-38.7746468654
-75.6551319985
18.8053619826
10.5461813621
-13.5600258771
9.7799439976
0.7416584673
5.9800989156
12.2787392471
0.0365131867
10.2025274213
-24.2863457593
-2.0406271514
-48.0445304247
-10.1172477674
17.6428217714
2.1865375976
-1.4179249965
-4.0793617028
46.6761972397
16.1508885263
-10.8907068950
-129.1016514957
38.2708085273
67.7698216973
11.5398568302
32.9192899735
-39.8211064252
20.1168602478
-30.0714250539
31.4949543282
102.2225232130
-40.0672831661
-45.4564841445
-12.2557173574
-44.2477922424
-37.0848645860
20.0582536837
20.8257053479
19.4609142658
-13.0501907482
27.4689269466
6.5885555796
-96.2217302107
285.6903021333
-48.0756077227
97.6186824482
-266.5503566970
83.5534687476
-0.9268866109
-24.2381757694
-38.4296517401
5.9230647748
-44.3232128260
7.4435091612
-18.3565133979
11.0203037460
14.1851281714
14.3622416146
32.3491062822
32.4886511415
-0.0136063234
2.9309294252
-54.2807517177
8.3378053427
10.2811450285
1.0976024496
-6.7452298918
11.6545156600
4.9155730897
1.2884467294
-23.0455923122
-7.1201603516
-28.7575669679
4.0940103793
30.4234439071
11.0808586445
11.3537333778
14.4679900457
12.8804982891
-16.3149399465
-43.6209847108
9.6361977087
-13.2063195741
-4.5712503354
-12.4444223826
9.2917255386
10.7600072132
5.1663840916
-4.8431597953
-7.2982236524
3.4650766373
8.8489235500
-4.2831992270
51.6468241181
-76.0776549444
14.4086209867
-25.9921700766
-7.3428527253
-1.5375916267
-30.1340207823
80.7556367718
-9.3631107101
9.1389277361
-2.2036018293
0.3396552897
-2.7279872099
-0.3586310947
6.3590031240
-7.7548086546
5.1359329169
-4.8139122477
3.0218477464
-7.6613455217
48.8333165289
-4.9331057280
10.1892721064
-42.2902212957
-0.7812785538
-7.1776664566
-11.7873842424
-0.0655508407
-10.3871223266
-3.8701558828
-15.6734078447
63.6422520577
-24.8990750033
25.1886178978
-18.3558386552
30.9430942302
-2.5037212271
-34.7473269187
-4.6631979653
-19.3184546128
23.7360984031
21.0247319209
-8.8818080676
-1.3386255316
-3.5315216010
23.9468624163
-17.8996983428
-9.7595866895
37.0403374953
-53.5992852820
18.5342055309
6.5017118033
18.3630865067
15.8370323627
-34.8741109582
22.9372516358
10.2283787244
-7.5888942804
13.1067398806
-44.1885417674
-7.0943600397
-15.4829193167
-19.1686332677
-32.5763700674
-12.2438992800
19.7187252788
39.2364875086
26.6392530935
-1.0400702562
-9.7297936557
79.6982342843
50.4911582190
1.5128514554
-73.0405501859
-24.1130495336
7.5721407387
-6.3779113362
-26.2992041050
-71.7095650188
-73.7253915211
41.2258401421
45.5205764025
-6.3057553690
-19.4481178708
32.3068334725
49.3720315950
45.7973525481
-3.8804987757
26.7917769670
-74.5246675623
-24.4465099973
77.1282601994
-43.5545954815
32.4103691269
-3.7849604235
23.7148600161
-9.7745033656
-67.7987810859
26.4390501676
-45.5470822890
-1.0888782277
49.0271396378
19.0597803086
-12.4783955009
-7.2690033791
26.0605989500
11.8900933666
-41.4078594038
2.5374370182
-59.9192671686
11.7274032902
-0.1693722824
21.8389234524
15.7412698868
-17.9150170186
17.5560028977
17.8683210273
12.6475756773
16.1129867214
-45.7640944910
14.2684820218
-4.1396403008
-4.0578956346
-6.1917451935
9.3111590778
5.6883135984
-6.1546746622
-2.5231796689
-1.8503046410
71.9338298157
-18.7444572614
20.1117421641
-16.1124862971
1.6845610277
13.6638259737
-54.8440302651
18.8229124085
-33.1285823598
42.6470783744
137.4407624477
53.1310754944
24.6358257299
-60.2073253919
15.9775804422
13.6277645918
11.9123468323
0.9181090263
-75.5141332999
-88.2634978899
-61.6139398504
-40.4508121488
-33.1883012414
12.9670254463
-21.5089327554
30.1183048503
-23.0300388402
57.1562858325
3.1758064858
7.6313224350
14.7627862096
-15.2554112485
-4.4921738083
9.7042613435
5.1248761485
1.9552336569
-25.0601238776
9.1424390071
-3.4441928163
-75.2312346645
-60.2801501727
-8.8235880872
-4.2760308267
12.4671051222
-6.0887313086
23.6367013289
-15.9179469411
-16.5380710808
37.9395584686
59.4920340678
36.8281884215
-35.4702989258
64.1967814806
-46.0300486645
51.5099035218
-12.4554459474
33.5177191779
2.6178250839
-41.6378885669
8.7799646063
-245.0427354802
-104.1281555716
-201.0961049886
231.0603775774
143.9008738124
166.8253492125
13.2559339166
-45.6372084693
32.6253227114
-66.2990082552
-59.8659423340
79.0314117816
50.9283132395
-13.7259283929
-20.5362893382
2.7537223006
28.3322229097
18.5369803955
10.0905829785
39.2771060720
-84.9681860479
-30.7919838774
69.4120672251
-19.6013615490
33.6870191241
-7.5570248415
16.7350497088
0.1427727146
-55.6785589456
10.9610165099
17.3850925813
-46.2287254148
26.3687879862
-0.6447137094
2.3691592658
-11.1944336168
-17.2517970966
43.6656256420
-15.3329734584
-85.2586657558
-16.5569496470
92.3764662866
37.8863451030
-23.4634596519
-19.1730386617
5.9510150139
13.4873979457
9.4138492285
10.9759094693
26.0936518568
-77.9726538794
-7.5212966806
79.8942440814
-67.0664136717
51.0309523992
-25.7596447211
55.0729328807
-15.5457047795
-51.4688746579
7.6251169364
-230.2976906166
-155.8203427973
-152.5009121640
237.8510488421
165.6370976274
148.1434687062
-5.0719153667
-12.0431212220
4.0811843383
-68.7290046493
-14.6027026087
104.1280464743
3.4179810181
10.5510990389
6.9951088238
28.9914097912
-26.2794480175
-20.1515543566
7.8799372620
24.2801414465
-89.2348570428
10.9959086540
69.3888615303
-22.7548280029
27.5866796318
-18.8151060265
12.6390222164
-11.0929577658
-47.2256773577
6.7869204541
-102.1720835261
100.6923359686
-97.6536172824
75.4527661012
-107.8571882426
95.5917114255
27.6693634829
9.8676842687
3.6540472906
-20.8428597033
-44.8853221355
-61.5442611021
-14.1127350362
13.2143109471
13.0481131573
40.7124024326
41.7493681607
29.0553348458
-13.1643633837
-7.4329907640
0.6179540532
61.9522100794
-25.2415122726
42.1892861875
-12.7185552917
8.9805019389
3.2665232143
-47.0484073836
14.7071786338
-27.3496765461
58.0521283488
7.9275344914
-9.8576805260
-36.5465823513
12.5539714295
-44.2454513950
-16.2832388968
-21.5730404293
54.8198569252
-72.9836286998
-70.5960130268
41.8331334975
20.8230040053
4.3368821852
6.6570888069
35.3689867206
44.3470043256
27.6635350813
21.5258558721
23.4710336093
-77.4245766097
89.4984371654
-83.3257709450
-237.0112253879
-128.6340026101
74.5317434671
146.4126611204
34.5428692004
8.1086869043
93.3066768059
6.0061767140
-9.8118762861
33.2453472406
-11.0452123065
6.4036061084
-13.9653173879
4.8975151244
2.5347024722
-20.7173231671
-22.2403337103
-15.6470928784
70.4846899638
-17.7292208579
-4.2207457993
-16.8025370256
3.5967285483
-14.8996878325
9.2619028588
25.5300140000
28.3042003344
-56.9404084789
-86.3973812638
55.7217792410
-67.6995393566
101.8976755022
-44.8087204557
77.3828137111
-3.6996463802
-3.2004992236
-15.3563439850
-45.4469108615
-9.3875188463
15.6521279533
0.5284373945
15.1559643691
-4.2937389693
43.9606364429
-7.0176777228
-11.6889678575
-8.9699859134
-71.6260581950
23.6907542689
9.9145616935
30.7656119908
9.1975686895
-28.1508511164
13.2815385650
21.9543056443
21.8135464852
26.7100334868
-54.6397978564
27.8591855690
10.7400945948
4.7102983279
-22.2882096119
22.7175855248
14.6668446719
3.1041734739
-30.9290206860
-15.9242793245
-65.8660036732
-53.8679633290
174.0906468430
98.4721264559
57.8387685327
-178.0648909814
-35.8885398049
-5.6305904848
0.3185509025
-116.0330316144
-49.5526586810
23.4451135276
50.4935820751
-27.5481979514
-11.0217611428
24.9164392524
29.3402837978
-31.4169913045
28.2040383936
37.5257609304
19.3217393885
-34.5549825518
78.7426183377
-34.0276420589
40.2452195820
-8.0176179815
28.4256729984
6.6871498405
-53.1575458056
11.1747142903
-1.1479247383
-40.5300760385
-9.8909753441
2.2055205177
-1.2680206425
12.5064394213
-1.0160107568
34.4654540346
-8.5163121474
-52.5295963105
-67.1591000797
-56.4684573674
-2.6906107319
-2.3707720076
1.3357202246
4.0620259139
1.1784091166
10.4526589372
49.6832196196
51.6948826391
43.9529984501
26.9631604334
0.9686566245
-20.1355716106
9.7346306953
-3.7283709726
16.5641358349
-35.4019352736
8.6606940464
2.8067269585
-140.5516442161
17.7331815621
-123.8309846707
128.1704602871
-14.2996197977
142.4087804790
12.5602895828
7.3220388689
-17.0860084214
-100.5083375407
-66.6518631254
-5.8194994745
19.2599915353
-3.4596158460
1.1224078421
14.5894117186
7.1858001303
-41.2538223989
62.4681273795
61.5855947267
45.4894481133
-9.3981748009
-9.9099333615
-11.3859443385
10.4048138674
10.3943452755
9.8622341500
-1.6773143620
-0.2673344908
1.5224354110
1.5336285508
16.4108162630
-42.4610699484
-19.8741402293
-29.9585580278
-12.6967595601
23.2019950671
14.6707484559
55.6205690181
14.0678189902
-12.1147992958
68.6980257760
-19.9933989308
7.7607508968
16.9846772428
23.6295092118
12.8369898346
-73.3116924076
-2.2525876768
8.5276630040
-0.8319969129
-41.3894445008
-93.3362646894
5.5717835139
28.2432398787
-9.1216536108
-5.1412324340
-3.1279827611
85.7735122427
-11.1962609956
5.2728369114
-17.9294984916
23.5766681998
9.6148561536
0.9660110164
-15.1645107150
-14.0648460903
16.6372890932
-9.1854600815
50.8905916822
-17.5190509503
63.0458541965
24.9893470419
2.4737301581
2.1606673212
10.4282875620
77.0390637173
-6.2290113884
-81.2520671700
-62.2804433622
-61.2414273174
-28.1830478471
7.3726078122
-24.6631842350
20.3638896073
-3.1915022586
20.9464842957
4.2136402485
0.1230166271
5.7652117382
-8.1187795850
35.4456500641
49.3980572165
-2.1462131224
11.2120860249
-1.7493624178
8.8143503968
-50.6751578327
-47.4332894093
26.5213332049
-7.3887494607
27.3853821760
-40.0625315068
-0.1798598477
6.9861118588
3.0254313536
1.7236474863
-2.5856817160
11.7674372347
10.1236501154
-19.1081495195
-32.8842270685
-72.0272858336
5.5916593712
19.2372993090
-22.2357824579
-4.2099926060
5.9272104700
89.2671960742
-9.0199228043
13.7518840498
1.6158167210
-3.0671966239
12.5177226850
-5.7879952742
-1.9187939922
-19.8015597315
4.8893648490
-0.0534149584
-102.8380557818
-61.9222628865
37.8692951014
20.6517011760
-19.6326487407
-7.9565353843
53.7989688102
47.4513224719
44.1058614738
39.4081200013
23.7716273430
-81.2106695100
-21.7693988632
27.8173372900
-23.3671848933
5.0164346758
-2.6586333816
-4.7705792975
14.9587722899
-25.4485219177
26.7498029890
-82.2619921980
36.5599396484
-68.7121633555
55.5657962734
-16.1770564484
66.8749551269
17.4696536164
-9.7611033783
10.4172165636
-1.8473673163
-18.9556683362
65.3222393021
-33.4030722066
0.5143116733
15.4682421802
-9.3137347214
-6.2824702228
-4.9635818054
47.7170371058
22.1785467244
-75.5351878817
-38.9918962353
4.5090174738
12.1866303430
-1.4425050794
32.0460009403
-4.6807377187
40.0771849266
-34.6190072169
-10.5317508802
27.4843452330
-29.9264300758
-43.6093148634
-30.3069754862
26.7316975902
15.6255532882
0.0269837798
3.8040002639
30.7179080359
5.9924695942
-28.8585981291
-69.4931703520
-26.2871393731
5.4633147668
8.9819913534
-13.0629183645
-3.9781479224
42.0071044658
29.2298702738
25.6880923462
24.7508913026
16.3532010608
4.0061740552
-13.2184103946
9.7059096605
-6.8102186445
-0.6367970443
-16.3082778997
3.0830370691
9.3862156086
-9.9251417543
-43.1339959674
-14.6645583732
17.8015452143
18.1734636416
13.8021517899
-13.4995184121
26.3668787845
-0.9154183562
21.3866560922
-16.5504583611
78.9156418202
-44.0241215511
13.0086116548
14.3776966620
-18.3497019353
-12.7835985931
-20.3640295363
38.4063784523
15.7346588311
-77.1205866315
-11.4939340064
-56.4741814150
48.6149002928
20.8771423258
-13.9362465304
-22.5474187298
-8.3529734168
73.2146764992
-20.2448265693
26.2599658589
-42.5952939454
-27.8037096215
3.9421944519
23.6673386804
5.9483966801
-28.6516074574
16.7144931796
20.2239344475
-77.0063416598
-40.2877924090
52.9184129520
-11.9878314512
0.2698200105
5.2273077863
43.8620552263
27.5596887370
31.8451280150
41.8562241659
9.3326749513
-92.3981493635
-50.2733254160
17.7425971284
-32.5498855261
17.2806390871
-28.7704001239
27.5148260537
35.0544131241
14.7308302044
6.8251720817
-2.2616640930
-31.8124522052
-9.8211376932
29.9746415701
5.7285313480
-6.5720771527
-26.4988093678
25.5065011727
17.0104040327
-13.8445953604
-30.9751308725
-0.9434753209
26.6644818307
17.2332802115
16.7821346555
-45.5585019242
9.5595924714
18.5744920592
31.0841415483
5.0867490341
-27.5739330421
1.2846129100
14.1834419075
-28.7380409333
0.1413010877
-12.2345833242
7.1139987292
-1.9634681270
-2.6618730954
17.4588067417
26.1785295111
17.2667540913
33.4590390918
-6.8098771227
-7.8293090267
20.3914034574
-17.1766255393
-9.6289237687
-56.5244266242
20.3665233570
-30.5395708062
-86.0294437000
-56.5846079833
10.9938488506
10.8312643140
-13.1646574719
-8.7014952291
47.7742182907
41.9469610536
24.6818422351
30.8781208934
7.0959573657
38.6142312294
6.7719314418
-4.6857312892
-4.6835801761
-2.6269038718
8.0957327926
-27.4088297822
-9.0214549091
3.2638206859
27.4459098003
-35.6298394122
0.3834957792
-30.1202579281
17.8539640674
-6.7174942897
-0.2820993795
19.1981417000
55.2909720198
-9.4571904796
-36.6229907392
-58.2343361589
13.8815390069
15.3508701495
2.2836377005
-4.9419011002
18.0651609121
-1.4907663790
-2.1693429236
-12.4842452476
17.6989665325
32.4122807003
24.4682464369
-26.2700573538
-3.3009090048
-7.4881785526
9.3442274005
-26.2850854989
-7.0939521109
-18.4778994956
9.3430380034
34.2940195771
-13.2809278576
12.6289888276
-8.1106352387
33.1361835915
-22.1114175312
-20.3782951866
-61.7972623497
-12.1012854679
53.6262714335
23.4453495097
-1.5353705492
2.4016275537
35.3401435444
9.2747099264
-61.5572567181
-1.9130545286
0.6819917627
0.3278739734
-24.0493426735
47.0281058099
-37.8345832050
12.5248270500
3.3487113844
3.9756884911
13.2670974105
-48.2194310912
33.5999535958
-27.6570829281
41.7772330193
28.0763626028
-7.3623182821
-17.9367546441
-1.2742308844
38.2016432475
-22.3179101502
-21.3417080284
