0.0000000000
77.2720930155
51.0503206484
32.7376491273
13.6587059277
55.0639934069
95.2735376751
93.3462735361
31.5721027609
19.6134287913
46.6716294673
27.1239521228
61.9926509478
68.8930594633
79.5830135207
120.3503237101
23.8884255858
32.1323699731
51.4662697729
131.8518381238
31.1891347830
36.9180568368
63.6403277359
71.4053451862
13.4787478951
71.8879619352
62.6278094218
78.4547223332
24.8819037167
73.7649084586
95.8294806534
99.9189922275
75.9238557710
32.7756868224
26.7098184110
79.5508312058
24.2173917837
56.9539232995
58.3312335019
52.9681268202
71.1048965919
69.2366016738
33.3224448044
18.6419175925
73.6410600424
79.8077312326
21.8676479295
43.6116212656
87.3155424268
21.5932225505
8.4733659820
84.5759197274
54.0389529500
44.2267474488
72.5491900610
49.9187456537
118.7801147771
111.9888763794
113.6163652520
9.6727337430
70.2789622841
53.3657034416
86.1747723953
8.8355248004
58.6638493506
92.2701894241
80.5352755724
71.9859233077
68.4547273616
131.8000847446
5.9259906485
40.8085312888
22.9124916328
85.3285202756
112.6692733299
82.3125890125
80.4129093562
69.2029917531
76.3064089587
73.9723769267
49.4515062592
39.1422109094
67.4620016261
65.7997030164
40.3602379496
66.7029501820
91.8297074421
51.9941902602
50.5670186486
23.7080446054
64.6400503089
24.4086081357
16.4704148788
92.4201231799
16.2985813354
106.2188035085
62.3117299553
66.5146053572
79.5889322804
59.0020626693
