1.2417246497
1.0062228368
0.8490694455
9.0589025374
-3.1500903685
10.2628653112
-10.1090002531
0.9127608897
-2.0398753291
-0.1701561224
0.0410051471
-1.0711368817
0.0790101200
-0.7235933871
-0.0649982395
-0.1004809316
1.9136948820
-7.9359243065
-41.4850468883
0.6069553911
42.5448732320
53.5945632688
1.6966020429
-21.2408416990
-6.4408284272
-4.2564087391
1.0028609816
109.5919126565
51.9760143734
-137.8619062622
-15.0154779531
-25.5556637103
97.1584509893
-100.2451226567
-24.4675005438
18.3965627583
14.9323411113
2.5773179894
-4.6058946389
-5.3042652180
0.6512702165
7.9916658821
-4.1646603302
-2.0558379158
10.5742584860
-14.4563201983
32.9107661585
-103.1102332414
-8.1168075338
-31.2046904432
109.0872335582
17.1097121689
-2.8788260054
-19.9370300460
31.9194611837
-3.7300169179
-52.6167484051
-33.0007583390
1.6913250567
24.5799015350
6.6389644347
2.6392057716
29.9637935095
39.0756236252
2.0168012624
-125.3082668677
-16.2314034767
-14.0010787524
123.2109779292
-28.4018886137
11.3837635795
0.1703422992
106.5356957214
23.2021385537
82.3244883159
-26.0840216535
0.4215398849
12.4116611923
-78.6847612242
-24.3230961139
-93.0287919003
74.9443433073
-2.4705900549
-114.4113283857
-13.9557535917
-6.6833480387
99.4617831137
-62.7555037452
9.8533569548
13.2421876642
-0.4532658372
15.4140315234
8.2762187637
46.1326795232
2.0661914812
-11.5282332306
-30.7832525405
-10.5497151641
-8.6379069529
22.5472444114
18.4951748067
-88.2733356151
-25.6775312588
-22.9258877350
105.8632701267
-11.7658731123
-2.4997949122
-5.7000142776
40.6640889561
36.2781841624
-123.1681714917
2.8206593878
2.4416128787
4.6948195638
-28.0516010863
-9.4716992270
-5.8185187851
-62.4255723401
-18.5331667354
119.9832020234
-43.1434625248
-29.5880080593
133.9138347892
90.1358864215
18.8730769806
-129.6051649137
6.7364451921
-2.3369091723
-9.4362781985
-5.1827700230
0.8177858113
10.7460344653
7.8053692971
1.4665266319
33.9180787819
47.1398142707
31.2686842765
-93.5974340002
-15.7060243626
-25.9816991130
56.3972844612
-40.7928343743
-5.2343884344
1.9723144903
-29.5775786002
4.3295904575
-23.9201252911
31.0106289805
-0.4866223189
-7.3516943453
4.3098248833
3.7743400442
21.3443607516
0.4098522499
41.2926112118
-98.9455491944
-5.3817064722
-51.1528744964
111.1475966379
-0.7710210414
2.2429551018
-2.2745885587
19.5597480662
3.7205728914
-85.6744851505
-39.8648733927
0.2878340997
19.5375420341
24.9846594180
4.4944162310
34.4633124083
-11.5841431955
12.5289810460
-65.5988257133
-9.4688876013
-18.8663046507
108.7600343275
16.3734967053
-2.1655008033
-11.4875779062
0.0287103623
2.7862961282
-44.1873357685
1.2939976445
1.3357866316
5.0055439250
9.1988007769
2.0208177011
30.9177967143
97.2044248042
52.9023709140
-123.8764900791
-20.6192803217
-30.0577463942
110.3935105717
-87.1066532662
-28.9875249807
21.7469746366
2.4436359210
5.8294593412
49.1575238862
32.1971539833
1.5351404963
-14.5559544404
-31.8407309218
-11.1540119028
-39.5820660670
62.6379087766
-45.2657205017
-120.8890364241
-22.5876329219
42.8777099441
128.8215538134
-42.8503348372
6.1774226230
-2.9520219539
-68.7725320772
1.1149441677
3.1323027747
79.6216575071
4.6842157862
-23.7629315813
-3.3776506137
0.7890695199
26.4186916736
-1.7044226549
39.9680959855
-91.6855095767
-8.3419462945
-48.0499414107
90.5087238745
2.5748941333
1.4936159515
-4.6112771648
19.6951721330
6.6885906356
-44.1604646435
-5.5354458314
1.2463423090
15.0578456299
-1.3724112872
1.1880701517
32.1518110350
35.3545740263
37.2781327220
-85.7155567046
-19.1057315926
-42.1137731084
80.4688141933
-29.0361574480
-4.2873627098
2.1975481182
-11.4320011622
21.5889283081
-43.3857591985
44.6735418578
3.6571968805
-17.5822206251
-22.3528094093
-7.6608391682
-11.6128677878
-51.1113902701
-17.6116792521
137.0584963842
-46.6448590570
-10.2862892006
71.9196329442
86.8675180408
10.3126824323
-136.3972805311
-35.5785482925
-27.8691715242
77.7926007398
70.0559603335
5.1225839206
-25.8068399508
-23.2752752102
-10.5508120657
-15.1099751382
-38.7919826543
-11.5942524780
-41.9624540479
-13.5970952226
38.4275836358
24.7723253531
41.1869422320
6.4640673256
-19.6856569561
29.9529988118
28.4839736158
58.0381295125
44.8688188060
1.2170236111
-18.5439317872
-68.7113391970
-21.9416503642
-69.0305079220
10.9419719262
24.0674575590
-82.4375960675
-8.6629684867
-31.6240578699
112.6415968014
-8.3894818602
-0.2027465518
-0.6676905372
-69.5894083496
-3.6906766896
3.9712415926
57.0503547821
1.8957768458
-31.5242635394
18.4433512450
2.1388312710
12.9937329255
68.3644384275
6.7973297540
-119.2714634747
-14.6307655025
6.7814110434
118.6498997258
-59.6379706025
-13.9226722247
15.1808527703
-4.5137940357
-2.8223420942
15.9675683986
27.5316554891
2.5735327895
-3.0784229672
-17.4315253162
-5.8582266237
-2.4350030088
101.0414364706
-11.2585982111
-148.6968727673
-23.5015938813
13.5050100353
121.0626208088
-83.1261775407
3.8606252901
17.1801095360
-5.6641675328
20.7468612454
53.4231798024
29.9468253309
-1.9501618210
-9.5364259092
-17.2984539552
-0.1235751576
-4.1124418840
-1.0374957984
30.0680584553
-46.3469287190
-7.7799650556
-53.4474918856
13.6866925185
1.8332558252
4.7063091635
-7.1140769946
35.6992869218
6.6094026396
-24.1496824902
-12.3827504232
3.4927956376
12.5401054072
-15.1152616111
-6.2450119220
1.4784111163
29.1202963243
3.9554628111
-109.1222751180
-18.1665905154
-14.8635102383
121.1347993069
-19.1549806965
7.0508622578
-1.8813582223
76.2824209810
22.6441832402
2.2708887391
-18.0070417281
3.1395257237
8.2647256064
-45.9817672057
-17.2106496488
-41.2850408118
47.4118126685
-3.0415504711
-100.7505097012
-24.5687925897
-15.0915602352
124.0686921452
-35.1366333119
9.5600502054
7.4312452081
52.4435482325
11.1487052706
-73.4534453002
-36.6671466621
-2.9824351818
23.7796080434
-7.0983373457
2.3577716482
11.9632738992
-74.6659129155
15.8893219593
51.6426618212
-27.0848607786
-61.0223730997
101.3885293461
93.0727094694
34.6090082175
-115.3206278097
89.1260835350
6.9487851861
32.3472860184
-59.2489855718
-2.0226118764
16.3583037285
-28.4756715529
-10.1008191458
-45.5856505357
-1.9959814768
-52.1516822782
-120.8699076457
-5.5812287262
56.6718525734
125.4917340395
6.1757837927
0.6544767267
-7.7417656050
56.3770374360
13.3273902385
39.7811697196
-24.2507326248
0.8633066356
-1.4386380565
-32.1368979163
-14.2481436871
-55.7320889304
2.9086154817
-61.8862477524
-50.0959166986
-2.3075928461
57.5457736591
61.4415970398
-0.5904307164
4.3979209063
6.0438769262
-51.2161449675
-4.0973888362
-81.3832898071
19.6887436965
3.7457352216
-10.8931224502
33.7820795830
9.3919574439
36.5834572191
-63.8160961412
80.3218578366
268.8290482606
-34.6690105148
-85.7476988866
-86.7376425175
96.2304271582
-3.6144615935
-126.3984507049
12.3910026808
4.2170009179
2.1924442646
4.1664390896
0.7876121230
6.4349027868
-10.1124130994
-3.2061627934
9.2880138607
-16.4549176372
37.7618592206
-99.3425006954
-6.3031133184
-35.4517227487
97.1102003623
16.3130034704
-4.1085855336
-15.6830605790
35.3813680718
-2.5501432894
17.3787898439
-20.9545871376
1.4994360522
7.7273019195
-6.4383322349
-6.4220672591
1.4144137254
-3.7034813855
7.0494926131
-86.0496847959
-17.9849364924
2.4254641152
84.7896021636
13.6999679926
-2.0021834178
-25.2604240424
-14.6773322373
0.5625978755
-25.4144088703
-2.2807146060
-1.4823018560
-0.8874847189
18.8934591914
5.4503523543
23.1582435155
12.2677571867
67.1067393327
-119.6980668946
9.0498356079
-75.8029611331
107.8371617837
-23.2530039569
4.1655746125
15.0045551847
32.3345797472
9.1936388171
-47.8622455350
-24.9170369155
2.2949091058
7.5035268744
-2.5507231650
-2.1694615075
-4.3244118961
-35.7881750856
1.7277208453
373.6465062959
-54.2742722902
-15.9395339649
-182.2641778276
85.1956277091
4.8927278900
-146.6991990974
-9.5412000994
-1.0428486783
11.1237706216
8.9323947985
-0.3597386689
-0.5354658657
6.9569259749
0.0629811263
21.4387144500
-4.4392497876
20.4129881095
-81.0562269480
-10.2188422024
-24.9263552430
63.9012951581
8.3099713159
5.8529721685
-14.8720874161
153.0146404042
30.6079202283
43.5800198822
-79.3394431012
-1.4171032096
33.3430663518
-59.7792740619
-16.5638476759
-51.3570487990
-11.7595253129
40.8055394596
-65.8344425526
-15.4891817356
-59.3893154569
52.1125128108
13.3527838074
5.9568066545
-11.8441076932
-19.2898652062
-0.7949133374
-3.0149912219
28.8502106857
0.3322165179
1.3212470524
-3.1799130483
1.0242642003
26.3252071955
4.6469507771
29.3913318204
-94.4626474658
-9.4707837588
-33.5957094759
82.5318288103
-1.5565994495
3.6428114605
-12.7006443706
-13.0006534853
14.1031973284
11.5524516325
40.9094000341
-1.0813872791
-13.3006495558
-22.4604492545
-3.2136323970
-14.4159494754
18.9710297022
66.5943214452
-75.4789197933
-16.7061401255
-86.4631941751
102.4268730199
-7.7131868709
10.0606938917
-10.7838058278
26.4225859708
6.3607783258
32.0527424383
1.5791754636
0.8599092052
0.9118134039
-26.2509072303
-8.6304065175
-28.0120082742
-7.1775490585
11.9482220373
-126.2866616070
-5.6177371696
-15.6969301588
136.3903374403
11.0444320240
5.1584271080
-15.0562234014
0.3193821761
20.1848705198
-147.0178424955
12.8640779683
0.7773332655
-0.0664414062
6.9931699761
3.0332092754
35.1474517264
-60.6759170199
-17.6772348362
117.0565570367
-44.2832417310
-29.1770221468
126.4193629860
84.7825298163
22.8588427364
-131.5390866615
47.9285387112
16.3764992511
-15.0993689889
-14.3882482626
1.4531456180
8.3397750222
-27.1661156930
-11.2536319149
-24.9628909607
41.3649901168
-20.0469573758
-87.0812917149
-20.1665777583
2.4551575385
117.4912300949
-27.5725859283
11.0157856971
1.3125465474
1.6813948360
13.8082019435
-64.9339847486
10.2688704029
2.0473401893
-0.3912523560
-1.9827143035
-2.5656564429
12.5540496949
-70.4523378882
-14.6924042584
71.6240090642
-36.8218097903
-16.2831297995
101.3436536186
97.3065967431
17.6856483681
-120.1964740874
10.4748305800
13.6351725317
-68.2211747752
1.2087227340
0.9179501238
5.1629499002
3.2168199338
-1.6194074432
28.6857039031
48.6767204822
15.3245504398
-93.6896686033
-20.2455250288
-31.4042079538
113.7298726226
-43.3315698869
3.1459411158
14.3323169526
-38.1124811548
10.9944536288
-47.9434648741
47.2949778232
0.2411890995
-18.3107625208
4.1690704676
1.0116053627
21.7605204822
-60.4695382415
-1.4404903380
58.4949101782
-41.1565301899
-30.5414195301
103.7858214703
88.2745012954
19.7346617771
-117.7870247358
45.3064529057
18.7636050132
-36.3193399111
-3.5383781255
-0.4049452457
3.9048310182
-24.1857687746
-6.2165043383
-3.2232922463
-83.7450482480
20.9291271617
28.6062775534
-29.7755592626
-49.3604874467
107.4202146555
95.9383026909
16.2892048558
-100.3886910697
8.2633630767
6.7918215292
31.6276225037
10.3009011160
-0.3377603180
-4.8141328138
-13.6998007893
-6.0051889096
-10.1488183748
-11.1498140307
34.6360453601
-106.9002643150
-6.5798562604
-34.9227944166
107.5723507596
12.8652068876
-0.1621244309
-17.3367577597
15.9584018586
-8.0270110169
-22.2798020093
-17.5031180096
2.6904731745
10.6368542145
5.6700896157
0.8254392200
14.0961819014
21.0290910672
-19.3502967774
-113.6768288320
-17.3515475510
21.0506354008
127.5263276391
-7.8029181667
2.8107599989
-16.3027340996
-15.7552829532
-6.4764178449
-6.1862464554
3.5283589669
0.5526913716
-3.3752528460
13.2011291543
3.3583890213
12.8181088967
-25.3584514719
-9.4388111519
-99.3290663187
-11.6615808922
16.2469628780
126.6218450955
36.0458283820
-4.2428154599
-30.5493895580
47.3161604757
34.8213849726
-119.4374928753
-25.5418190331
3.8229736973
29.2166280032
-9.1965583542
-8.2585284087
28.3770642478
68.9065236497
-12.4555858765
-91.0992174404
-20.7821565749
-28.9094813200
129.9849679884
-60.7021501633
10.9792369352
22.9580500763
-13.9291184487
3.5053809532
41.9224153600
30.3673572521
0.3816909314
-13.5660950041
-10.8714488601
-5.0273787893
-7.1329093131
26.6295873150
21.1679837147
-108.1232645576
-14.8692912063
-25.1605976942
98.0743081061
-17.3270860520
5.1329208843
-11.1744557773
-28.2378786979
9.3265714349
-29.3718283167
42.1164293891
2.8753858848
-12.1652852304
-7.7841854587
-2.9322445213
7.2527585626
-11.3875997706
17.5620530512
-68.4868348605
-10.9774973085
-26.0283452990
115.1251729856
16.2707318467
-0.8034205506
-12.3539831406
-53.9996413285
-0.0374084956
-63.9113024583
25.9098277473
0.3589738024
-7.3592635593
36.0699353149
6.0859090103
53.5009637643
12.1326449958
10.7571362955
-94.1046413085
-12.2303510627
-19.9203606989
114.2443681010
-7.8824144809
2.7557500863
-2.3701245392
10.5693550393
21.4565044155
-154.2883815369
-24.1997249207
1.0151569523
7.3317070190
26.9666669611
3.9315195240
36.1609010697
-42.9501528845
-37.5217800670
238.0833073837
-54.8754004656
-5.0764025837
14.3021171759
84.4892562704
16.1950017589
-141.5896511114
-38.4844956351
1.1232770625
-15.4932598379
28.3042631839
0.9987224014
-13.7298558936
14.9726039228
2.6738560044
20.4513274892
-26.8837269686
42.5517001105
-85.0017962994
-6.5490220595
-42.3217907172
111.7775715470
28.6403787424
-5.0257648617
-18.0039870053
-14.2644774415
4.5286478624
0.3010348660
14.6950712116
-0.8615776815
-7.4838383797
1.2495772794
-0.1888769720
2.0535124844
-28.5973280220
59.8965761280
-72.4035847524
8.1314704403
-53.9318018174
80.2896599201
18.7856865322
-9.4429687054
-2.7567841384
36.9742874161
11.4343514963
-7.8356924012
1.0496494683
4.9237067634
-7.0477221546
-21.7062446043
-10.6614841027
-22.7101467531
-69.6501826285
-18.0576142290
58.1830438534
-39.4481076980
10.9914404104
102.7048018015
92.7805980463
1.3695996616
-123.2942855319
88.4212453868
8.4216181130
-2.4623923458
-53.8556756592
2.3156162367
28.1782250375
-26.0730182480
-10.6429055539
-14.0785757411
22.9121047215
24.5049446146
-113.1751570229
-15.1466484133
-21.6186940676
107.5094633146
-16.2580089737
-2.9805793429
-5.9715632423
-36.1247163605
-4.2589938694
-20.4230701177
11.0677361436
-0.9481202545
-6.2787609166
27.8307835251
6.5151734543
35.0931734768
27.1787425129
52.8316403260
-123.3844389865
-10.9203433979
-54.9176305850
125.3480458567
-19.0322024231
0.7779321145
-10.3549493127
49.0459375669
-0.4250013506
-0.2724383443
-38.3042800355
1.7486058521
19.0641536850
-7.8564422223
-4.1273692327
-3.0738657857
-17.3470212013
16.2345246065
-105.5956308752
-5.3168967813
-21.3581022607
112.5965716581
19.7787026735
7.9273423854
-22.7187891520
-20.3326000439
18.6267579390
-5.9009903709
45.5166915920
-1.5181557159
-20.1730571858
-11.2384164071
-6.6404775660
-0.7700510246
106.0087607857
58.8106624993
-112.8007091997
-22.2556737312
-35.9493081546
112.2244504522
-97.6987621955
-33.3294801876
27.4203561430
31.8290432869
-24.7800712573
64.6477396740
12.7816265418
6.4347521851
-3.1112031310
-30.6125023125
-14.4352478288
-22.3304195721
51.3065166167
16.1324475348
-70.9494738609
-17.6652625997
36.5320463296
20.5123697678
-47.6394215331
-19.8839257776
11.2309871221
-67.3626316573
-0.3103757244
-24.8008234501
67.5243256284
-1.5032995176
-12.8902719790
12.0966180033
23.8950412263
49.7939011433
-1.2952072009
31.0961718909
-35.9107873414
-11.0729585812
-54.4132218581
22.6319928092
0.1098538077
1.2356839828
1.1759888180
-23.8054771340
10.8790785520
-7.3011182869
58.2746309881
-0.4877370082
-18.0369995936
-17.2469161809
7.0351629275
7.9654896591
-89.0894565076
26.9628106107
69.9141457773
-20.8973680058
-59.6720800924
54.4413938491
92.7645856544
15.2827650103
-106.9829114050
52.3033179580
5.1926907570
-5.7271652608
-28.6638583662
1.8776548452
15.6744893304
-20.7416281353
-6.8211900324
-19.5860713334
96.7464239096
2.8773591218
-90.4199910557
-21.6408668962
10.5173500442
81.6264319844
-78.0033884698
-13.6438659218
18.4323063351
-43.4627711788
13.4071782693
-44.0076692126
49.3761986354
2.6356304653
-23.6614047392
6.5237684196
-2.0393998074
14.7680963993
-68.2436132319
-16.0027925777
69.1470972985
-37.2505904117
-12.2059962893
109.2817669850
93.0570065816
14.2053799398
-125.5278879169
80.2702750004
25.1891835433
41.1263908910
-22.3907088425
-1.7287145789
5.1567420299
-46.9732476847
-16.4960947311
-44.0074830358
-22.7389353807
31.0366806904
-84.3167521856
-14.0892388107
-49.0710050299
99.5379555196
25.9218557182
11.0699501061
-17.4968532190
28.2500311820
-3.2052532545
-26.1602829974
-34.1065383383
0.4032056190
20.2259231005
12.5046025558
4.9721008770
33.0586450984
-3.7119364217
27.3318355895
-83.2463232502
-14.0904317653
-40.1074771989
76.2884818071
11.1542716017
10.6055883679
-20.1664449443
14.4664188082
-1.7243981228
1.9852994338
-14.3099223720
1.3629138980
1.6616814387
0.1300308683
-1.4234699824
-6.5855269453
27.8975711965
42.2461626116
144.8044942506
-18.8693214266
-37.3245097224
-129.9180534322
-9.3147770744
-3.1366974962
-11.9478947456
-27.5588503484
-9.6777222535
-3.4036299874
17.0658278033
0.4552295875
-6.4091546518
13.3838124861
4.2862859675
20.3360413504
42.9721964566
5.8660994127
-132.9376030214
-16.1682136426
4.3486480856
130.5119883046
-29.6947727549
-5.2785396140
-8.0976419944
-104.3626304474
13.0373326896
22.5230141511
100.5411509079
-6.3556993749
-32.0351303488
10.1315798247
9.5822550517
34.4549368233
29.4140169317
45.8611519037
-78.0265621471
-5.3303951933
-64.1154921769
45.9660749904
-30.3937208378
1.9904530926
7.1176665310
3.2750399142
17.6753754397
-80.9789208794
15.9028855925
2.3112262585
-4.1819024378
-8.5076187574
-2.8690096253
4.9722740096
-40.7790881218
-39.9436748050
181.4795967105
-54.7936154809
-4.5784922578
34.7237868170
84.9023968535
27.4045749898
-136.0148342199
79.0529573011
15.5559954955
32.6210501314
-28.4393540297
-0.4807524130
19.7544249796
-42.6149954843
-13.7834001085
-31.0096435478
20.6453687926
23.8977769583
-107.8431075834
-13.9933162464
-31.4433394743
92.1102085382
-14.6506603333
6.2537195420
-5.6329337039
-58.2649486079
13.6850940067
-26.6427038867
57.4148949155
-2.7823259373
-28.7638685195
7.7188480691
0.1553722603
4.3358090003
-35.6781588179
-48.9782522149
289.7072957889
-59.0954371328
15.9686961321
-98.3108605729
87.9048015739
21.9514157532
-140.3256706244
62.4230132983
-61.0498976223
-68.0724467742
-20.5790625721
-1.9583085389
25.8341391640
-20.1481474394
14.0502140157
11.7388276688
16.5305054242
18.3344188347
-31.0714850823
-22.4299791063
33.5168262407
57.5510731762
-15.7963296047
-2.8932517440
4.0198930334
-6.2287244152
-1.4192709244
-39.3578000843
0.4552319592
0.7963197431
8.4385269997
7.4676101649
3.8035828484
25.0753939340
-12.1142431371
38.1171687787
-59.9930572227
-1.9239476510
-39.1030390507
75.0464108923
12.3440730792
-2.1947613951
-9.2094757048
-49.2299051630
-4.4759538945
26.8483735330
49.7007226119
-0.2074484057
-24.7847221202
0.8123807545
-0.2564389966
-3.7298805463
12.5200801341
-50.8907671865
-115.9168643968
-16.1486816788
62.0866166958
133.9530943805
2.3454045271
-6.2560093983
-16.3700008502
-11.0131009563
1.9335280491
0.1936310029
22.0031942529
2.2051481641
-6.8228193760
-7.0025902858
-4.0619369759
-0.7953224520
21.6601474620
-7.6754190659
-105.7737119636
-12.1259924357
3.4703631102
120.0729368767
-13.5216580372
4.1283179044
-6.8747129022
28.2530538871
2.9550565174
8.5080598897
-2.2997034553
1.9170958699
13.6754602459
-18.6339773304
-5.8577048543
5.7386596040
-28.7345272906
27.9090631679
-77.7960693206
-8.1480342476
-23.0276220991
75.4755852124
29.5631884368
-3.8958886019
-25.6016956314
61.8846456831
20.1190398209
33.9335741478
-12.5090399675
0.5092386516
17.0345121515
-36.9059759409
-8.4015418488
-8.1650225856
1.9563862930
24.8018871482
-53.1300687166
-16.2477301162
-43.5638912780
22.1769695578
1.8217152344
6.5352675061
-11.8499645549
34.0875388165
18.5867275520
-14.2076354067
-11.8786179969
-2.6999373603
10.5468513615
-18.0057942249
3.2586575403
-8.8303283994
-29.4777036326
73.4830142103
-40.3148639410
0.2677507204
-96.2475933721
61.5924939415
25.0068263174
3.6191302439
-8.7865163700
78.2892434033
4.8484320381
-46.9352427118
-54.9351039313
4.5492494535
34.4621301262
-8.4151896766
-2.5630606401
26.9806622399
-34.2354877209
23.6700578106
-63.8058753898
-17.8403743458
-32.3309439630
70.8004221256
37.1369122713
1.8262664867
-21.5020952043
13.6230686671
3.1607558098
16.9655081459
11.3338160161
1.1844782436
4.9302715714
-19.6499584412
-5.9245624902
-2.1517723384
-1.5437556209
21.6303259681
-104.2642306642
-10.0123519550
-20.7000099091
103.6358590102
6.2491813339
0.6490123779
-19.1156357248
-1.7752077916
12.8984364845
-17.9294522439
33.6609852018
5.7914994301
-16.9328939997
-17.7220109532
-8.7177993376
-15.7934444570
-58.7324077591
-19.7586275951
77.8578041295
-43.4379788306
5.9884578989
103.8697219928
88.0066201326
3.7980331191
-131.0717342359
67.7053357405
22.2836536162
28.9169781978
-12.2250491739
-2.4115174558
8.5073768461
-43.8760967529
-6.7756798807
-31.2179291563
-14.8407243306
50.4709823442
-65.9756890917
-12.1001091150
-66.4739860014
69.6750390120
15.3366436320
2.9065473774
-9.9057769938
-77.6750615057
7.2831030118
34.3166418389
81.7156759001
-2.3254041567
-32.3423588549
-0.1244894399
-0.5311743122
7.7712787806
-12.6870143303
55.9028723620
-107.0173137973
-0.9969756597
-60.3385634449
105.1324549766
9.7678662215
0.0091665400
-7.8607029439
19.8317962693
21.2129910704
-2.7636975832
15.0129390706
-3.2706653520
-9.1188692595
-24.6519887235
-7.2216943088
-19.4090835891
-43.7392733954
31.8446572367
-57.8104530550
-12.8824964288
-53.3065003021
111.9785393394
46.4290232078
10.7412116557
-22.8764370384
26.6968054462
-1.6429202706
1.1188633675
-18.6586202629
-0.4151695546
10.8891830911
-4.5872152938
-3.1381110170
1.8772421731
30.3031796136
0.1222636190
-118.4684721981
-18.1498452746
4.7997497655
120.7347503929
-15.6043030428
0.2741874577
-16.1515656407
1.0772629290
11.2072584720
-101.0318501434
-10.8504013932
0.1562758700
2.8261533826
21.1591444664
5.8136200818
30.5146776616
-60.1884527549
-20.6309845584
115.3464008473
-42.6492982661
-20.4979926487
82.4401456226
91.4517462047
23.9518227833
-130.0955261849
34.3270203070
-1.8638552300
-9.2744502275
-18.3572592910
2.9951805857
14.5569481740
-10.9055820668
-4.7630409152
1.0123571850
-9.3926713193
0.2338629826
-112.0544224004
-8.9614288950
1.8046782770
121.8553960773
13.2899200792
1.5931742999
-16.0958288084
0.0434479766
17.9010347840
3.9489489942
35.7119837063
2.9217273100
-11.8207158215
-21.9108920570
-12.9961615249
-5.9507173682
37.0539900665
7.0051694869
-90.0837901167
-17.8768626299
-17.7286741858
95.2875115536
-33.0216670626
2.8969029441
8.6187627586
-49.0379710965
1.2197937323
61.4828903459
80.3934742468
5.9427473403
-26.4869094675
-25.7546855399
-7.1658898837
-7.9294353923
24.2159223037
35.3885447730
-94.3439247638
-11.1838737153
-32.2660156881
77.1199154462
-18.6328673845
-3.1191802739
-9.8425361686
11.9310854694
-7.1872788723
16.4127017479
4.1001435416
2.9889857597
-3.4492065461
-10.1601704171
-6.1150118855
-12.1031733245
57.0367247419
-34.9950725253
-120.3849277146
-18.1848429583
42.7878055157
116.8202203927
-44.7229403775
2.5205720076
2.7043854446
-7.8995605355
19.2829980092
5.7743616764
39.7447015948
-0.1263535797
-20.9742685172
-21.5382052056
-9.1783414865
-22.1316977598
-70.6918122637
-4.2272774038
59.2901152321
-35.1868607334
-21.7706285789
96.6170227221
95.5717371434
16.0196030397
-118.5755321677
70.7452390804
9.5197992523
17.8718489001
-40.3231328004
0.2199720576
14.1930377214
-26.7436235789
-10.1970369841
-31.8908978656
-48.0054060191
19.3912592343
-88.9239429472
-6.5429564900
-1.9043729970
126.2388959884
50.8698786222
-17.0296217490
-37.4889406113
7.9552653501
1.2762183516
-1.5198953426
-20.5596408913
-2.0875057620
1.4438450782
14.6250568707
2.1206298192
9.4600127778
-56.7220254463
31.6381302283
-95.8770196868
-1.6392251944
-59.1914284758
118.4321226572
56.3405693112
26.2439558387
-31.9390642979
31.3454353721
9.5192371644
-10.5306184034
-11.3319127435
1.2754748302
1.6527745975
-14.2287623248
-6.7622028138
-15.4937578906
28.2042340572
-1.6987709435
-95.4770715692
-13.3047822068
2.6460658537
118.0824576956
-20.6842121541
-4.9798052768
1.7662155700
-35.4980036961
1.4331855661
-49.8513965757
30.2963029299
2.1229054453
-7.7334362677
10.4732534133
4.7372975236
27.1323465390
-8.5574785687
7.2093520904
-63.7135886098
-12.4392888830
-20.7198478196
104.7919850151
15.7252159904
5.2171071941
-10.6259101009
64.3771713987
14.6447192769
53.6850926346
-10.4254190160
0.8255020695
9.8064819018
-44.6066261157
-15.1217007200
-32.9999163929
27.7253445982
29.7451069020
-92.8162040658
-13.7820114903
-29.5491208217
67.2954502871
-23.2884593747
-0.5445078926
-4.9709043648
62.6206239788
9.9024602005
8.5005309942
-45.4789534330
-1.5804371969
11.6853546043
-13.7705444215
-6.8603203671
-20.0068665110
9.5309188701
29.8032047409
-100.6502647517
-12.3978924088
-35.5813765200
114.8950679286
-0.5041525856
4.3164679567
-14.4238210786
-35.3905607003
-34.9299296134
47.0400080818
49.3488247143
4.9482038376
-22.6710591086
-4.8126825320
-2.9415237161
-4.6130084906
-16.3778522941
-8.4466298416
-45.4549496681
-18.4953372667
57.3436840625
56.5048057224
25.7276092646
-15.9738047290
-30.8057953511
18.3663606098
-2.2193734958
-91.4235647269
-41.1071209977
1.5471637239
18.1328296623
25.1709275429
8.9313488880
33.4669367834
-40.8064347685
1.4493971791
331.6104436273
-58.6504496418
-17.9486237125
-158.9447419511
97.0267160695
8.2400886031
-132.8419033951
12.1236539600
13.6922825663
-35.5758896402
-3.0915727424
-2.5049663587
-3.1219326075
-0.5951539155
1.6033772637
2.1378007764
-77.6727277734
25.4267416020
60.0749050569
-24.4846323683
-72.5054554880
93.1883691478
93.7204328397
34.2880204146
-116.7032539192
-11.4537862213
11.3777916913
-86.3350001723
25.3257389010
-0.4790756358
-7.9599162130
2.5996793665
2.0483908432
24.2419835003
-76.7011824437
0.5673293754
72.3677664676
-35.0179331409
-38.0698170181
118.5696646334
95.2474847242
24.5553807440
-120.8844970302
88.0291072087
23.2509761712
26.6311194197
-30.3422601431
-2.1887088699
11.1768654033
-44.2989647781
-15.3605549014
-36.4883588134
-39.6778890207
38.9275632519
-74.2995288016
-15.4896062662
-33.8057892597
98.3021434661
41.7796129994
-10.8234863921
-25.3222406742
