0.0000000000
40.7483104184
40.1249261472
41.4412197223
42.3047938782
45.8298139072
49.2541427932
44.7224437031
26.8142545251
15.1753286867
17.2765385982
7.6311497511
8.2738278488
11.6223640417
13.6433910114
36.4224446700
27.6118293641
34.4956828601
46.2856212224
38.7425766530
34.9229357991
34.4546406037
41.9039227816
48.4659518742
40.7483591139
37.3050415013
28.8953802499
10.4177532962
7.6311115352
11.6224129254
16.7958964006
18.4293081745
7.9986690882
1.2577382659
10.8485702297
5.3222267018
3.9782808719
10.2448347096
26.7494747916
18.7205230769
36.8885107922
29.2638194673
41.5790589896
43.1319499655
41.4414216580
42.3047299340
45.8298317915
29.5954506758
19.4117614231
11.7128756962
19.5664037054
10.3533103522
5.3222515516
10.2448493308
12.9022499652
8.6147627803
7.8436942836
15.0175503151
28.6255299241
17.8519503553
20.3435075550
25.5707140034
32.6171116899
39.0404233650
32.7886029844
29.8719923628
38.6705563535
45.2446698315
42.9131319995
43.5128513348
46.8270964979
22.8673211795
21.7187471955
23.6906235468
28.2020669492
34.4956477190
16.2292973328
21.1119363301
21.4258915818
20.3434629384
25.5706323004
32.6170581625
27.2512767435
30.3050150885
35.8173003069
43.1814192381
41.5516844748
39.0843119223
39.6130751051
42.9155802651
36.9474432404
39.0404667893
41.5516991587
39.6131542980
48.1324852351
42.3433214775
39.6648801918
40.0163607067
43.1319325205
43.5127599053
