-2.9305274256
-3.7848335387
0.0000000000
6.1145114612
-1.7074109707
-0.0000000000
-3.1839852215
5.4922445094
-0.0000000000
-455.3349754783
26.5741991195
-0.0000000000
487.7230330334
-39.2638187394
0.0000000000
-32.3880575551
12.6896196199
-0.0000000000
-494.9090086680
-30.9942371199
0.0000000000
469.5144720975
28.0249683150
-0.0000000000
25.3945365705
2.9692688049
0.0000000000
-498.7633739108
85.3159667105
0.0000000000
481.8200065759
-5.0713461637
-0.0000000000
16.9433661491
-80.2446217326
-0.0000000000
-525.9567152949
59.9463885058
0.0000000000
477.0161241594
16.6097657564
-0.0000000000
48.9405923213
-76.5561542621
-0.0000000000
-548.3483028445
32.4948329232
0.0000000000
472.6613915309
32.8121707119
-0.0000000000
75.6869124994
-65.3070036351
0.0000000000
-97.8677893986
-441.5810944746
0.0000000000
179.7858750720
-42.2579771314
0.0000000000
-81.9180856734
483.8390716061
-0.0000000000
-31.1371177460
-443.8186551922
0.0000000000
168.9022239226
-16.1800945695
0.0000011858
-137.7651061766
459.9987497616
-0.0000011858
-146.0556131215
-130.5879733479
0.0000000000
190.3065869715
-65.8748180189
-0.0000011858
-44.2509738500
196.4627913667
0.0000000000
-116.3311742177
-150.2437696773
-0.0000000000
169.6738722731
-11.2170760379
-0.0000000000
-53.3426980555
161.4608469010
0.0000000000
-138.5241632824
26.4152171636
-0.0000000000
187.4715409778
-57.9533324952
0.0000000000
-48.9473788813
31.5381153317
-0.0000000000
-163.9030372836
2.5325110406
-0.0000000000
170.5171773524
-6.1175460247
0.0000000000
-6.6141400687
3.5850349841
-0.0000000000
-176.1989581605
-16.4220011020
0.0000000000
164.1097813007
13.5328938673
0.0000000000
12.0891768599
2.8891072346
-0.0000000000
-184.3289557880
-35.3323241181
-0.0000000000
158.4053983900
28.1202149507
0.0000000000
25.9235573981
7.2121091674
-0.0000000000
-163.2156013314
97.2517706356
0.0000000000
177.6234420357
-23.8979275599
0.0000000000
-14.4078418901
-73.3538442615
-0.0000000000
-114.4785975080
141.9328010704
0.0000000000
191.1372391423
-70.0355816802
0.0000000000
-76.6586428202
-71.8972193901
-0.0000000000
-139.9788457485
143.2364834668
-0.0000000000
183.4041799716
-42.5791380669
0.0000000000
-43.4253342231
-100.6573453999
0.0000000000
-283.6537815444
29.6999525022
-0.0000000000
160.8818061739
43.7508211013
0.0000000000
122.7719753705
-73.4507747894
-0.0000000000
-115.7283633359
155.6282498283
-0.0000000000
188.3597407580
-60.6338647765
-0.0000000000
-72.6313774221
-94.9943850518
0.0000000000
-143.7998296070
156.7387743719
-0.0000000000
182.2594297259
-35.7212486710
0.0000000000
-38.4595989330
-121.0175257009
-0.0000000000
-178.0531831872
147.1739250736
-0.0000000000
177.7653312999
-13.2476674289
0.0000000000
0.2878518873
-133.9262564589
0.0000000000
-213.8939692319
127.5761506894
0.0000000000
174.1918440217
6.8902153831
-0.0000000000
39.7021252102
-134.4663660725
-0.0000000000
-275.7249224702
68.1394988878
0.0000000000
167.9558729407
38.0416628146
-0.0000000000
107.7690495294
-106.1811617024
-0.0000000000
-12.1745110624
-443.4709077331
0.0000000000
28.4501854885
-57.6251110709
-0.0000000000
-16.2756756119
501.0960188040
0.0000000000
58.6666885291
-452.3214796001
0.0000000000
14.9458193641
-31.4109435226
-0.0000000000
-73.6125090791
483.7324231228
0.0000000000
194.7433725844
-444.1950371197
0.0000000000
-4.6638039294
8.9915753090
-0.0000000000
-190.0795686550
435.2034618107
-0.0000000000
-11.9209263817
-135.5025716774
0.0000000000
40.9822176998
-81.6945940439
-0.0000000000
-29.0612913181
217.1971645354
0.0000000000
28.1803263452
-148.5441556019
0.0000000000
14.3137289171
-26.9916063534
-0.0000011858
-42.4940552623
175.5357619553
0.0000000000
43.4903170466
-158.0478772411
0.0000000000
5.1263430321
-5.5057773107
-0.0000000000
-48.6166600787
163.5536545518
0.0000000000
77.9789862628
-170.7195693381
0.0000000000
-9.1389277361
25.3088466161
-0.0000000000
-68.8400585267
145.4107227220
0.0000000000
99.6882179971
-165.7816740040
0.0000000000
-15.3187267816
32.9123978738
-0.0000000000
-84.3694912154
132.8692761303
0.0000000000
24.2124892981
17.9653879268
-0.0000000000
36.0333320044
-73.8618354098
0.0000000000
-60.2458213025
55.8964474831
0.0000000000
20.0040299827
17.8860161257
0.0000000000
23.3482600793
-46.2430527287
0.0000000000
-43.3522912478
28.3570366030
-0.0000000000
-13.8898114239
-21.7816474003
-0.0000000000
-0.2345175660
15.4690283918
-0.0000000000
14.1243289899
6.3126201944
0.0000000000
-21.7527579763
-53.6376661661
0.0000000000
-11.3761125425
35.8433320423
0.0000000000
33.1288705188
17.7943341238
-0.0000000000
-2.3375234372
91.1700179930
0.0000000000
13.3540929743
-17.7890286775
-0.0000000000
-11.0165695371
-73.3809893155
0.0000000000
-28.8762872982
74.6725192279
0.0000000000
7.2391486817
1.9420862534
-0.0000000000
21.6371386165
-76.6146054812
0.0000000000
-73.0477506039
26.1343783316
-0.0000000000
-2.6235633616
31.2711899556
0.0000000000
75.6713139655
-57.4055682872
-0.0000000000
45.5048770722
134.1032370882
-0.0000000000
27.9296351131
-57.7942995482
0.0000000000
-73.4345121853
-76.3089375400
-0.0000000000
20.9975702651
136.9812389350
0.0000000000
19.4358195285
-34.5112464161
-0.0000000000
-40.4333897936
-102.4699925189
0.0000000000
45.2219404900
148.6456326388
0.0000000000
25.0043218242
-50.3241255980
-0.0000000000
-70.2262623142
-98.3215070407
-0.0000000000
-83.3536381753
98.2017574016
0.0000000000
6.7615280711
23.5256391506
-0.0000000000
76.5921101043
-121.7273965523
-0.0000000000
-131.4371341030
35.6248505851
-0.0000000000
0.5675724725
44.1193966469
0.0000000000
130.8695628163
-79.7442472319
-0.0000000000
-86.4072284758
98.9996021345
-0.0000000000
8.9217400298
25.0797661246
0.0000000000
77.4854884459
-124.0793682590
0.0000000000
207.4792375765
-461.5169386810
0.0000000000
-81.9309982807
-3.6879172409
-0.0000000000
-125.5482392959
465.2048559219
0.0000000000
276.2144678837
-451.5848396059
0.0000000000
-90.0561837711
12.0796664264
-0.0000000000
-186.1582841126
439.5051731796
0.0000000000
344.1352279870
-428.1504401390
-0.0000000000
-97.0775719860
23.8634658757
-0.0000000000
-247.0576560010
404.2869742634
0.0000000000
66.5705133438
-144.0907812790
0.0000000000
-46.2974744649
-65.6074467671
0.0000000000
-20.2730388789
209.6982268603
-0.0000000000
90.1682361254
-148.5941470414
0.0000000000
-61.0474820671
-40.9656847242
-0.0000011858
-29.1207552442
189.5598317656
0.0000000000
124.9156436812
-164.7753586717
0.0000000000
-80.7631609240
-1.0116765131
0.0000000000
-44.1524827572
165.7870351848
-0.0000000000
104.2014274138
10.4511837528
0.0000000000
-50.4463097658
-59.7655301811
-0.0000000000
-53.7551164622
49.3143464283
-0.0000000000
100.7279609615
11.0925842263
0.0000000000
-63.0723268794
-36.6041216597
-0.0000000000
-37.6556340821
25.5115386192
-0.0000000000
91.1076357157
4.1077850919
0.0000000000
-72.4199410378
-16.1717177986
0.0000000000
-18.6876958637
12.0639327067
-0.0000000000
63.6184356554
-44.4047262534
-0.0000000000
-90.6278722929
28.4278905184
0.0000000000
27.0094366375
15.9768357350
-0.0000000000
104.0832834016
93.0614096040
0.0000000000
-64.9136072811
-32.1340732464
-0.0000000000
-39.1696749346
-60.9273363576
0.0000000000
80.2349986443
86.1165424319
0.0000000000
-72.5731135656
-12.8195164883
-0.0000000000
-7.6618850787
-73.2970259435
0.0000000000
54.4489061429
70.3217235868
0.0000000000
-78.3644197039
4.4359377376
0.0000000000
23.9155123751
-74.7576601386
-0.0000000000
11.7385786425
22.7430621025
0.0000000000
-87.3184406590
30.6675383136
0.0000000000
75.5798632024
-53.4106016019
-0.0000000000
127.5467632127
128.1427057115
-0.0000000000
-57.7006964862
-47.3883875933
0.0000000000
-69.8460667265
-80.7543181182
0.0000000000
73.2789086863
124.9544514676
-0.0000000000
-72.5600847461
-9.6649187435
0.0000000000
-0.7188239402
-115.2895327241
-0.0000000000
10.7513802302
83.1062340905
-0.0000000000
-80.7246258808
21.2079227920
0.0000000000
69.9732456506
-104.3141568825
-0.0000000000
-14.1917890323
54.0506597051
-0.0000000000
-84.0616413293
32.6072635603
-0.0000000000
98.2534303617
-86.6579232654
0.0000000000
-32.0136500505
25.2786160075
-0.0000000000
-87.7047385772
39.9284830140
0.0000000000
119.7183886276
-65.2070990215
-0.0000000000
128.0199997744
143.3015659009
-0.0000000000
-60.4998044253
-41.4948193924
0.0000000000
-67.5201953491
-101.8067465085
0.0000000000
101.6429453004
147.1942800102
-0.0000000000
-67.6144458795
-23.6954525654
0.0000000000
-34.0284994209
-123.4988274448
-0.0000000000
68.7516980615
139.9262051434
-0.0000000000
-72.3866118304
-6.8246514981
0.0000000000
3.6349137688
-133.1015536453
-0.0000000000
-25.3118076575
65.6879130982
-0.0000000000
-80.9728315931
34.0833741478
0.0000000000
106.2846392507
-99.7712884318
-0.0000000000
98.7685709368
149.3152513511
0.0000000000
-68.4534582194
-19.9954599200
-0.0000000000
-30.3151139032
-129.3197914311
0.0000000000
65.7934895825
141.8568504165
-0.0000000000
-72.0887194393
-4.3667772012
0.0000000000
6.2952298568
-137.4900732153
-0.0000000000
31.3153031882
124.1840695937
0.0000000000
-74.5847825143
10.4217784885
0.0000000000
43.2694793261
-134.6058480822
-0.0000000000
-0.8685373740
98.1780417957
-0.0000000000
-76.4675815317
23.7712787061
-0.0000000000
77.3361189057
-121.9493205019
0.0000000000
145.8333844112
-162.1022319587
0.0000000000
-115.0852303507
-13.6914418060
-0.0000000000
-30.7481540604
175.7936737647
0.0000000000
162.9636697111
-170.4622883954
0.0000000000
-122.7518172834
2.3673105418
-0.0000000000
-40.2118536135
168.0949778535
0.0000000000
180.6174521978
-177.9389832774
0.0000000000
-128.7750013088
15.9846267011
0.0000000000
-51.8424508890
161.9543565763
-0.0000000000
200.7350251351
-181.2360703212
-0.0000000000
-133.9986887268
26.4495080869
0.0000000000
-66.7363364084
154.7865622343
-0.0000000000
224.2138544539
-176.2653046996
-0.0000000000
-139.2525415322
32.8131075251
-0.0000000000
-84.9613129217
143.4521971745
0.0000000000
108.9614657832
-30.8151148644
0.0000000000
-126.4226987527
17.7766579989
-0.0000000000
17.4612341554
13.0384568655
0.0000000000
103.5493199946
-48.3810776288
0.0000000000
-130.7792030256
28.2260523197
-0.0000000000
27.2298818451
20.1550253090
-0.0000000000
142.7701295181
88.3923595203
0.0000000000
-107.7602849890
-25.4619871262
-0.0000000000
-35.0098445290
-62.9303723941
-0.0000000000
70.8151775276
44.8043933270
0.0000000000
-124.0957506329
19.4405000373
-0.0000000000
53.2805731053
-64.2448933644
0.0000000000
52.2792205117
19.7425250794
0.0000000000
-127.5535592594
29.8897354556
-0.0000000000
75.2743387477
-49.6322617208
0.0000000000
40.5780551082
-4.1608502276
0.0000000000
-131.3194964442
36.6011404590
-0.0000000000
90.7414413360
-32.4402902314
-0.0000000000
81.4012386751
105.1310331549
0.0000000000
-118.8731992493
7.9622321577
0.0000000000
37.4719605742
-113.0932653126
-0.0000000000
51.5691385809
80.8694524696
0.0000000000
-121.8587199857
20.8302020516
-0.0000000000
70.2895825906
-101.6996545212
-0.0000000000
26.8600315220
52.0403521002
0.0000000000
-124.4334374289
31.2729675291
0.0000000000
97.5734059069
-83.3133196294
-0.0000000000
9.3008149991
22.9338696213
0.0000000000
-127.3654839150
38.3000869067
-0.0000000000
118.0646689159
-61.2339565280
-0.0000000000
141.7893536130
143.8402145600
-0.0000000000
-110.0400023039
-19.1199521809
-0.0000000000
-31.7493501232
-124.7202623791
0.0000000000
109.3810146434
137.2493074605
0.0000000000
-114.6183083849
-4.4976108828
-0.0000000000
5.2372937414
-132.7516977635
0.0000000000
75.1907655169
120.3576711917
-0.0000000000
-117.6698305810
9.3662567425
0.0000000000
42.4790638783
-129.7239279342
-0.0000000000
43.1130611553
95.1436371940
-0.0000000000
-119.7865672889
21.8483034435
0.0000000000
76.6735061336
-116.9919406375
-0.0000000000
195.0725154061
-182.1402409889
-0.0000000000
-144.9503667500
16.8179375243
-0.0000000000
-50.1221486562
165.3223034647
0.0000000000
174.2579794813
80.9852757938
-0.0000000000
-117.0077431359
-35.1109764866
0.0000000000
-57.2502363454
-45.8742993072
-0.0000000000
158.7489171450
124.8721850320
0.0000000000
-127.4820021412
-17.6491494114
0.0000000000
-31.2669150039
-107.2230356206
-0.0000000000
97.6976830815
102.9309995169
-0.0000000000
-136.2278323549
8.6457749986
0.0000000000
38.5301480876
-111.5767745155
-0.0000000000
178.1652224972
-178.8433460512
0.0000000000
-143.7568429220
6.3494583011
0.0000000000
-34.4083795752
172.4938865642
-0.0000000000
153.5515340208
-2.5727785955
0.0000000000
-131.2346638518
-17.4339420573
-0.0000000000
-22.3168701689
20.0067194669
-0.0000000000
145.3856090113
-8.7193255131
-0.0000000000
-137.9802376371
-4.6045783570
0.0000000000
-7.4053713742
13.3239038701
-0.0000000000
135.2947224579
-20.6636378373
0.0000000000
-142.3968995522
7.3015179148
-0.0000000000
7.1021770943
13.3621211083
0.0000000000
126.2095749187
-36.5825998571
0.0000000000
-145.1852981740
17.9141122230
-0.0000000000
18.9757220694
18.6684876341
0.0000000000
112.3878793066
61.4110735288
0.0000000000
-141.1521450823
8.1885698023
0.0000000000
28.7642657758
-69.5996421452
-0.0000000000
