bin_index  r_left_A  r_right_A  r_center_A  shell_volume_A3  counts  normalization  g_r
0.000000000000000000e+00 0.000000000000000000e+00 2.000000000000000042e-02 1.000000000000000021e-02 3.351032163829113108e-05 0.000000000000000000e+00 2.241811895783849679e-03 0.000000000000000000e+00
1.000000000000000000e+00 2.000000000000000042e-02 4.000000000000000083e-02 2.999999999999999889e-02 2.345722514680378837e-04 0.000000000000000000e+00 1.569268327048695122e-02 0.000000000000000000e+00
2.000000000000000000e+00 4.000000000000000083e-02 5.999999999999999778e-02 5.000000000000000278e-02 6.366961111275311856e-04 0.000000000000000000e+00 4.259442601989318899e-02 0.000000000000000000e+00
3.000000000000000000e+00 5.999999999999999778e-02 8.000000000000000167e-02 7.000000000000000666e-02 1.239881900616772318e-03 0.000000000000000000e+00 8.294704014400226810e-02 0.000000000000000000e+00
4.000000000000000000e+00 8.000000000000000167e-02 1.000000000000000056e-01 8.999999999999999667e-02 2.044129619935759409e-03 0.000000000000000000e+00 1.367505256428150628e-01 0.000000000000000000e+00
5.000000000000000000e+00 1.000000000000000056e-01 1.199999999999999956e-01 1.100000000000000006e-01 3.049439269084490076e-03 0.000000000000000000e+00 2.040048825163302548e-01 0.000000000000000000e+00
6.000000000000000000e+00 1.199999999999999956e-01 1.400000000000000133e-01 1.300000000000000044e-01 4.255810848062977110e-03 0.000000000000000000e+00 2.847101107645492735e-01 0.000000000000000000e+00
7.000000000000000000e+00 1.400000000000000133e-01 1.600000000000000033e-01 1.500000000000000222e-01 5.663244356871199696e-03 0.000000000000000000e+00 3.788662103874710363e-01 0.000000000000000000e+00
8.000000000000000000e+00 1.600000000000000033e-01 1.799999999999999933e-01 1.699999999999999845e-01 7.271739795509169109e-03 0.000000000000000000e+00 4.864731813850947661e-01 0.000000000000000000e+00
9.000000000000000000e+00 1.799999999999999933e-01 2.000000000000000111e-01 1.900000000000000022e-01 9.081297163976905298e-03 0.000000000000000000e+00 6.075310237574247374e-01 0.000000000000000000e+00
1.000000000000000000e+01 2.000000000000000111e-01 2.200000000000000011e-01 2.100000000000000200e-01 1.109191646227435275e-02 0.000000000000000000e+00 7.420397375044532895e-01 0.000000000000000000e+00
1.100000000000000000e+01 2.200000000000000011e-01 2.399999999999999911e-01 2.299999999999999822e-01 1.330359769040156959e-02 0.000000000000000000e+00 8.899993226261869728e-01 0.000000000000000000e+00
1.200000000000000000e+01 2.399999999999999911e-01 2.600000000000000089e-01 2.500000000000000000e-01 1.571634084835855233e-02 0.000000000000000000e+00 1.051409779122628008e+00 0.000000000000000000e+00
1.300000000000000000e+01 2.600000000000000089e-01 2.800000000000000266e-01 2.700000000000000178e-01 1.833014593614526455e-02 0.000000000000000000e+00 1.226271106993767068e+00 0.000000000000000000e+00
1.400000000000000000e+01 2.800000000000000266e-01 2.999999999999999889e-01 2.900000000000000355e-01 2.114501295376165768e-02 0.000000000000000000e+00 1.414583306239610039e+00 0.000000000000000000e+00
1.500000000000000000e+01 2.999999999999999889e-01 3.200000000000000067e-01 3.099999999999999978e-01 2.416094190120793989e-02 0.000000000000000000e+00 1.616346376860163137e+00 0.000000000000000000e+00
1.600000000000000000e+01 3.200000000000000067e-01 3.400000000000000244e-01 3.300000000000000155e-01 2.737793277848384749e-02 0.000000000000000000e+00 1.831560318855403935e+00 0.000000000000000000e+00
1.700000000000000000e+01 3.400000000000000244e-01 3.599999999999999867e-01 3.499999999999999778e-01 3.079598558558950191e-02 0.000000000000000000e+00 2.060225132225355082e+00 0.000000000000000000e+00
1.800000000000000000e+01 3.599999999999999867e-01 3.800000000000000044e-01 3.699999999999999956e-01 3.441510032252501766e-02 0.000000000000000000e+00 2.302340816970017467e+00 0.000000000000000000e+00
1.900000000000000000e+01 3.800000000000000044e-01 4.000000000000000222e-01 3.900000000000000133e-01 3.823527698929021779e-02 0.000000000000000000e+00 2.557907373089377323e+00 0.000000000000000000e+00
2.000000000000000000e+01 4.000000000000000222e-01 4.199999999999999845e-01 4.100000000000000311e-01 4.225651558588498780e-02 0.000000000000000000e+00 2.826924800583430653e+00 0.000000000000000000e+00
2.100000000000000000e+01 4.199999999999999845e-01 4.400000000000000022e-01 4.299999999999999933e-01 4.647881611230982729e-02 0.000000000000000000e+00 3.109393099452200548e+00 0.000000000000000000e+00
2.200000000000000000e+01 4.400000000000000022e-01 4.600000000000000200e-01 4.500000000000000111e-01 5.090217856856425749e-02 0.000000000000000000e+00 3.405312269695663474e+00 0.000000000000000000e+00
2.300000000000000000e+01 4.600000000000000200e-01 4.799999999999999822e-01 4.699999999999999734e-01 5.552660295464829227e-02 0.000000000000000000e+00 3.714682311313834973e+00 0.000000000000000000e+00
2.400000000000000000e+01 4.799999999999999822e-01 5.000000000000000000e-01 4.899999999999999911e-01 6.035208927056238959e-02 0.000000000000000000e+00 4.037503224306722593e+00 0.000000000000000000e+00
2.500000000000000000e+01 5.000000000000000000e-01 5.200000000000000178e-01 5.100000000000000089e-01 6.537863751630602904e-02 0.000000000000000000e+00 4.373775008674287257e+00 0.000000000000000000e+00
2.600000000000000000e+01 5.200000000000000178e-01 5.400000000000000355e-01 5.300000000000000266e-01 7.060624769187943961e-02 0.000000000000000000e+00 4.723497664416576924e+00 0.000000000000000000e+00
2.700000000000000000e+01 5.400000000000000355e-01 5.600000000000000533e-01 5.500000000000000444e-01 7.603491979728267680e-02 0.000000000000000000e+00 5.086671191533561398e+00 0.000000000000000000e+00
2.800000000000000000e+01 5.600000000000000533e-01 5.799999999999999600e-01 5.700000000000000622e-01 8.166465383251506061e-02 0.000000000000000000e+00 5.463295590025222914e+00 0.000000000000000000e+00
2.900000000000000000e+01 5.799999999999999600e-01 5.999999999999999778e-01 5.899999999999999689e-01 8.749544979757820085e-02 0.000000000000000000e+00 5.853370859891636968e+00 0.000000000000000000e+00
3.000000000000000000e+01 5.999999999999999778e-01 6.199999999999999956e-01 6.099999999999999867e-01 9.352730769247058484e-02 0.000000000000000000e+00 6.256897001132730729e+00 0.000000000000000000e+00
3.100000000000000000e+01 6.199999999999999956e-01 6.400000000000000133e-01 6.300000000000000044e-01 9.976022751719292037e-02 0.000000000000000000e+00 6.673874013748568146e+00 0.000000000000000000e+00
3.200000000000000000e+01 6.400000000000000133e-01 6.600000000000000311e-01 6.500000000000000222e-01 1.061942092717445135e-01 0.000000000000000000e+00 7.104301897739025762e+00 0.000000000000000000e+00
3.300000000000000000e+01 6.600000000000000311e-01 6.800000000000000488e-01 6.700000000000000400e-01 1.128292529561262802e-01 0.000000000000000000e+00 7.548180653104244797e+00 0.000000000000000000e+00
3.400000000000000000e+01 6.800000000000000488e-01 7.000000000000000666e-01 6.900000000000000577e-01 1.196653585703377626e-01 0.000000000000000000e+00 8.005510279844155974e+00 0.000000000000000000e+00
3.500000000000000000e+01 7.000000000000000666e-01 7.199999999999999734e-01 7.099999999999999645e-01 1.267025261143782666e-01 0.000000000000000000e+00 8.476290777958706002e+00 0.000000000000000000e+00
3.600000000000000000e+01 7.199999999999999734e-01 7.399999999999999911e-01 7.299999999999999822e-01 1.339407555882496381e-01 0.000000000000000000e+00 8.960522147448068964e+00 0.000000000000000000e+00
3.700000000000000000e+01 7.399999999999999911e-01 7.600000000000000089e-01 7.500000000000000000e-01 1.413800469919505032e-01 0.000000000000000000e+00 9.458204388312061894e+00 0.000000000000000000e+00
3.800000000000000000e+01 7.600000000000000089e-01 7.800000000000000266e-01 7.700000000000000178e-01 1.490204003254806120e-01 0.000000000000000000e+00 9.969337500550780717e+00 0.000000000000000000e+00
3.900000000000000000e+01 7.800000000000000266e-01 8.000000000000000444e-01 7.900000000000000355e-01 1.568618155888411303e-01 0.000000000000000000e+00 1.049392148416425030e+01 0.000000000000000000e+00
4.000000000000000000e+01 8.000000000000000444e-01 8.200000000000000622e-01 8.100000000000000533e-01 1.649042927820304483e-01 0.000000000000000000e+00 1.103195633915231078e+01 0.000000000000000000e+00
4.100000000000000000e+01 8.200000000000000622e-01 8.399999999999999689e-01 8.300000000000000711e-01 1.731478319050494818e-01 0.000000000000000000e+00 1.158344206551510780e+01 0.000000000000000000e+00
4.200000000000000000e+01 8.399999999999999689e-01 8.599999999999999867e-01 8.499999999999999778e-01 1.815924329578998409e-01 0.000000000000000000e+00 1.214837866325270532e+01 0.000000000000000000e+00
4.300000000000000000e+01 8.599999999999999867e-01 8.800000000000000044e-01 8.699999999999999956e-01 1.902380959405787497e-01 0.000000000000000000e+00 1.272676613236494347e+01 0.000000000000000000e+00
4.400000000000000000e+01 8.800000000000000044e-01 9.000000000000000222e-01 8.900000000000000133e-01 1.990848208530880958e-01 0.000000000000000000e+00 1.331860447285187021e+01 0.000000000000000000e+00
4.500000000000000000e+01 9.000000000000000222e-01 9.200000000000000400e-01 9.100000000000000311e-01 2.081326076954259918e-01 0.000000000000000000e+00 1.392389368471349798e+01 0.000000000000000000e+00
4.600000000000000000e+01 9.200000000000000400e-01 9.400000000000000577e-01 9.300000000000000488e-01 2.173814564675947414e-01 0.000000000000000000e+00 1.454263376794986584e+01 0.000000000000000000e+00
4.700000000000000000e+01 9.400000000000000577e-01 9.599999999999999645e-01 9.499999999999999556e-01 2.268313671695915967e-01 0.000000000000000000e+00 1.517482472256082460e+01 0.000000000000000000e+00
4.800000000000000000e+01 9.599999999999999645e-01 9.799999999999999822e-01 9.699999999999999734e-01 2.364823398014207212e-01 0.000000000000000000e+00 1.582046654854667977e+01 0.000000000000000000e+00
4.900000000000000000e+01 9.799999999999999822e-01 1.000000000000000000e+00 9.899999999999999911e-01 2.463343743630783955e-01 0.000000000000000000e+00 1.647955924590710097e+01 0.000000000000000000e+00
5.000000000000000000e+01 1.000000000000000000e+00 1.020000000000000018e+00 1.010000000000000009e+00 2.563874708545660352e-01 0.000000000000000000e+00 1.715210281464230491e+01 0.000000000000000000e+00
5.100000000000000000e+01 1.020000000000000018e+00 1.040000000000000036e+00 1.030000000000000027e+00 2.666416292758821971e-01 0.000000000000000000e+00 1.783809725475208552e+01 0.000000000000000000e+00
5.200000000000000000e+01 1.040000000000000036e+00 1.060000000000000053e+00 1.050000000000000044e+00 2.770968496270292403e-01 0.000000000000000000e+00 1.853754256623664887e+01 0.000000000000000000e+00
5.300000000000000000e+01 1.060000000000000053e+00 1.080000000000000071e+00 1.070000000000000062e+00 2.877531319080062766e-01 0.000000000000000000e+00 1.925043874909597008e+01 0.000000000000000000e+00
5.400000000000000000e+01 1.080000000000000071e+00 1.100000000000000089e+00 1.090000000000000080e+00 2.986104761188131951e-01 0.000000000000000000e+00 1.997678580332997811e+01 0.000000000000000000e+00
5.500000000000000000e+01 1.100000000000000089e+00 1.120000000000000107e+00 1.110000000000000098e+00 3.096688822594482748e-01 0.000000000000000000e+00 2.071658372893857347e+01 0.000000000000000000e+00
5.600000000000000000e+01 1.120000000000000107e+00 1.140000000000000124e+00 1.130000000000000115e+00 3.209283503299141804e-01 0.000000000000000000e+00 2.146983252592195157e+01 0.000000000000000000e+00
5.700000000000000000e+01 1.140000000000000124e+00 1.159999999999999920e+00 1.149999999999999911e+00 3.323888803302063044e-01 0.000000000000000000e+00 2.223653219427977490e+01 0.000000000000000000e+00
5.800000000000000000e+01 1.159999999999999920e+00 1.179999999999999938e+00 1.169999999999999929e+00 3.440504722603358601e-01 0.000000000000000000e+00 2.301668273401284281e+01 0.000000000000000000e+00
5.900000000000000000e+01 1.179999999999999938e+00 1.199999999999999956e+00 1.189999999999999947e+00 3.559131261202897467e-01 0.000000000000000000e+00 2.381028414512028135e+01 0.000000000000000000e+00
6.000000000000000000e+01 1.199999999999999956e+00 1.219999999999999973e+00 1.209999999999999964e+00 3.679768419100754584e-01 0.000000000000000000e+00 2.461733642760252394e+01 0.000000000000000000e+00
6.100000000000000000e+01 1.219999999999999973e+00 1.239999999999999991e+00 1.229999999999999982e+00 3.802416196296892759e-01 0.000000000000000000e+00 2.543783958145935742e+01 0.000000000000000000e+00
6.200000000000000000e+01 1.239999999999999991e+00 1.260000000000000009e+00 1.250000000000000000e+00 3.927074592791348628e-01 0.000000000000000000e+00 2.627179360669103758e+01 0.000000000000000000e+00
6.300000000000000000e+01 1.260000000000000009e+00 1.280000000000000027e+00 1.270000000000000018e+00 4.053743608584085556e-01 0.000000000000000000e+00 2.711919850329729798e+01 0.000000000000000000e+00
6.400000000000000000e+01 1.280000000000000027e+00 1.300000000000000044e+00 1.290000000000000036e+00 4.182423243675102986e-01 0.000000000000000000e+00 2.798005427127817057e+01 0.000000000000000000e+00
6.500000000000000000e+01 1.300000000000000044e+00 1.320000000000000062e+00 1.310000000000000053e+00 4.313113498064457541e-01 0.000000000000000000e+00 2.885436091063404263e+01 0.000000000000000000e+00
6.600000000000000000e+01 1.320000000000000062e+00 1.340000000000000080e+00 1.330000000000000071e+00 4.445814371752093153e-01 0.000000000000000000e+00 2.974211842136442385e+01 0.000000000000000000e+00
6.700000000000000000e+01 1.340000000000000080e+00 1.360000000000000098e+00 1.350000000000000089e+00 4.580525864738009267e-01 0.000000000000000000e+00 3.064332680346948479e+01 0.000000000000000000e+00
6.800000000000000000e+01 1.360000000000000098e+00 1.380000000000000115e+00 1.370000000000000107e+00 4.717247977022261951e-01 0.000000000000000000e+00 3.155798605694940306e+01 0.000000000000000000e+00
6.900000000000000000e+01 1.380000000000000115e+00 1.400000000000000133e+00 1.390000000000000124e+00 4.855980708604759055e-01 0.000000000000000000e+00 3.248609618180377367e+01 0.000000000000000000e+00
7.000000000000000000e+01 1.400000000000000133e+00 1.419999999999999929e+00 1.410000000000000142e+00 4.996724059485536107e-01 0.000000000000000000e+00 3.342765717803262504e+01 0.000000000000000000e+00
7.100000000000000000e+01 1.419999999999999929e+00 1.439999999999999947e+00 1.429999999999999938e+00 5.139478029664724668e-01 0.000000000000000000e+00 3.438266904563710114e+01 0.000000000000000000e+00
7.200000000000000000e+01 1.439999999999999947e+00 1.459999999999999964e+00 1.449999999999999956e+00 5.284242619142119901e-01 0.000000000000000000e+00 3.535113178461554639e+01 0.000000000000000000e+00
7.300000000000000000e+01 1.459999999999999964e+00 1.479999999999999982e+00 1.469999999999999973e+00 5.431017827917851148e-01 0.000000000000000000e+00 3.633304539496893426e+01 0.000000000000000000e+00
7.400000000000000000e+01 1.479999999999999982e+00 1.500000000000000000e+00 1.489999999999999991e+00 5.579803655991864009e-01 0.000000000000000000e+00 3.732840987669703026e+01 0.000000000000000000e+00
7.500000000000000000e+01 1.500000000000000000e+00 1.520000000000000018e+00 1.510000000000000009e+00 5.730600103364176245e-01 0.000000000000000000e+00 3.833722522979973490e+01 0.000000000000000000e+00
7.600000000000000000e+01 1.520000000000000018e+00 1.540000000000000036e+00 1.530000000000000027e+00 5.883407170034768985e-01 0.000000000000000000e+00 3.935949145427715479e+01 0.000000000000000000e+00
7.700000000000000000e+01 1.540000000000000036e+00 1.560000000000000053e+00 1.550000000000000044e+00 6.038224856003679974e-01 0.000000000000000000e+00 4.039520855012928280e+01 0.000000000000000000e+00
7.800000000000000000e+01 1.560000000000000053e+00 1.580000000000000071e+00 1.570000000000000062e+00 6.195053161270890341e-01 0.000000000000000000e+00 4.144437651735615447e+01 0.000000000000000000e+00
7.900000000000000000e+01 1.580000000000000071e+00 1.600000000000000089e+00 1.590000000000000080e+00 6.353892085836400083e-01 0.000000000000000000e+00 4.250699535595774847e+01 0.000000000000000000e+00
8.000000000000000000e+01 1.600000000000000089e+00 1.620000000000000107e+00 1.610000000000000098e+00 6.514741629700153691e-01 0.000000000000000000e+00 4.358306506593380192e+01 0.000000000000000000e+00
8.100000000000000000e+01 1.620000000000000107e+00 1.640000000000000124e+00 1.630000000000000115e+00 6.677601792862282171e-01 0.000000000000000000e+00 4.467258564728484771e+01 0.000000000000000000e+00
8.200000000000000000e+01 1.640000000000000124e+00 1.660000000000000142e+00 1.650000000000000133e+00 6.842472575322690043e-01 0.000000000000000000e+00 4.577555710001058742e+01 0.000000000000000000e+00
8.300000000000000000e+01 1.660000000000000142e+00 1.679999999999999938e+00 1.669999999999999929e+00 7.009353977081267395e-01 0.000000000000000000e+00 4.689197942411021813e+01 0.000000000000000000e+00
8.400000000000000000e+01 1.679999999999999938e+00 1.699999999999999956e+00 1.689999999999999947e+00 7.178245998138349515e-01 0.000000000000000000e+00 4.802185261958592832e+01 0.000000000000000000e+00
8.500000000000000000e+01 1.699999999999999956e+00 1.719999999999999973e+00 1.709999999999999964e+00 7.349148638493637753e-01 0.000000000000000000e+00 4.916517668643577110e+01 0.000000000000000000e+00
8.600000000000000000e+01 1.719999999999999973e+00 1.739999999999999991e+00 1.729999999999999982e+00 7.522061898147206493e-01 0.000000000000000000e+00 5.032195162466010885e+01 0.000000000000000000e+00
8.700000000000000000e+01 1.739999999999999991e+00 1.760000000000000009e+00 1.750000000000000000e+00 7.696985777099094594e-01 0.000000000000000000e+00 5.149217743425935367e+01 0.000000000000000000e+00
8.800000000000000000e+01 1.760000000000000009e+00 1.780000000000000027e+00 1.770000000000000018e+00 7.873920275349299835e-01 0.000000000000000000e+00 5.267585411523333505e+01 0.000000000000000000e+00
8.900000000000000000e+01 1.780000000000000027e+00 1.800000000000000044e+00 1.790000000000000036e+00 8.052865392897747832e-01 0.000000000000000000e+00 5.387298166758175455e+01 0.000000000000000000e+00
9.000000000000000000e+01 1.800000000000000044e+00 1.820000000000000062e+00 1.810000000000000053e+00 8.233821129744515188e-01 0.000000000000000000e+00 5.508356009130506692e+01 0.000000000000000000e+00
9.100000000000000000e+01 1.820000000000000062e+00 1.840000000000000080e+00 1.830000000000000071e+00 8.416787485889563047e-01 0.000000000000000000e+00 5.630758938640291689e+01 0.000000000000000000e+00
9.200000000000000000e+01 1.840000000000000080e+00 1.860000000000000098e+00 1.850000000000000089e+00 8.601764461332966905e-01 0.000000000000000000e+00 5.754506955287566683e+01 0.000000000000000000e+00
9.300000000000000000e+01 1.860000000000000098e+00 1.880000000000000115e+00 1.870000000000000107e+00 8.788752056074613517e-01 0.000000000000000000e+00 5.879600059072304674e+01 0.000000000000000000e+00
9.400000000000000000e+01 1.880000000000000115e+00 1.900000000000000133e+00 1.890000000000000124e+00 8.977750270114615017e-01 0.000000000000000000e+00 6.006038249994546163e+01 0.000000000000000000e+00
9.500000000000000000e+01 1.900000000000000133e+00 1.919999999999999929e+00 1.910000000000000142e+00 9.168759103452712722e-01 0.000000000000000000e+00 6.133821528054112093e+01 0.000000000000000000e+00
9.600000000000000000e+01 1.919999999999999929e+00 1.939999999999999947e+00 1.929999999999999938e+00 9.361778556089425107e-01 0.000000000000000000e+00 6.262949893251373368e+01 0.000000000000000000e+00
9.700000000000000000e+01 1.939999999999999947e+00 1.959999999999999964e+00 1.949999999999999956e+00 9.556808628024232588e-01 0.000000000000000000e+00 6.393423345585955531e+01 0.000000000000000000e+00
9.800000000000000000e+01 1.959999999999999964e+00 1.979999999999999982e+00 1.969999999999999973e+00 9.753849319257432704e-01 0.000000000000000000e+00 6.525241885058071034e+01 0.000000000000000000e+00
9.900000000000000000e+01 1.979999999999999982e+00 2.000000000000000000e+00 1.989999999999999991e+00 9.952900629788838938e-01 0.000000000000000000e+00 6.658405511667618271e+01 0.000000000000000000e+00
1.000000000000000000e+02 2.000000000000000000e+00 2.020000000000000018e+00 2.009999999999999787e+00 1.015396255961863892e+00 0.000000000000000000e+00 6.792914225414679663e+01 0.000000000000000000e+00
1.010000000000000000e+02 2.020000000000000018e+00 2.040000000000000036e+00 2.030000000000000249e+00 1.035703510874664390e+00 0.000000000000000000e+00 6.928768026299157157e+01 0.000000000000000000e+00
1.020000000000000000e+02 2.040000000000000036e+00 2.060000000000000053e+00 2.049999999999999822e+00 1.056211827717292939e+00 0.000000000000000000e+00 7.065966914321096226e+01 0.000000000000000000e+00
1.030000000000000000e+02 2.060000000000000053e+00 2.080000000000000071e+00 2.070000000000000284e+00 1.076921206489764637e+00 0.000000000000000000e+00 7.204510889480596347e+01 0.000000000000000000e+00
1.040000000000000000e+02 2.080000000000000071e+00 2.100000000000000089e+00 2.089999999999999858e+00 1.097831647192056836e+00 0.000000000000000000e+00 7.344399951777504043e+01 0.000000000000000000e+00
1.050000000000000000e+02 2.100000000000000089e+00 2.120000000000000107e+00 2.110000000000000320e+00 1.118943149824177308e+00 0.000000000000000000e+00 7.485634101211823577e+01 0.000000000000000000e+00
1.060000000000000000e+02 2.120000000000000107e+00 2.140000000000000124e+00 2.129999999999999893e+00 1.140255714386133157e+00 0.000000000000000000e+00 7.628213337783716952e+01 0.000000000000000000e+00
1.070000000000000000e+02 2.140000000000000124e+00 2.160000000000000142e+00 2.150000000000000355e+00 1.161769340877917056e+00 0.000000000000000000e+00 7.772137661493054850e+01 0.000000000000000000e+00
1.080000000000000000e+02 2.160000000000000142e+00 2.180000000000000160e+00 2.169999999999999929e+00 1.183484029299529006e+00 0.000000000000000000e+00 7.917407072339835850e+01 0.000000000000000000e+00
1.090000000000000000e+02 2.180000000000000160e+00 2.200000000000000178e+00 2.190000000000000391e+00 1.205399779650976555e+00 0.000000000000000000e+00 8.064021570324135268e+01 0.000000000000000000e+00
1.100000000000000000e+02 2.200000000000000178e+00 2.220000000000000195e+00 2.209999999999999964e+00 1.227516591932237500e+00 0.000000000000000000e+00 8.211981155445818104e+01 0.000000000000000000e+00
1.110000000000000000e+02 2.220000000000000195e+00 2.240000000000000213e+00 2.230000000000000426e+00 1.249834466143348699e+00 0.000000000000000000e+00 8.361285827705084728e+01 0.000000000000000000e+00
1.120000000000000000e+02 2.240000000000000213e+00 2.260000000000000231e+00 2.250000000000000000e+00 1.272353402284280399e+00 0.000000000000000000e+00 8.511935587101741874e+01 0.000000000000000000e+00
1.130000000000000000e+02 2.260000000000000231e+00 2.280000000000000249e+00 2.270000000000000462e+00 1.295073400355032822e+00 0.000000000000000000e+00 8.663930433635819384e+01 0.000000000000000000e+00
1.140000000000000000e+02 2.280000000000000249e+00 2.300000000000000266e+00 2.290000000000000036e+00 1.317994460355628394e+00 0.000000000000000000e+00 8.817270367307476420e+01 0.000000000000000000e+00
1.150000000000000000e+02 2.300000000000000266e+00 2.319999999999999840e+00 2.310000000000000053e+00 1.341116582286022041e+00 0.000000000000000000e+00 8.971955388116369079e+01 0.000000000000000000e+00
1.160000000000000000e+02 2.319999999999999840e+00 2.339999999999999858e+00 2.330000000000000071e+00 1.364439766146303468e+00 0.000000000000000000e+00 9.127985496063152482e+01 0.000000000000000000e+00
1.170000000000000000e+02 2.339999999999999858e+00 2.359999999999999876e+00 2.349999999999999645e+00 1.387964011936383191e+00 0.000000000000000000e+00 9.285360691147148771e+01 0.000000000000000000e+00
1.180000000000000000e+02 2.359999999999999876e+00 2.379999999999999893e+00 2.370000000000000107e+00 1.411689319656290964e+00 0.000000000000000000e+00 9.444080973368663479e+01 0.000000000000000000e+00
1.190000000000000000e+02 2.379999999999999893e+00 2.399999999999999911e+00 2.389999999999999680e+00 1.435615689306027010e+00 2.000000000000000000e+00 9.604146342727567287e+01 2.082433907844850884e-02
1.200000000000000000e+02 2.399999999999999911e+00 2.419999999999999929e+00 2.410000000000000142e+00 1.459743120885605761e+00 8.000000000000000000e+00 9.765556799224100359e+01 8.192057211356981727e-02
1.210000000000000000e+02 2.419999999999999929e+00 2.439999999999999947e+00 2.429999999999999716e+00 1.484071614394997907e+00 1.100000000000000000e+01 9.928312342857930162e+01 1.107942580786451942e-01
1.220000000000000000e+02 2.439999999999999947e+00 2.459999999999999964e+00 2.450000000000000178e+00 1.508601169834225431e+00 3.200000000000000000e+01 1.009241297362928265e+02 3.170698631101759313e-01
1.230000000000000000e+02 2.459999999999999964e+00 2.479999999999999982e+00 2.469999999999999751e+00 1.533331787203288554e+00 8.800000000000000000e+01 1.025785869153817345e+02 8.578788482687154104e-01
1.240000000000000000e+02 2.479999999999999982e+00 2.500000000000000000e+00 2.490000000000000213e+00 1.558263466502179728e+00 1.310000000000000000e+02 1.042464949658450166e+02 1.256636974153619413e+00
1.250000000000000000e+02 2.500000000000000000e+00 2.520000000000000018e+00 2.509999999999999787e+00 1.583396207730899174e+00 2.930000000000000000e+02 1.059278538876833409e+02 2.766033571402962910e+00
1.260000000000000000e+02 2.520000000000000018e+00 2.540000000000000036e+00 2.530000000000000249e+00 1.608730010889446449e+00 4.830000000000000000e+02 1.076226636808956982e+02 4.487902301248637649e+00
1.270000000000000000e+02 2.540000000000000036e+00 2.560000000000000053e+00 2.549999999999999822e+00 1.634264875977821996e+00 6.510000000000000000e+02 1.093309243454829414e+02 5.954399488500221160e+00
1.280000000000000000e+02 2.560000000000000053e+00 2.580000000000000071e+00 2.570000000000000284e+00 1.660000802996025593e+00 9.430000000000000000e+02 1.110526358814447434e+02 8.491468865328943849e+00
1.290000000000000000e+02 2.580000000000000071e+00 2.600000000000000089e+00 2.589999999999999858e+00 1.685937791944057018e+00 1.095000000000000000e+03 1.127877982887808344e+02 9.708496988267933503e+00
1.300000000000000000e+02 2.600000000000000089e+00 2.620000000000000107e+00 2.610000000000000320e+00 1.712075842821931815e+00 1.123000000000000000e+03 1.145364115674926353e+02 9.804742305360703014e+00
1.310000000000000000e+02 2.620000000000000107e+00 2.640000000000000124e+00 2.629999999999999893e+00 1.738414955629634440e+00 8.990000000000000000e+02 1.162984757175794215e+02 7.730109912903261993e+00
1.320000000000000000e+02 2.640000000000000124e+00 2.660000000000000142e+00 2.650000000000000355e+00 1.764955130367165337e+00 7.570000000000000000e+02 1.180739907390402692e+02 6.411234136000992123e+00
1.330000000000000000e+02 2.660000000000000142e+00 2.680000000000000160e+00 2.669999999999999929e+00 1.791696367034509185e+00 5.400000000000000000e+02 1.198629566318751358e+02 4.505145002041421876e+00
1.340000000000000000e+02 2.680000000000000160e+00 2.700000000000000178e+00 2.690000000000000391e+00 1.818638665631696183e+00 3.770000000000000000e+02 1.216653733960853145e+02 3.098663074601062384e+00
1.350000000000000000e+02 2.700000000000000178e+00 2.720000000000000195e+00 2.709999999999999964e+00 1.845782026158711231e+00 3.200000000000000000e+02 1.234812410316700806e+02 2.591486749942263579e+00
1.360000000000000000e+02 2.720000000000000195e+00 2.740000000000000213e+00 2.730000000000000426e+00 1.873126448615569206e+00 2.690000000000000000e+02 1.253105595386308977e+02 2.146666657545905910e+00
1.370000000000000000e+02 2.740000000000000213e+00 2.760000000000000231e+00 2.750000000000000000e+00 1.900671933002240577e+00 2.190000000000000000e+02 1.271533289169647247e+02 1.722330055102325730e+00
1.380000000000000000e+02 2.760000000000000231e+00 2.780000000000000249e+00 2.770000000000000462e+00 1.928418479318739776e+00 1.490000000000000000e+02 1.290095491666733665e+02 1.154953264796701573e+00
1.390000000000000000e+02 2.780000000000000249e+00 2.800000000000000266e+00 2.790000000000000036e+00 1.956366087565067247e+00 1.460000000000000000e+02 1.308792202877566808e+02 1.115532318109766496e+00
1.400000000000000000e+02 2.800000000000000266e+00 2.819999999999999840e+00 2.810000000000000053e+00 1.984514757741207891e+00 1.250000000000000000e+02 1.327623422802137441e+02 9.415320478164642681e-01
1.410000000000000000e+02 2.819999999999999840e+00 2.839999999999999858e+00 2.830000000000000071e+00 2.012864489847220995e+00 1.110000000000000000e+02 1.346589151440479952e+02 8.243048734000310018e-01
1.420000000000000000e+02 2.839999999999999858e+00 2.859999999999999876e+00 2.849999999999999645e+00 2.041415283883062592e+00 1.030000000000000000e+02 1.365689388792567911e+02 7.541978494177528081e-01
1.430000000000000000e+02 2.859999999999999876e+00 2.879999999999999893e+00 2.870000000000000107e+00 2.070167139848717142e+00 6.400000000000000000e+01 1.384924134858395632e+02 4.621191759831942414e-01
1.440000000000000000e+02 2.879999999999999893e+00 2.899999999999999911e+00 2.889999999999999680e+00 2.099120057744200185e+00 8.700000000000000000e+01 1.404293389637969085e+02 6.195286586261639084e-01
1.450000000000000000e+02 2.899999999999999911e+00 2.919999999999999929e+00 2.910000000000000142e+00 2.128274037569495736e+00 7.100000000000000000e+01 1.423797153131272921e+02 4.986665399902921458e-01
1.460000000000000000e+02 2.919999999999999929e+00 2.939999999999999947e+00 2.929999999999999716e+00 2.157629079324664634e+00 5.400000000000000000e+01 1.443435425338360290e+02 3.741074872631845460e-01
1.470000000000000000e+02 2.939999999999999947e+00 2.959999999999999964e+00 2.950000000000000178e+00 2.187185183009616729e+00 4.800000000000000000e+01 1.463208206259160988e+02 3.280462738977990567e-01
1.480000000000000000e+02 2.959999999999999964e+00 2.979999999999999982e+00 2.969999999999999751e+00 2.216942348624426629e+00 5.200000000000000000e+01 1.483115495893725893e+02 3.506132876635125739e-01
1.490000000000000000e+02 2.979999999999999982e+00 3.000000000000000000e+00 2.990000000000000213e+00 2.246900576169064578e+00 4.900000000000000000e+01 1.503157294242034254e+02 3.259805223824444043e-01
1.500000000000000000e+02 3.000000000000000000e+00 3.020000000000000018e+00 3.009999999999999787e+00 2.277059865643515923e+00 4.300000000000000000e+01 1.523333601304081242e+02 2.822756615044069162e-01
1.510000000000000000e+02 3.020000000000000018e+00 3.040000000000000036e+00 3.030000000000000249e+00 2.307420217047825073e+00 4.600000000000000000e+01 1.543644417079892435e+02 2.979960895853078773e-01
1.520000000000000000e+02 3.040000000000000036e+00 3.060000000000000053e+00 3.049999999999999822e+00 2.337981630381932519e+00 5.300000000000000000e+01 1.564089741569434580e+02 3.388552369560258737e-01
1.530000000000000000e+02 3.060000000000000053e+00 3.080000000000000071e+00 3.070000000000000284e+00 2.368744105645882669e+00 4.200000000000000000e+01 1.584669574772730130e+02 2.650394799560883419e-01
1.540000000000000000e+02 3.080000000000000071e+00 3.100000000000000089e+00 3.089999999999999858e+00 2.399707642839676414e+00 4.800000000000000000e+01 1.605383916689784201e+02 2.989939010911074613e-01
1.550000000000000000e+02 3.100000000000000089e+00 3.120000000000000107e+00 3.110000000000000320e+00 2.430872241963268010e+00 4.400000000000000000e+01 1.626232767320558992e+02 2.705639738922246962e-01
1.560000000000000000e+02 3.120000000000000107e+00 3.140000000000000124e+00 3.129999999999999893e+00 2.462237903016717411e+00 4.400000000000000000e+01 1.647216126665099694e+02 2.671173459737853362e-01
1.570000000000000000e+02 3.140000000000000124e+00 3.160000000000000142e+00 3.150000000000000355e+00 2.493804625999994862e+00 4.500000000000000000e+01 1.668333994723389822e+02 2.697301627990923434e-01
1.580000000000000000e+02 3.160000000000000142e+00 3.180000000000000160e+00 3.169999999999999929e+00 2.525572410913100807e+00 5.000000000000000000e+01 1.689586371495425396e+02 2.959304173112252134e-01
1.590000000000000000e+02 3.180000000000000160e+00 3.200000000000000178e+00 3.190000000000000391e+00 2.557541257756019704e+00 4.000000000000000000e+01 1.710973256981199881e+02 2.337850684503101906e-01
1.600000000000000000e+02 3.200000000000000178e+00 3.220000000000000195e+00 3.209999999999999964e+00 2.589711166528781749e+00 6.100000000000000000e+01 1.732494651180722940e+02 3.520934391250646334e-01
1.610000000000000000e+02 3.220000000000000195e+00 3.240000000000000213e+00 3.230000000000000426e+00 2.622082137231341648e+00 5.300000000000000000e+01 1.754150554093973540e+02 3.021405424768385251e-01
1.620000000000000000e+02 3.240000000000000213e+00 3.260000000000000231e+00 3.250000000000000000e+00 2.654654169863789548e+00 6.200000000000000000e+01 1.775940965721013640e+02 3.491107035465486064e-01
1.630000000000000000e+02 3.260000000000000231e+00 3.280000000000000249e+00 3.270000000000000462e+00 2.687427264426035745e+00 6.500000000000000000e+01 1.797865886061777019e+02 3.615397594666108216e-01
1.640000000000000000e+02 3.280000000000000249e+00 3.300000000000000266e+00 3.290000000000000036e+00 2.720401420918139745e+00 4.200000000000000000e+01 1.819925315116310287e+02 2.307787009233167597e-01
1.650000000000000000e+02 3.300000000000000266e+00 3.320000000000000284e+00 3.310000000000000497e+00 2.753576639340012289e+00 7.200000000000000000e+01 1.842119252884546086e+02 3.908541745451946658e-01
1.660000000000000000e+02 3.320000000000000284e+00 3.339999999999999858e+00 3.330000000000000071e+00 2.786952919691683128e+00 8.100000000000000000e+01 1.864447699366506868e+02 4.344450103240857231e-01
1.670000000000000000e+02 3.339999999999999858e+00 3.359999999999999876e+00 3.349999999999999645e+00 2.820530261973330788e+00 6.600000000000000000e+01 1.886910654562314278e+02 3.497780874808261165e-01
1.680000000000000000e+02 3.359999999999999876e+00 3.379999999999999893e+00 3.370000000000000107e+00 2.854308666184747434e+00 6.400000000000000000e+01 1.909508118471827913e+02 3.351648488995111475e-01
1.690000000000000000e+02 3.379999999999999893e+00 3.399999999999999911e+00 3.389999999999999680e+00 2.888288132325932178e+00 8.200000000000000000e+01 1.932240091095049195e+02 4.243779040601964314e-01
1.700000000000000000e+02 3.399999999999999911e+00 3.419999999999999929e+00 3.410000000000000142e+00 2.922468660397004925e+00 8.200000000000000000e+01 1.955106572432053724e+02 4.194144767156919862e-01
1.710000000000000000e+02 3.419999999999999929e+00 3.439999999999999947e+00 3.429999999999999716e+00 2.956850250397905278e+00 8.500000000000000000e+01 1.978107562482805406e+02 4.297036299346277954e-01
1.720000000000000000e+02 3.439999999999999947e+00 3.459999999999999964e+00 3.450000000000000178e+00 2.991432902328604371e+00 8.100000000000000000e+01 2.001243061247284913e+02 4.047484364518737499e-01
1.730000000000000000e+02 3.459999999999999964e+00 3.479999999999999982e+00 3.469999999999999751e+00 3.026216616189161268e+00 1.190000000000000000e+02 2.024513068725527205e+02 5.877956622671394182e-01
1.740000000000000000e+02 3.479999999999999982e+00 3.500000000000000000e+00 3.490000000000000213e+00 3.061201391979546216e+00 1.000000000000000000e+02 2.047917584917519775e+02 4.883009000776147857e-01
1.750000000000000000e+02 3.500000000000000000e+00 3.520000000000000018e+00 3.509999999999999787e+00 3.096387229699729016e+00 1.110000000000000000e+02 2.071456609823225961e+02 5.358548157543716606e-01
1.760000000000000000e+02 3.520000000000000018e+00 3.540000000000000036e+00 3.530000000000000249e+00 3.131774129349800262e+00 1.220000000000000000e+02 2.095130143442731310e+02 5.823027289346752733e-01
1.770000000000000000e+02 3.540000000000000036e+00 3.560000000000000053e+00 3.549999999999999822e+00 3.167362090929639606e+00 1.220000000000000000e+02 2.118938185775942884e+02 5.757600708645699283e-01
1.780000000000000000e+02 3.560000000000000053e+00 3.580000000000000071e+00 3.570000000000000284e+00 3.203151114439336755e+00 1.390000000000000000e+02 2.142880736822910421e+02 6.486595245897116557e-01
1.790000000000000000e+02 3.580000000000000071e+00 3.600000000000000089e+00 3.589999999999999858e+00 3.239141199878861954e+00 1.380000000000000000e+02 2.166957796583632501e+02 6.368375065613510744e-01
1.800000000000000000e+02 3.600000000000000089e+00 3.620000000000000107e+00 3.610000000000000320e+00 3.275332347248215203e+00 1.400000000000000000e+02 2.191169365058096901e+02 6.389282464082278734e-01
1.810000000000000000e+02 3.620000000000000107e+00 3.640000000000000124e+00 3.629999999999999893e+00 3.311724556547396947e+00 1.720000000000000000e+02 2.215515442246309874e+02 7.763430428885176315e-01
1.820000000000000000e+02 3.640000000000000124e+00 3.660000000000000142e+00 3.650000000000000355e+00 3.348317827776406297e+00 1.750000000000000000e+02 2.239996028148259484e+02 7.812513852744081833e-01
1.830000000000000000e+02 3.660000000000000142e+00 3.680000000000000160e+00 3.669999999999999929e+00 3.385112160935244141e+00 1.810000000000000000e+02 2.264611122763966478e+02 7.992542215331381872e-01
1.840000000000000000e+02 3.680000000000000160e+00 3.700000000000000178e+00 3.690000000000000391e+00 3.422107556023939789e+00 1.860000000000000000e+02 2.289360726093434266e+02 8.124538779757546347e-01
1.850000000000000000e+02 3.700000000000000178e+00 3.720000000000000195e+00 3.709999999999999964e+00 3.459304013042433290e+00 1.910000000000000000e+02 2.314244838136627891e+02 8.253232192743634732e-01
1.860000000000000000e+02 3.720000000000000195e+00 3.740000000000000213e+00 3.730000000000000426e+00 3.496701531990785039e+00 1.700000000000000000e+02 2.339263458893590837e+02 7.267244711307783156e-01
1.870000000000000000e+02 3.740000000000000213e+00 3.760000000000000231e+00 3.750000000000000000e+00 3.534300112868905330e+00 1.740000000000000000e+02 2.364416588364261145e+02 7.359109255800637683e-01
1.880000000000000000e+02 3.760000000000000231e+00 3.780000000000000249e+00 3.770000000000000462e+00 3.572099755676942934e+00 2.150000000000000000e+02 2.389704226548730048e+02 8.996929310808824409e-01
1.890000000000000000e+02 3.780000000000000249e+00 3.800000000000000266e+00 3.790000000000000036e+00 3.610100460414749080e+00 2.070000000000000000e+02 2.415126373446899208e+02 8.570980064474512661e-01
1.900000000000000000e+02 3.800000000000000266e+00 3.820000000000000284e+00 3.810000000000000497e+00 3.648302227082383720e+00 2.130000000000000000e+02 2.440683029058832574e+02 8.727065229856426631e-01
1.910000000000000000e+02 3.820000000000000284e+00 3.839999999999999858e+00 3.830000000000000071e+00 3.686705055679786458e+00 2.470000000000000000e+02 2.466374193384459375e+02 1.001470095910533820e+00
1.920000000000000000e+02 3.839999999999999858e+00 3.859999999999999876e+00 3.849999999999999645e+00 3.725308946207195770e+00 2.490000000000000000e+02 2.492199866423958667e+02 9.991172993572481342e-01
1.930000000000000000e+02 3.859999999999999876e+00 3.879999999999999893e+00 3.870000000000000107e+00 3.764113898664344315e+00 2.550000000000000000e+02 2.518160048177139174e+02 1.012644133499738919e+00
1.940000000000000000e+02 3.879999999999999893e+00 3.899999999999999911e+00 3.889999999999999680e+00 3.803119913051290713e+00 2.610000000000000000e+02 2.544254738644048075e+02 1.025840675604279495e+00
1.950000000000000000e+02 3.899999999999999911e+00 3.919999999999999929e+00 3.910000000000000142e+00 3.842326989368095358e+00 2.690000000000000000e+02 2.570483937824719760e+02 1.046495549112989698e+00
1.960000000000000000e+02 3.919999999999999929e+00 3.939999999999999947e+00 3.929999999999999716e+00 3.881735127614728054e+00 3.010000000000000000e+02 2.596847645719136608e+02 1.159097648628689692e+00
1.970000000000000000e+02 3.939999999999999947e+00 3.959999999999999964e+00 3.950000000000000178e+00 3.921344327791218110e+00 3.000000000000000000e+02 2.623345862327328177e+02 1.143577765738643004e+00
1.980000000000000000e+02 3.959999999999999964e+00 3.979999999999999982e+00 3.969999999999999751e+00 3.961154589897477152e+00 3.100000000000000000e+02 2.649978587649221140e+02 1.169820773061411856e+00
1.990000000000000000e+02 3.979999999999999982e+00 4.000000000000000000e+00 3.990000000000000213e+00 4.001165913933593998e+00 2.860000000000000000e+02 2.676745821684875750e+02 1.068461553887763316e+00
2.000000000000000000e+02 4.000000000000000000e+00 4.020000000000000462e+00 4.009999999999999787e+00 4.041378299899628601e+00 3.480000000000000000e+02 2.703647564434344304e+02 1.287150013847342400e+00
2.010000000000000000e+02 4.020000000000000462e+00 4.040000000000000036e+00 4.030000000000000249e+00 4.081791747795282532e+00 3.270000000000000000e+02 2.730683815897409090e+02 1.197502245028449153e+00
2.020000000000000000e+02 4.040000000000000036e+00 4.060000000000000497e+00 4.050000000000000711e+00 4.122406257621031855e+00 3.520000000000000000e+02 2.757854576074393549e+02 1.276354464277251743e+00
2.030000000000000000e+02 4.060000000000000497e+00 4.080000000000000071e+00 4.070000000000000284e+00 4.163221829376282379e+00 3.740000000000000000e+02 2.785159844964924787e+02 1.342831366307846608e+00
2.040000000000000000e+02 4.080000000000000071e+00 4.099999999999999645e+00 4.089999999999999858e+00 4.204238463061510167e+00 3.430000000000000000e+02 2.812599622569291000e+02 1.219512358771746463e+00
2.050000000000000000e+02 4.099999999999999645e+00 4.120000000000000107e+00 4.109999999999999432e+00 4.245456158676833347e+00 4.000000000000000000e+02 2.840173908887584275e+02 1.408364462289806385e+00
2.060000000000000000e+02 4.120000000000000107e+00 4.139999999999999680e+00 4.129999999999999893e+00 4.286874916221598220e+00 4.080000000000000000e+02 2.867882703919360665e+02 1.422652326200130934e+00
2.070000000000000000e+02 4.139999999999999680e+00 4.160000000000000142e+00 4.150000000000000355e+00 4.328494735696518880e+00 3.810000000000000000e+02 2.895726007665104476e+02 1.315732217038067420e+00
2.080000000000000000e+02 4.160000000000000142e+00 4.179999999999999716e+00 4.169999999999999929e+00 4.370315617100938965e+00 3.550000000000000000e+02 2.923703820124383128e+02 1.214213278227673776e+00
2.090000000000000000e+02 4.179999999999999716e+00 4.200000000000000178e+00 4.189999999999999503e+00 4.412337560435515726e+00 4.180000000000000000e+02 2.951816141297611580e+02 1.416077357095310685e+00
2.100000000000000000e+02 4.200000000000000178e+00 4.219999999999999751e+00 4.209999999999999964e+00 4.454560565699592800e+00 3.760000000000000000e+02 2.980062971184372032e+02 1.261718304732888374e+00
2.110000000000000000e+02 4.219999999999999751e+00 4.240000000000000213e+00 4.230000000000000426e+00 4.496984632893824774e+00 3.940000000000000000e+02 3.008444309785106157e+02 1.309646978401749040e+00
2.120000000000000000e+02 4.240000000000000213e+00 4.259999999999999787e+00 4.250000000000000000e+00 4.539609762017617456e+00 4.060000000000000000e+02 3.036960157099400135e+02 1.336863109813631878e+00
2.130000000000000000e+02 4.259999999999999787e+00 4.280000000000000249e+00 4.269999999999999574e+00 4.582435953071446910e+00 4.250000000000000000e+02 3.065610513127584227e+02 1.386347020210366709e+00
2.140000000000000000e+02 4.280000000000000249e+00 4.299999999999999822e+00 4.290000000000000036e+00 4.625463206054895693e+00 4.390000000000000000e+02 3.094395377869361710e+02 1.418693949518087694e+00
2.150000000000000000e+02 4.299999999999999822e+00 4.320000000000000284e+00 4.310000000000000497e+00 4.668691520968440756e+00 4.040000000000000000e+02 3.123314751325077054e+02 1.293497556813963723e+00
2.160000000000000000e+02 4.320000000000000284e+00 4.339999999999999858e+00 4.330000000000000071e+00 4.712120897811486131e+00 4.070000000000000000e+02 3.152368633494309051e+02 1.291092658630003998e+00
2.170000000000000000e+02 4.339999999999999858e+00 4.360000000000000320e+00 4.349999999999999645e+00 4.755751336584746802e+00 4.170000000000000000e+02 3.181557024377557923e+02 1.310679006552089687e+00
2.180000000000000000e+02 4.360000000000000320e+00 4.379999999999999893e+00 4.370000000000000107e+00 4.799582837287448278e+00 4.410000000000000000e+02 3.210879923974295025e+02 1.373455284662742359e+00
2.190000000000000000e+02 4.379999999999999893e+00 4.400000000000000355e+00 4.390000000000000568e+00 4.843615399920365050e+00 4.450000000000000000e+02 3.240337332285030811e+02 1.373313807689872768e+00
2.200000000000000000e+02 4.400000000000000355e+00 4.419999999999999929e+00 4.410000000000000142e+00 4.887849024482663118e+00 4.360000000000000000e+02 3.269929249309203669e+02 1.333362182353358794e+00
2.210000000000000000e+02 4.419999999999999929e+00 4.440000000000000391e+00 4.429999999999999716e+00 4.932283710975235991e+00 4.150000000000000000e+02 3.299655675047430918e+02 1.257706987848162594e+00
2.220000000000000000e+02 4.440000000000000391e+00 4.459999999999999964e+00 4.450000000000000178e+00 4.976919459397310064e+00 4.060000000000000000e+02 3.329516609499187894e+02 1.219396229595829606e+00
2.230000000000000000e+02 4.459999999999999964e+00 4.480000000000000426e+00 4.470000000000000639e+00 5.021756269749479529e+00 4.360000000000000000e+02 3.359512052664858857e+02 1.297807518369081592e+00
2.240000000000000000e+02 4.480000000000000426e+00 4.500000000000000000e+00 4.490000000000000213e+00 5.066794142031149306e+00 4.400000000000000000e+02 3.389642004544065799e+02 1.298072184054090306e+00
2.250000000000000000e+02 4.500000000000000000e+00 4.520000000000000462e+00 4.509999999999999787e+00 5.112033076243093888e+00 4.420000000000000000e+02 3.419906465137325426e+02 1.292433008053779142e+00
2.260000000000000000e+02 4.520000000000000462e+00 4.540000000000000036e+00 4.530000000000000249e+00 5.157473072384361146e+00 4.200000000000000000e+02 3.450305434443984041e+02 1.217283536139121214e+00
2.270000000000000000e+02 4.540000000000000036e+00 4.560000000000000497e+00 4.550000000000000711e+00 5.203114130455902320e+00 4.310000000000000000e+02 3.480838912464672603e+02 1.238207256465144734e+00
2.280000000000000000e+02 4.560000000000000497e+00 4.580000000000000071e+00 4.570000000000000284e+00 5.248956250456885186e+00 3.910000000000000000e+02 3.511506899198871565e+02 1.113482078275865650e+00
2.290000000000000000e+02 4.580000000000000071e+00 4.600000000000000533e+00 4.589999999999999858e+00 5.294999432388141969e+00 4.140000000000000000e+02 3.542309394647101612e+02 1.168729080033519274e+00
2.300000000000000000e+02 4.600000000000000533e+00 4.620000000000000107e+00 4.610000000000000320e+00 5.341243676248780936e+00 4.480000000000000000e+02 3.573246398808794311e+02 1.253761845668825980e+00
2.310000000000000000e+02 4.620000000000000107e+00 4.639999999999999680e+00 4.629999999999999893e+00 5.387688982039396279e+00 4.230000000000000000e+02 3.604317911684304931e+02 1.173592369942559444e+00
2.320000000000000000e+02 4.639999999999999680e+00 4.660000000000000142e+00 4.650000000000000355e+00 5.434335349760167411e+00 4.690000000000000000e+02 3.635523933273811963e+02 1.290047895731118333e+00
2.330000000000000000e+02 4.660000000000000142e+00 4.679999999999999716e+00 4.669999999999999929e+00 5.481182779410260331e+00 4.360000000000000000e+02 3.666864463576699222e+02 1.189026767503484239e+00
2.340000000000000000e+02 4.679999999999999716e+00 4.700000000000000178e+00 4.689999999999999503e+00 5.528231270990628943e+00 4.150000000000000000e+02 3.698339502593647694e+02 1.122125212433742858e+00
2.350000000000000000e+02 4.700000000000000178e+00 4.719999999999999751e+00 4.709999999999999964e+00 5.575480824500437471e+00 4.080000000000000000e+02 3.729949050324084965e+02 1.093848721511490929e+00
2.360000000000000000e+02 4.719999999999999751e+00 4.740000000000000213e+00 4.730000000000000426e+00 5.622931439940461296e+00 4.130000000000000000e+02 3.761693106768520920e+02 1.097909872703005441e+00
2.370000000000000000e+02 4.740000000000000213e+00 4.759999999999999787e+00 4.750000000000000000e+00 5.670583117309867305e+00 4.010000000000000000e+02 3.793571671926400199e+02 1.057051334939902665e+00
2.380000000000000000e+02 4.759999999999999787e+00 4.780000000000000249e+00 4.769999999999999574e+00 5.718435856609547230e+00 3.720000000000000000e+02 3.825584745798320796e+02 9.724003641758856009e-01
2.390000000000000000e+02 4.780000000000000249e+00 4.799999999999999822e+00 4.790000000000000036e+00 5.766489657838667959e+00 4.030000000000000000e+02 3.857732328383737013e+02 1.044655164472864772e+00
2.400000000000000000e+02 4.799999999999999822e+00 4.820000000000000284e+00 4.810000000000000497e+00 5.814744520998064381e+00 4.000000000000000000e+02 3.890014419683195115e+02 1.028273823294917788e+00
2.410000000000000000e+02 4.820000000000000284e+00 4.839999999999999858e+00 4.830000000000000071e+00 5.863200446086781703e+00 3.850000000000000000e+02 3.922431019696070962e+02 9.815341508028142536e-01
2.420000000000000000e+02 4.839999999999999858e+00 4.860000000000000320e+00 4.849999999999999645e+00 5.911857433105774717e+00 4.090000000000000000e+02 3.954982128422978462e+02 1.034138680578781555e+00
2.430000000000000000e+02 4.860000000000000320e+00 4.879999999999999893e+00 4.870000000000000107e+00 5.960715482054208536e+00 3.900000000000000000e+02 3.987667745863373625e+02 9.780152832556533449e-01
2.440000000000000000e+02 4.879999999999999893e+00 4.900000000000000355e+00 4.890000000000000568e+00 6.009774592932916271e+00 3.690000000000000000e+02 4.020487872017824316e+02 9.177990625670119362e-01
2.450000000000000000e+02 4.900000000000000355e+00 4.919999999999999929e+00 4.910000000000000142e+00 6.059034765740887174e+00 3.880000000000000000e+02 4.053442506885621128e+02 9.572110603293391140e-01
2.460000000000000000e+02 4.919999999999999929e+00 4.940000000000000391e+00 4.929999999999999716e+00 6.108496000479311405e+00 4.170000000000000000e+02 4.086531650467605914e+02 1.020425230163785280e+00
2.470000000000000000e+02 4.940000000000000391e+00 4.959999999999999964e+00 4.950000000000000178e+00 6.158158297146997917e+00 4.010000000000000000e+02 4.119755302762937390e+02 9.733587811175752336e-01
2.480000000000000000e+02 4.959999999999999964e+00 4.980000000000000426e+00 4.970000000000000639e+00 6.208021655745077361e+00 3.760000000000000000e+02 4.153113463772419891e+02 9.053448774752854700e-01
2.490000000000000000e+02 4.980000000000000426e+00 5.000000000000000000e+00 4.990000000000000213e+00 6.258086076272360465e+00 4.380000000000000000e+02 4.186606133495203039e+02 1.046193470400173853e+00
2.500000000000000000e+02 5.000000000000000000e+00 5.020000000000000462e+00 5.009999999999999787e+00 6.308351558730096897e+00 4.240000000000000000e+02 4.220233311932165634e+02 1.004683790351577732e+00
2.510000000000000000e+02 5.020000000000000462e+00 5.040000000000000036e+00 5.030000000000000249e+00 6.358818103117095610e+00 3.840000000000000000e+02 4.253994999082486856e+02 9.026808919211756210e-01
2.520000000000000000e+02 5.040000000000000036e+00 5.060000000000000497e+00 5.050000000000000711e+00 6.409485709434369127e+00 3.830000000000000000e+02 4.287891194946860196e+02 8.932129631725567176e-01
2.530000000000000000e+02 5.060000000000000497e+00 5.080000000000000071e+00 5.070000000000000284e+00 6.460354377681202465e+00 4.120000000000000000e+02 4.321921899524793957e+02 9.532796047177539700e-01
2.540000000000000000e+02 5.080000000000000071e+00 5.100000000000000533e+00 5.089999999999999858e+00 6.511424107858072574e+00 4.020000000000000000e+02 4.356087112816615559e+02 9.228465583647834647e-01
2.550000000000000000e+02 5.100000000000000533e+00 5.120000000000000107e+00 5.110000000000000320e+00 6.562694899964502504e+00 3.810000000000000000e+02 4.390386834822011792e+02 8.678050803590429130e-01
2.560000000000000000e+02 5.120000000000000107e+00 5.139999999999999680e+00 5.129999999999999893e+00 6.614166754000731174e+00 4.200000000000000000e+02 4.424821065541124767e+02 9.491909249637350277e-01
2.570000000000000000e+02 5.139999999999999680e+00 5.160000000000000142e+00 5.150000000000000355e+00 6.665839669967472680e+00 3.780000000000000000e+02 4.459389804974437652e+02 8.476496034913610922e-01
2.580000000000000000e+02 5.160000000000000142e+00 5.179999999999999716e+00 5.169999999999999929e+00 6.717713647863178927e+00 4.020000000000000000e+02 4.494093053120922150e+02 8.945075129693434990e-01
2.590000000000000000e+02 5.179999999999999716e+00 5.200000000000000178e+00 5.189999999999999503e+00 6.769788687689278106e+00 3.920000000000000000e+02 4.528930809981548578e+02 8.655464533396063365e-01
2.600000000000000000e+02 5.200000000000000178e+00 5.219999999999999751e+00 5.209999999999999964e+00 6.822064789444818977e+00 3.920000000000000000e+02 4.563903075555640498e+02 8.589139460466637122e-01
2.610000000000000000e+02 5.219999999999999751e+00 5.240000000000000213e+00 5.230000000000000426e+00 6.874541953130634653e+00 4.050000000000000000e+02 4.599009849843782831e+02 8.806243370271469306e-01
2.620000000000000000e+02 5.240000000000000213e+00 5.259999999999999787e+00 5.250000000000000000e+00 6.927220178745772117e+00 4.110000000000000000e+02 4.634251132845332677e+02 8.868746820538718767e-01
2.630000000000000000e+02 5.259999999999999787e+00 5.280000000000000249e+00 5.269999999999999574e+00 6.980099466291303401e+00 4.140000000000000000e+02 4.669626924561009673e+02 8.865804628255608000e-01
2.640000000000000000e+02 5.280000000000000249e+00 5.299999999999999822e+00 5.290000000000000036e+00 7.033179815766037457e+00 3.870000000000000000e+02 4.705137224990009486e+02 8.225052352236585929e-01
2.650000000000000000e+02 5.299999999999999822e+00 5.320000000000000284e+00 5.310000000000000497e+00 7.086461227171284349e+00 3.820000000000000000e+02 4.740782034133222851e+02 8.057742314445862641e-01
2.660000000000000000e+02 5.320000000000000284e+00 5.339999999999999858e+00 5.330000000000000071e+00 7.139943700505614999e+00 4.160000000000000000e+02 4.776561351989684567e+02 8.709194111506900482e-01
2.670000000000000000e+02 5.339999999999999858e+00 5.360000000000000320e+00 5.349999999999999645e+00 7.193627235770458483e+00 4.220000000000000000e+02 4.812475178560334257e+02 8.768876396080291791e-01
2.680000000000000000e+02 5.360000000000000320e+00 5.379999999999999893e+00 5.370000000000000107e+00 7.247511832964505629e+00 4.310000000000000000e+02 4.848523513844314721e+02 8.889304110196367681e-01
2.690000000000000000e+02 5.379999999999999893e+00 5.400000000000000355e+00 5.390000000000000568e+00 7.301597492089064723e+00 4.340000000000000000e+02 4.884706357842504190e+02 8.884873894276231754e-01
2.700000000000000000e+02 5.400000000000000355e+00 5.419999999999999929e+00 5.410000000000000142e+00 7.355884213142826589e+00 4.440000000000000000e+02 4.921023710554023296e+02 9.022512918353997602e-01
2.710000000000000000e+02 5.419999999999999929e+00 5.440000000000000391e+00 5.429999999999999716e+00 7.410371996126863259e+00 4.100000000000000000e+02 4.957475571979593383e+02 8.270338280986847534e-01
2.720000000000000000e+02 5.440000000000000391e+00 5.459999999999999964e+00 5.450000000000000178e+00 7.465060841040341622e+00 4.270000000000000000e+02 4.994061942118644879e+02 8.550154262180669207e-01
2.730000000000000000e+02 5.459999999999999964e+00 5.480000000000000426e+00 5.470000000000000639e+00 7.519950747884212916e+00 4.610000000000000000e+02 5.030782820971805904e+02 9.163583808035421496e-01
2.740000000000000000e+02 5.480000000000000426e+00 5.500000000000000000e+00 5.490000000000000213e+00 7.575041716657167967e+00 4.280000000000000000e+02 5.067638208538239724e+02 8.445748934461850821e-01
2.750000000000000000e+02 5.500000000000000000e+00 5.520000000000000462e+00 5.509999999999999787e+00 7.630333747360755758e+00 4.650000000000000000e+02 5.104628104818929728e+02 9.109380555285219172e-01
2.760000000000000000e+02 5.520000000000000462e+00 5.540000000000000036e+00 5.530000000000000249e+00 7.685826839993307402e+00 4.470000000000000000e+02 5.141752509812818062e+02 8.693533948725057359e-01
2.770000000000000000e+02 5.540000000000000036e+00 5.560000000000000497e+00 5.550000000000000711e+00 7.741520994556610802e+00 4.290000000000000000e+02 5.179011423521047845e+02 8.283434132847236064e-01
2.780000000000000000e+02 5.560000000000000497e+00 5.580000000000000071e+00 5.570000000000000284e+00 7.797416211048878942e+00 4.650000000000000000e+02 5.216404845942462316e+02 8.914185415683302249e-01
2.790000000000000000e+02 5.580000000000000071e+00 5.600000000000000533e+00 5.589999999999999858e+00 7.853512489471659030e+00 4.750000000000000000e+02 5.253932777078077834e+02 9.040846545892932129e-01
2.800000000000000000e+02 5.600000000000000533e+00 5.620000000000000107e+00 5.610000000000000320e+00 7.909809829823761795e+00 4.630000000000000000e+02 5.291595216927078127e+02 8.749724440730600739e-01
2.810000000000000000e+02 5.620000000000000107e+00 5.639999999999999680e+00 5.629999999999999893e+00 7.966308232105900444e+00 4.730000000000000000e+02 5.329392165489985018e+02 8.875308577643625796e-01
2.820000000000000000e+02 5.639999999999999680e+00 5.660000000000000142e+00 5.650000000000000355e+00 8.023007696318195769e+00 4.590000000000000000e+02 5.367323622766856488e+02 8.551748175814026798e-01
2.830000000000000000e+02 5.660000000000000142e+00 5.679999999999999716e+00 5.669999999999999929e+00 8.079908222459573963e+00 4.650000000000000000e+02 5.405389588756975172e+02 8.602525171676507210e-01
2.840000000000000000e+02 5.679999999999999716e+00 5.700000000000000178e+00 5.689999999999999503e+00 8.137009810531703025e+00 5.070000000000000000e+02 5.443590063461441559e+02 9.313706471085948513e-01
2.850000000000000000e+02 5.700000000000000178e+00 5.719999999999999751e+00 5.709999999999999964e+00 8.194312460532797715e+00 4.870000000000000000e+02 5.481925046879100591e+02 8.883740580824843747e-01
2.860000000000000000e+02 5.719999999999999751e+00 5.740000000000000213e+00 5.730000000000000426e+00 8.251816172464524257e+00 5.130000000000000000e+02 5.520394539011030020e+02 9.292814062016355736e-01
2.870000000000000000e+02 5.740000000000000213e+00 5.759999999999999787e+00 5.750000000000000000e+00 8.309520946325214652e+00 5.110000000000000000e+02 5.558998539856132766e+02 9.192303187998763780e-01
2.880000000000000000e+02 5.759999999999999787e+00 5.780000000000000249e+00 5.769999999999999574e+00 8.367426782116536899e+00 4.960000000000000000e+02 5.597737049415525235e+02 8.860723460595361090e-01
2.890000000000000000e+02 5.780000000000000249e+00 5.799999999999999822e+00 5.790000000000000036e+00 8.425533679837062806e+00 5.150000000000000000e+02 5.636610067688225172e+02 9.136697302377346785e-01
2.900000000000000000e+02 5.799999999999999822e+00 5.820000000000000284e+00 5.810000000000000497e+00 8.483841639487982533e+00 5.220000000000000000e+02 5.675617594675054534e+02 9.197236975404189385e-01
2.910000000000000000e+02 5.820000000000000284e+00 5.839999999999999858e+00 5.830000000000000071e+00 8.542350661067985129e+00 5.080000000000000000e+02 5.714759630375139068e+02 8.889262766186596387e-01
2.920000000000000000e+02 5.839999999999999858e+00 5.860000000000000320e+00 5.849999999999999645e+00 8.601060744578738593e+00 5.870000000000000000e+02 5.754036174789589495e+02 1.020153475175996860e+00
2.930000000000000000e+02 5.860000000000000320e+00 5.879999999999999893e+00 5.870000000000000107e+00 8.659971890018576701e+00 5.250000000000000000e+02 5.793447227917279179e+02 9.061962236751665012e-01
2.940000000000000000e+02 5.879999999999999893e+00 5.900000000000000355e+00 5.890000000000000568e+00 8.719084097388808630e+00 5.560000000000000000e+02 5.832992789759091465e+02 9.531985038215062822e-01
2.950000000000000000e+02 5.900000000000000355e+00 5.919999999999999929e+00 5.910000000000000142e+00 8.778397366688125203e+00 5.610000000000000000e+02 5.872672860314163472e+02 9.552720087493326018e-01
2.960000000000000000e+02 5.919999999999999929e+00 5.940000000000000391e+00 5.929999999999999716e+00 8.837911697918190868e+00 5.480000000000000000e+02 5.912487439583601372e+02 9.268518632803962598e-01
2.970000000000000000e+02 5.940000000000000391e+00 5.959999999999999964e+00 5.950000000000000178e+00 8.897627091077222161e+00 5.820000000000000000e+02 5.952436527566188715e+02 9.777508711007895092e-01
2.980000000000000000e+02 5.959999999999999964e+00 5.980000000000000426e+00 5.970000000000000639e+00 8.957543546166885307e+00 6.120000000000000000e+02 5.992520124263077150e+02 1.021273166062600435e+00
2.990000000000000000e+02 5.980000000000000426e+00 6.000000000000000000e+00 5.990000000000000213e+00 9.017661063185631320e+00 5.780000000000000000e+02 6.032738229673224168e+02 9.581055533903193311e-01
3.000000000000000000e+02 6.000000000000000000e+00 6.020000000000000462e+00 6.009999999999999787e+00 9.077979642134891947e+00 5.770000000000000000e+02 6.073090843797533580e+02 9.500928190285378161e-01
3.010000000000000000e+02 6.020000000000000462e+00 6.040000000000000036e+00 6.030000000000000249e+00 9.138499283013235441e+00 5.830000000000000000e+02 6.113577966635108396e+02 9.536150568157081286e-01
3.020000000000000000e+02 6.040000000000000036e+00 6.060000000000000497e+00 6.050000000000000711e+00 9.199219985822329804e+00 5.850000000000000000e+02 6.154199598187069569e+02 9.505704042688699618e-01
3.030000000000000000e+02 6.060000000000000497e+00 6.080000000000000071e+00 6.070000000000000284e+00 9.260141750560270779e+00 6.250000000000000000e+02 6.194955738452102878e+02 1.008885335726652066e+00
3.040000000000000000e+02 6.080000000000000071e+00 6.100000000000000533e+00 6.089999999999999858e+00 9.321264577228841830e+00 6.240000000000000000e+02 6.235846387431428184e+02 1.000666086415621825e+00
3.050000000000000000e+02 6.100000000000000533e+00 6.120000000000000107e+00 6.110000000000000320e+00 9.382588465826616542e+00 6.410000000000000000e+02 6.276871545124066643e+02 1.021209364238041317e+00
3.060000000000000000e+02 6.120000000000000107e+00 6.140000000000000568e+00 6.130000000000000782e+00 9.444113416354905866e+00 6.640000000000000000e+02 6.318031211530916380e+02 1.050960303564418163e+00
3.070000000000000000e+02 6.140000000000000568e+00 6.160000000000000142e+00 6.150000000000000355e+00 9.505839428812157266e+00 6.290000000000000000e+02 6.359325386650923519e+02 9.890986256503799812e-01
3.080000000000000000e+02 6.160000000000000142e+00 6.179999999999999716e+00 6.169999999999999929e+00 9.567766503199804262e+00 7.000000000000000000e+02 6.400754070485073726e+02 1.093621145714400722e+00
3.090000000000000000e+02 6.179999999999999716e+00 6.200000000000000178e+00 6.189999999999999503e+00 9.629894639517605270e+00 6.970000000000000000e+02 6.442317263033185100e+02 1.081908840471847544e+00
3.100000000000000000e+02 6.200000000000000178e+00 6.219999999999999751e+00 6.209999999999999964e+00 9.692223837764371908e+00 6.890000000000000000e+02 6.484014964294457286e+02 1.062613216956034501e+00
3.110000000000000000e+02 6.219999999999999751e+00 6.240000000000000213e+00 6.230000000000000426e+00 9.754754097941770397e+00 6.540000000000000000e+02 6.525847174270022606e+02 1.002168733859686300e+00
3.120000000000000000e+02 6.240000000000000213e+00 6.259999999999999787e+00 6.250000000000000000e+00 9.817485420048372546e+00 7.280000000000000000e+02 6.567813892958907900e+02 1.108435792890629656e+00
3.130000000000000000e+02 6.259999999999999787e+00 6.280000000000000249e+00 6.269999999999999574e+00 9.880417804085366740e+00 6.870000000000000000e+02 6.609915120361897607e+02 1.039347688268629666e+00
3.140000000000000000e+02 6.280000000000000249e+00 6.299999999999999822e+00 6.290000000000000036e+00 9.943551250051564594e+00 6.890000000000000000e+02 6.652150856478236847e+02 1.035755223934846869e+00
3.150000000000000000e+02 6.299999999999999822e+00 6.320000000000000284e+00 6.310000000000000497e+00 1.000688575794839430e+01 6.770000000000000000e+02 6.694521101308863535e+02 1.011274727131172835e+00
3.160000000000000000e+02 6.320000000000000284e+00 6.339999999999999858e+00 6.330000000000000071e+00 1.007042132777418963e+01 7.340000000000000000e+02 6.737025854852660132e+02 1.089501533486474605e+00
3.170000000000000000e+02 6.339999999999999858e+00 6.360000000000000320e+00 6.349999999999999645e+00 1.013415795953061682e+01 6.800000000000000000e+02 6.779665117110740766e+02 1.002999393412211004e+00
3.180000000000000000e+02 6.360000000000000320e+00 6.379999999999999893e+00 6.370000000000000107e+00 1.019809565321600786e+01 6.940000000000000000e+02 6.822438888081982213e+02 1.017231537555196574e+00
3.190000000000000000e+02 6.379999999999999893e+00 6.400000000000000355e+00 6.390000000000000568e+00 1.026223440883214977e+01 7.310000000000000000e+02 6.865347167767583869e+02 1.064767712595808158e+00
3.200000000000000000e+02 6.400000000000000355e+00 6.419999999999999929e+00 6.410000000000000142e+00 1.032657422637713829e+01 7.830000000000000000e+02 6.908389956166287220e+02 1.133404461774932370e+00
3.210000000000000000e+02 6.419999999999999929e+00 6.440000000000000391e+00 6.429999999999999716e+00 1.039111510585311393e+01 7.050000000000000000e+02 6.951567253279497436e+02 1.014159792048917597e+00
3.220000000000000000e+02 6.440000000000000391e+00 6.459999999999999964e+00 6.450000000000000178e+00 1.045585704725769993e+01 7.730000000000000000e+02 6.994879059105633132e+02 1.105094160268206283e+00
3.230000000000000000e+02 6.459999999999999964e+00 6.480000000000000426e+00 6.470000000000000639e+00 1.052080005059303502e+01 7.800000000000000000e+02 7.038325373646146090e+02 1.108218160701382127e+00
3.240000000000000000e+02 6.480000000000000426e+00 6.500000000000000000e+00 6.490000000000000213e+00 1.058594411585769279e+01 7.890000000000000000e+02 7.081906196900060877e+02 1.114106821049629659e+00
3.250000000000000000e+02 6.500000000000000000e+00 6.520000000000000462e+00 6.509999999999999787e+00 1.065128924305262359e+01 7.740000000000000000e+02 7.125621528868030055e+02 1.086221036107929416e+00
3.260000000000000000e+02 6.520000000000000462e+00 6.540000000000000036e+00 6.530000000000000249e+00 1.071683543217687884e+01 8.030000000000000000e+02 7.169471369549394240e+02 1.120026789437432502e+00
3.270000000000000000e+02 6.540000000000000036e+00 6.560000000000000497e+00 6.550000000000000711e+00 1.078258268323140712e+01 7.350000000000000000e+02 7.213455718944824184e+02 1.018929107819511071e+00
3.280000000000000000e+02 6.560000000000000497e+00 6.580000000000000071e+00 6.570000000000000284e+00 1.084853099621525807e+01 8.190000000000000000e+02 7.257574577053637768e+02 1.128476175207957732e+00
3.290000000000000000e+02 6.580000000000000071e+00 6.600000000000000533e+00 6.589999999999999858e+00 1.091468037112985989e+01 8.000000000000000000e+02 7.301827943876826339e+02 1.095616065112660964e+00
3.300000000000000000e+02 6.600000000000000533e+00 6.620000000000000107e+00 6.610000000000000320e+00 1.098103080797283049e+01 8.060000000000000000e+02 7.346215819412765313e+02 1.097163519032618328e+00
3.310000000000000000e+02 6.620000000000000107e+00 6.640000000000000568e+00 6.630000000000000782e+00 1.104758230674726782e+01 8.000000000000000000e+02 7.390738203663571539e+02 1.082435851405806559e+00
3.320000000000000000e+02 6.640000000000000568e+00 6.660000000000000142e+00 6.650000000000000355e+00 1.111433486745007393e+01 7.550000000000000000e+02 7.435395096627154317e+02 1.015413424825915900e+00
3.330000000000000000e+02 6.660000000000000142e+00 6.679999999999999716e+00 6.669999999999999929e+00 1.118128849008339287e+01 8.070000000000000000e+02 7.480186498304909719e+02 1.078850106455066182e+00
3.340000000000000000e+02 6.679999999999999716e+00 6.700000000000000178e+00 6.689999999999999503e+00 1.124844317464722288e+01 8.240000000000000000e+02 7.525112408696878674e+02 1.095000254145960028e+00
3.350000000000000000e+02 6.700000000000000178e+00 6.719999999999999751e+00 6.709999999999999964e+00 1.131579892113942520e+01 8.380000000000000000e+02 7.570172827801625317e+02 1.106976048053257999e+00
3.360000000000000000e+02 6.719999999999999751e+00 6.740000000000000213e+00 6.730000000000000426e+00 1.138335572956285269e+01 8.130000000000000000e+02 7.615367755621056176e+02 1.067578121095870136e+00
3.370000000000000000e+02 6.740000000000000213e+00 6.759999999999999787e+00 6.750000000000000000e+00 1.145111359991512678e+01 8.090000000000000000e+02 7.660697192153577362e+02 1.056039652407372742e+00
3.380000000000000000e+02 6.759999999999999787e+00 6.780000000000000249e+00 6.769999999999999574e+00 1.151907253219791372e+01 8.290000000000000000e+02 7.706161137400283678e+02 1.075762607631726375e+00
3.390000000000000000e+02 6.780000000000000249e+00 6.799999999999999822e+00 6.790000000000000036e+00 1.158723252640954549e+01 7.980000000000000000e+02 7.751759591360105333e+02 1.029443690293786240e+00
3.400000000000000000e+02 6.799999999999999822e+00 6.820000000000000284e+00 6.810000000000000497e+00 1.165559358255240419e+01 8.260000000000000000e+02 7.797492554034575960e+02 1.059314894212513680e+00
3.410000000000000000e+02 6.820000000000000284e+00 6.839999999999999858e+00 6.830000000000000071e+00 1.172415570062363344e+01 8.840000000000000000e+02 7.843360025421852697e+02 1.127067987616001687e+00
3.420000000000000000e+02 6.839999999999999858e+00 6.860000000000000320e+00 6.849999999999999645e+00 1.179291888062608962e+01 8.060000000000000000e+02 7.889362005523774997e+02 1.021628871175736641e+00
3.430000000000000000e+02 6.860000000000000320e+00 6.879999999999999893e+00 6.870000000000000107e+00 1.186188312255715438e+01 8.740000000000000000e+02 7.935498494338654609e+02 1.101380084217178368e+00
3.440000000000000000e+02 6.879999999999999893e+00 6.900000000000000355e+00 6.890000000000000568e+00 1.193104842641920627e+01 8.220000000000000000e+02 7.981769491868041086e+02 1.029846828873556497e+00
3.450000000000000000e+02 6.900000000000000355e+00 6.919999999999999929e+00 6.910000000000000142e+00 1.200041479220962870e+01 8.950000000000000000e+02 8.028174998110220031e+02 1.114823730437711102e+00
3.460000000000000000e+02 6.919999999999999929e+00 6.940000000000000391e+00 6.929999999999999716e+00 1.206998221993151610e+01 9.050000000000000000e+02 8.074715013067230984e+02 1.120782589274602836e+00
3.470000000000000000e+02 6.940000000000000391e+00 6.959999999999999964e+00 6.950000000000000178e+00 1.213975070958177227e+01 8.730000000000000000e+02 8.121389536736993477e+02 1.074939203508213259e+00
3.480000000000000000e+02 6.959999999999999964e+00 6.980000000000000426e+00 6.970000000000000639e+00 1.220972026116325715e+01 8.570000000000000000e+02 8.168198569121453829e+02 1.049190947976888166e+00
3.490000000000000000e+02 6.980000000000000426e+00 7.000000000000000000e+00 6.990000000000000213e+00 1.227989087467311080e+01 8.630000000000000000e+02 8.215142110218665721e+02 1.050499173868860936e+00
3.500000000000000000e+02 7.000000000000000000e+00 7.020000000000000462e+00 7.009999999999999787e+00 1.235026255011419138e+01 8.320000000000000000e+02 8.262220160030593661e+02 1.006993258331328800e+00
3.510000000000000000e+02 7.020000000000000462e+00 7.040000000000000036e+00 7.030000000000000249e+00 1.242083528748364252e+01 8.500000000000000000e+02 8.309432718555266320e+02 1.022933849746347823e+00
3.520000000000000000e+02 7.040000000000000036e+00 7.060000000000000497e+00 7.050000000000000711e+00 1.249160908678455684e+01 8.410000000000000000e+02 8.356779785794791451e+02 1.006368507435803750e+00
3.530000000000000000e+02 7.060000000000000497e+00 7.080000000000000071e+00 7.070000000000000284e+00 1.256258394801384348e+01 9.000000000000000000e+02 8.404261361747079491e+02 1.070885305990659786e+00
3.540000000000000000e+02 7.080000000000000071e+00 7.100000000000000533e+00 7.089999999999999858e+00 1.263375987117387922e+01 8.820000000000000000e+02 8.451877446413740245e+02 1.043555122032970184e+00
3.550000000000000000e+02 7.100000000000000533e+00 7.120000000000000107e+00 7.110000000000000320e+00 1.270513685626323586e+01 8.700000000000000000e+02 8.499628039793776679e+02 1.023574203396679927e+00
3.560000000000000000e+02 7.120000000000000107e+00 7.140000000000000568e+00 7.130000000000000782e+00 1.277671490328286907e+01 8.860000000000000000e+02 8.547513141887906158e+02 1.036558804055032423e+00
3.570000000000000000e+02 7.140000000000000568e+00 7.160000000000000142e+00 7.150000000000000355e+00 1.284849401223182319e+01 8.820000000000000000e+02 8.595532752695412455e+02 1.026114407770035930e+00
3.580000000000000000e+02 7.160000000000000142e+00 7.179999999999999716e+00 7.169999999999999929e+00 1.292047418311057783e+01 8.590000000000000000e+02 8.643686872216643451e+02 9.937888920537821802e-01
3.590000000000000000e+02 7.179999999999999716e+00 7.200000000000000178e+00 7.189999999999999503e+00 1.299265541592031958e+01 9.030000000000000000e+02 8.691975500452407459e+02 1.038889260505853729e+00
3.600000000000000000e+02 7.200000000000000178e+00 7.219999999999999751e+00 7.209999999999999964e+00 1.306503771065819208e+01 9.060000000000000000e+02 8.740398637400772941e+02 1.036565993824541509e+00
3.610000000000000000e+02 7.219999999999999751e+00 7.240000000000000213e+00 7.230000000000000426e+00 1.313762106732753132e+01 9.050000000000000000e+02 8.788956283063985211e+02 1.029701332960210269e+00
3.620000000000000000e+02 7.240000000000000213e+00 7.259999999999999787e+00 7.250000000000000000e+00 1.321040548592523933e+01 8.430000000000000000e+02 8.837648437439985400e+02 9.538736531187396173e-01
3.630000000000000000e+02 7.259999999999999787e+00 7.280000000000000249e+00 7.269999999999999574e+00 1.328339096645393624e+01 8.550000000000000000e+02 8.886475100530491318e+02 9.621362692491643998e-01
3.640000000000000000e+02 7.280000000000000249e+00 7.299999999999999822e+00 7.290000000000000036e+00 1.335657750891147977e+01 8.420000000000000000e+02 8.935436272334069372e+02 9.423154889560384495e-01
3.650000000000000000e+02 7.299999999999999822e+00 7.320000000000000284e+00 7.310000000000000497e+00 1.342996511329977238e+01 8.730000000000000000e+02 8.984531952852044014e+02 9.716699818991409998e-01
3.660000000000000000e+02 7.320000000000000284e+00 7.339999999999999858e+00 7.330000000000000071e+00 1.350355377961691161e+01 8.780000000000000000e+02 9.033762142083079425e+02 9.719095833948352414e-01
3.670000000000000000e+02 7.339999999999999858e+00 7.360000000000000320e+00 7.349999999999999645e+00 1.357734350786504152e+01 8.330000000000000000e+02 9.083126840028652396e+02 9.170850684689683119e-01
3.680000000000000000e+02 7.360000000000000320e+00 7.379999999999999893e+00 7.370000000000000107e+00 1.365133429804201448e+01 8.720000000000000000e+02 9.132626046687305461e+02 9.548184668267482023e-01
3.690000000000000000e+02 7.379999999999999893e+00 7.400000000000000355e+00 7.390000000000000568e+00 1.372552615014950206e+01 8.970000000000000000e+02 9.182259762060190269e+02 9.768837119009399217e-01
3.700000000000000000e+02 7.400000000000000355e+00 7.419999999999999929e+00 7.410000000000000142e+00 1.379991906418607250e+01 8.590000000000000000e+02 9.232027986146260901e+02 9.304564514850151014e-01
3.710000000000000000e+02 7.419999999999999929e+00 7.440000000000000391e+00 7.429999999999999716e+00 1.387451304015339559e+01 9.050000000000000000e+02 9.281930718946764500e+02 9.750126642861774995e-01
3.720000000000000000e+02 7.440000000000000391e+00 7.459999999999999964e+00 7.450000000000000178e+00 1.394930807804956174e+01 9.000000000000000000e+02 9.331967960460317499e+02 9.644268002347553548e-01
3.730000000000000000e+02 7.459999999999999964e+00 7.480000000000000426e+00 7.470000000000000639e+00 1.402430417787671857e+01 8.840000000000000000e+02 9.382139710688413743e+02 9.422157708789188346e-01
3.740000000000000000e+02 7.480000000000000426e+00 7.500000000000000000e+00 7.490000000000000213e+00 1.409950133963224594e+01 9.560000000000000000e+02 9.432445969629271758e+02 1.013522900717526376e+00
3.750000000000000000e+02 7.500000000000000000e+00 7.520000000000000462e+00 7.509999999999999787e+00 1.417489956331899847e+01 8.930000000000000000e+02 9.482886737284802621e+02 9.416963681416795628e-01
3.760000000000000000e+02 7.520000000000000462e+00 7.540000000000000036e+00 7.530000000000000249e+00 1.425049884893459762e+01 9.250000000000000000e+02 9.533462013653422673e+02 9.702666236832474533e-01
3.770000000000000000e+02 7.540000000000000036e+00 7.560000000000000497e+00 7.550000000000000711e+00 1.432629919648094763e+01 9.360000000000000000e+02 9.584171798736396113e+02 9.766102065526464093e-01
3.780000000000000000e+02 7.560000000000000497e+00 7.580000000000000071e+00 7.570000000000000284e+00 1.440230060595590444e+01 9.830000000000000000e+02 9.635016092532339371e+02 1.020237009009127060e+00
3.790000000000000000e+02 7.580000000000000071e+00 7.600000000000000533e+00 7.589999999999999858e+00 1.447850307736208997e+01 9.650000000000000000e+02 9.685994895042954340e+02 9.962838205643309575e-01
3.800000000000000000e+02 7.600000000000000533e+00 7.620000000000000107e+00 7.610000000000000320e+00 1.455490661069664426e+01 8.970000000000000000e+02 9.737108206266307207e+02 9.212180670054960219e-01
3.810000000000000000e+02 7.620000000000000107e+00 7.640000000000000568e+00 7.630000000000000782e+00 1.463151120596242549e+01 9.380000000000000000e+02 9.788356026204334057e+02 9.582814493964944003e-01
3.820000000000000000e+02 7.640000000000000568e+00 7.660000000000000142e+00 7.650000000000000355e+00 1.470831686315681353e+01 9.800000000000000000e+02 9.839738354855317084e+02 9.959614419182488687e-01
3.830000000000000000e+02 7.660000000000000142e+00 7.679999999999999716e+00 7.669999999999999929e+00 1.478532358228147814e+01 9.510000000000000000e+02 9.891255192220364734e+02 9.614553274775249347e-01
3.840000000000000000e+02 7.679999999999999716e+00 7.700000000000000178e+00 7.689999999999999503e+00 1.486253136333689184e+01 9.510000000000000000e+02 9.942906538299757813e+02 9.564607656089076926e-01
3.850000000000000000e+02 7.700000000000000178e+00 7.719999999999999751e+00 7.709999999999999964e+00 1.493994020632067610e+01 9.060000000000000000e+02 9.994692393091896747e+02 9.064811245478715529e-01
3.860000000000000000e+02 7.719999999999999751e+00 7.740000000000000213e+00 7.730000000000000426e+00 1.501755011123568728e+01 9.990000000000000000e+02 1.004661275659876537e+03 9.943649906719475018e-01
3.870000000000000000e+02 7.740000000000000213e+00 7.759999999999999787e+00 7.750000000000000000e+00 1.509536107807906724e+01 9.350000000000000000e+02 1.009866762881836735e+03 9.258647124218734037e-01
3.880000000000000000e+02 7.759999999999999787e+00 7.780000000000000249e+00 7.769999999999999574e+00 1.517337310685367413e+01 9.860000000000000000e+02 1.015085700975264785e+03 9.713465563081815635e-01
3.890000000000000000e+02 7.780000000000000249e+00 7.799999999999999822e+00 7.790000000000000036e+00 1.525158619755665157e+01 1.066000000000000000e+03 1.020318089939970605e+03 1.044772223986264015e+00
3.900000000000000000e+02 7.799999999999999822e+00 7.820000000000000284e+00 7.810000000000000497e+00 1.533000035019109397e+01 1.002000000000000000e+03 1.025563929776161558e+03 9.770234413555236586e-01
3.910000000000000000e+02 7.820000000000000284e+00 7.839999999999999858e+00 7.830000000000000071e+00 1.540861556475366889e+01 1.000000000000000000e+03 1.030823220483613795e+03 9.700984418364644313e-01
3.920000000000000000e+02 7.839999999999999858e+00 7.860000000000000320e+00 7.849999999999999645e+00 1.548743184124770700e+01 1.005000000000000000e+03 1.036095962062550598e+03 9.699873725975651784e-01
3.930000000000000000e+02 7.860000000000000320e+00 7.879999999999999893e+00 7.870000000000000107e+00 1.556644917967011565e+01 1.010000000000000000e+03 1.041382154512762327e+03 9.698649008178508168e-01
3.940000000000000000e+02 7.879999999999999893e+00 7.900000000000000355e+00 7.890000000000000568e+00 1.564566758002375124e+01 1.024000000000000000e+03 1.046681797834442705e+03 9.783298057906703038e-01
3.950000000000000000e+02 7.900000000000000355e+00 7.919999999999999929e+00 7.910000000000000142e+00 1.572508704230599541e+01 1.045000000000000000e+03 1.051994892027417336e+03 9.933508308068523807e-01
3.960000000000000000e+02 7.919999999999999929e+00 7.940000000000000391e+00 7.929999999999999716e+00 1.580470756651898867e+01 1.015000000000000000e+03 1.057321437091826738e+03 9.599729698016600254e-01
3.970000000000000000e+02 7.940000000000000391e+00 7.959999999999999964e+00 7.950000000000000178e+00 1.588452915266082854e+01 1.061000000000000000e+03 1.062661433027544945e+03 9.984365358750137975e-01
3.980000000000000000e+02 7.959999999999999964e+00 7.980000000000000426e+00 7.970000000000000639e+00 1.596455180073365732e+01 1.086000000000000000e+03 1.068014879834717476e+03 1.016839765535912710e+00
3.990000000000000000e+02 7.980000000000000426e+00 8.000000000000000000e+00 7.990000000000000213e+00 1.604477551073509645e+01 1.077000000000000000e+03 1.073381777513182442e+03 1.003370862597649404e+00
