bin_index  r_left_A  r_right_A  r_center_A  shell_volume_A3  counts  normalization  g_r
0.000000000000000000e+00 0.000000000000000000e+00 2.000000000000000042e-02 1.000000000000000021e-02 3.351032163829113108e-05 0.000000000000000000e+00 1.132128429147543323e-02 0.000000000000000000e+00
1.000000000000000000e+00 2.000000000000000042e-02 4.000000000000000083e-02 2.999999999999999889e-02 2.345722514680378837e-04 0.000000000000000000e+00 7.924899004032825989e-02 0.000000000000000000e+00
2.000000000000000000e+00 4.000000000000000083e-02 5.999999999999999778e-02 5.000000000000000278e-02 6.366961111275311856e-04 0.000000000000000000e+00 2.151044015380332020e-01 0.000000000000000000e+00
3.000000000000000000e+00 5.999999999999999778e-02 8.000000000000000167e-02 7.000000000000000666e-02 1.239881900616772318e-03 0.000000000000000000e+00 4.188875187845902404e-01 0.000000000000000000e+00
4.000000000000000000e+00 8.000000000000000167e-02 1.000000000000000056e-01 8.999999999999999667e-02 2.044129619935759409e-03 0.000000000000000000e+00 6.905983417800040103e-01 0.000000000000000000e+00
5.000000000000000000e+00 1.000000000000000056e-01 1.199999999999999956e-01 1.100000000000000006e-01 3.049439269084490076e-03 0.000000000000000000e+00 1.030236870524262160e+00 0.000000000000000000e+00
6.000000000000000000e+00 1.199999999999999956e-01 1.400000000000000133e-01 1.300000000000000044e-01 4.255810848062977110e-03 0.000000000000000000e+00 1.437803105017379846e+00 0.000000000000000000e+00
7.000000000000000000e+00 1.400000000000000133e-01 1.600000000000000033e-01 1.500000000000000222e-01 5.663244356871199696e-03 0.000000000000000000e+00 1.913297045259352958e+00 0.000000000000000000e+00
8.000000000000000000e+00 1.600000000000000033e-01 1.799999999999999933e-01 1.699999999999999845e-01 7.271739795509169109e-03 0.000000000000000000e+00 2.456718691250161068e+00 0.000000000000000000e+00
9.000000000000000000e+00 1.799999999999999933e-01 2.000000000000000111e-01 1.900000000000000022e-01 9.081297163976905298e-03 0.000000000000000000e+00 3.068068042989845257e+00 0.000000000000000000e+00
1.000000000000000000e+01 2.000000000000000111e-01 2.200000000000000011e-01 2.100000000000000200e-01 1.109191646227435275e-02 0.000000000000000000e+00 3.747345100478367108e+00 0.000000000000000000e+00
1.100000000000000000e+01 2.200000000000000011e-01 2.399999999999999911e-01 2.299999999999999822e-01 1.330359769040156959e-02 0.000000000000000000e+00 4.494549863715715077e+00 0.000000000000000000e+00
1.200000000000000000e+01 2.399999999999999911e-01 2.600000000000000089e-01 2.500000000000000000e-01 1.571634084835855233e-02 0.000000000000000000e+00 5.309682332702011287e+00 0.000000000000000000e+00
1.300000000000000000e+01 2.600000000000000089e-01 2.800000000000000266e-01 2.700000000000000178e-01 1.833014593614526455e-02 0.000000000000000000e+00 6.192742507437059452e+00 0.000000000000000000e+00
1.400000000000000000e+01 2.800000000000000266e-01 2.999999999999999889e-01 2.900000000000000355e-01 2.114501295376165768e-02 0.000000000000000000e+00 7.143730387920971481e+00 0.000000000000000000e+00
1.500000000000000000e+01 2.999999999999999889e-01 3.200000000000000067e-01 3.099999999999999978e-01 2.416094190120793989e-02 0.000000000000000000e+00 8.162645974153820205e+00 0.000000000000000000e+00
1.600000000000000000e+01 3.200000000000000067e-01 3.400000000000000244e-01 3.300000000000000155e-01 2.737793277848384749e-02 0.000000000000000000e+00 9.249489266135411114e+00 0.000000000000000000e+00
1.700000000000000000e+01 3.400000000000000244e-01 3.599999999999999867e-01 3.499999999999999778e-01 3.079598558558950191e-02 0.000000000000000000e+00 1.040426026386590941e+01 0.000000000000000000e+00
1.800000000000000000e+01 3.599999999999999867e-01 3.800000000000000044e-01 3.699999999999999956e-01 3.441510032252501766e-02 0.000000000000000000e+00 1.162695896734530621e+01 0.000000000000000000e+00
1.900000000000000000e+01 3.800000000000000044e-01 4.000000000000000222e-01 3.900000000000000133e-01 3.823527698929021779e-02 0.000000000000000000e+00 1.291758537657354999e+01 0.000000000000000000e+00
2.000000000000000000e+01 4.000000000000000222e-01 4.199999999999999845e-01 4.100000000000000311e-01 4.225651558588498780e-02 0.000000000000000000e+00 1.427613949155044004e+01 0.000000000000000000e+00
2.100000000000000000e+01 4.199999999999999845e-01 4.400000000000000022e-01 4.299999999999999933e-01 4.647881611230982729e-02 0.000000000000000000e+00 1.570262131227641511e+01 0.000000000000000000e+00
2.200000000000000000e+01 4.400000000000000022e-01 4.600000000000000200e-01 4.500000000000000111e-01 5.090217856856425749e-02 0.000000000000000000e+00 1.719703083875126026e+01 0.000000000000000000e+00
2.300000000000000000e+01 4.600000000000000200e-01 4.799999999999999822e-01 4.699999999999999734e-01 5.552660295464829227e-02 0.000000000000000000e+00 1.875936807097489023e+01 0.000000000000000000e+00
2.400000000000000000e+01 4.799999999999999822e-01 5.000000000000000000e-01 4.899999999999999911e-01 6.035208927056238959e-02 0.000000000000000000e+00 2.038963300894725350e+01 0.000000000000000000e+00
2.500000000000000000e+01 5.000000000000000000e-01 5.200000000000000178e-01 5.100000000000000089e-01 6.537863751630602904e-02 0.000000000000000000e+00 2.208782565266855258e+01 0.000000000000000000e+00
2.600000000000000000e+01 5.200000000000000178e-01 5.400000000000000355e-01 5.300000000000000266e-01 7.060624769187943961e-02 0.000000000000000000e+00 2.385394600213870930e+01 0.000000000000000000e+00
2.700000000000000000e+01 5.400000000000000355e-01 5.600000000000000533e-01 5.500000000000000444e-01 7.603491979728267680e-02 0.000000000000000000e+00 2.568799405735780894e+01 0.000000000000000000e+00
2.800000000000000000e+01 5.600000000000000533e-01 5.799999999999999600e-01 5.700000000000000622e-01 8.166465383251506061e-02 0.000000000000000000e+00 2.758996981832535411e+01 0.000000000000000000e+00
2.900000000000000000e+01 5.799999999999999600e-01 5.999999999999999778e-01 5.899999999999999689e-01 8.749544979757820085e-02 0.000000000000000000e+00 2.955987328504242839e+01 0.000000000000000000e+00
3.000000000000000000e+01 5.999999999999999778e-01 6.199999999999999956e-01 6.099999999999999867e-01 9.352730769247058484e-02 0.000000000000000000e+00 3.159770445750790913e+01 0.000000000000000000e+00
3.100000000000000000e+01 6.199999999999999956e-01 6.400000000000000133e-01 6.300000000000000044e-01 9.976022751719292037e-02 0.000000000000000000e+00 3.370346333572256725e+01 0.000000000000000000e+00
3.200000000000000000e+01 6.400000000000000133e-01 6.600000000000000311e-01 6.500000000000000222e-01 1.061942092717445135e-01 0.000000000000000000e+00 3.587714991968590539e+01 0.000000000000000000e+00
3.300000000000000000e+01 6.600000000000000311e-01 6.800000000000000488e-01 6.700000000000000400e-01 1.128292529561262802e-01 0.000000000000000000e+00 3.811876420939789512e+01 0.000000000000000000e+00
3.400000000000000000e+01 6.800000000000000488e-01 7.000000000000000666e-01 6.900000000000000577e-01 1.196653585703377626e-01 0.000000000000000000e+00 4.042830620485889170e+01 0.000000000000000000e+00
3.500000000000000000e+01 7.000000000000000666e-01 7.199999999999999734e-01 7.099999999999999645e-01 1.267025261143782666e-01 0.000000000000000000e+00 4.280577590606855409e+01 0.000000000000000000e+00
3.600000000000000000e+01 7.199999999999999734e-01 7.399999999999999911e-01 7.299999999999999822e-01 1.339407555882496381e-01 0.000000000000000000e+00 4.525117331302723045e+01 0.000000000000000000e+00
3.700000000000000000e+01 7.399999999999999911e-01 7.600000000000000089e-01 7.500000000000000000e-01 1.413800469919505032e-01 0.000000000000000000e+00 4.776449842573511262e+01 0.000000000000000000e+00
3.800000000000000000e+01 7.600000000000000089e-01 7.800000000000000266e-01 7.700000000000000178e-01 1.490204003254806120e-01 0.000000000000000000e+00 5.034575124419124847e+01 0.000000000000000000e+00
3.900000000000000000e+01 7.800000000000000266e-01 8.000000000000000444e-01 7.900000000000000355e-01 1.568618155888411303e-01 0.000000000000000000e+00 5.299493176839659725e+01 0.000000000000000000e+00
4.000000000000000000e+01 8.000000000000000444e-01 8.200000000000000622e-01 8.100000000000000533e-01 1.649042927820304483e-01 0.000000000000000000e+00 5.571203999835052656e+01 0.000000000000000000e+00
4.100000000000000000e+01 8.200000000000000622e-01 8.399999999999999689e-01 8.300000000000000711e-01 1.731478319050494818e-01 0.000000000000000000e+00 5.849707593405331352e+01 0.000000000000000000e+00
4.200000000000000000e+01 8.399999999999999689e-01 8.599999999999999867e-01 8.499999999999999778e-01 1.815924329578998409e-01 0.000000000000000000e+00 6.135003957550570419e+01 0.000000000000000000e+00
4.300000000000000000e+01 8.599999999999999867e-01 8.800000000000000044e-01 8.699999999999999956e-01 1.902380959405787497e-01 0.000000000000000000e+00 6.427093092270619934e+01 0.000000000000000000e+00
4.400000000000000000e+01 8.800000000000000044e-01 9.000000000000000222e-01 8.900000000000000133e-01 1.990848208530880958e-01 0.000000000000000000e+00 6.725974997565595004e+01 0.000000000000000000e+00
4.500000000000000000e+01 9.000000000000000222e-01 9.200000000000000400e-01 9.100000000000000311e-01 2.081326076954259918e-01 0.000000000000000000e+00 7.031649673435394732e+01 0.000000000000000000e+00
4.600000000000000000e+01 9.200000000000000400e-01 9.400000000000000577e-01 9.300000000000000488e-01 2.173814564675947414e-01 0.000000000000000000e+00 7.344117119880102962e+01 0.000000000000000000e+00
4.700000000000000000e+01 9.400000000000000577e-01 9.599999999999999645e-01 9.499999999999999556e-01 2.268313671695915967e-01 0.000000000000000000e+00 7.663377336899682746e+01 0.000000000000000000e+00
4.800000000000000000e+01 9.599999999999999645e-01 9.799999999999999822e-01 9.699999999999999734e-01 2.364823398014207212e-01 0.000000000000000000e+00 7.989430324494216507e+01 0.000000000000000000e+00
4.900000000000000000e+01 9.799999999999999822e-01 1.000000000000000000e+00 9.899999999999999911e-01 2.463343743630783955e-01 0.000000000000000000e+00 8.322276082663599084e+01 0.000000000000000000e+00
5.000000000000000000e+01 1.000000000000000000e+00 1.020000000000000018e+00 1.010000000000000009e+00 2.563874708545660352e-01 0.000000000000000000e+00 8.661914611407856057e+01 0.000000000000000000e+00
5.100000000000000000e+01 1.020000000000000018e+00 1.040000000000000036e+00 1.030000000000000027e+00 2.666416292758821971e-01 0.000000000000000000e+00 9.008345910727034322e+01 0.000000000000000000e+00
5.200000000000000000e+01 1.040000000000000036e+00 1.060000000000000053e+00 1.050000000000000044e+00 2.770968496270292403e-01 0.000000000000000000e+00 9.361569980621018772e+01 0.000000000000000000e+00
5.300000000000000000e+01 1.060000000000000053e+00 1.080000000000000071e+00 1.070000000000000062e+00 2.877531319080062766e-01 0.000000000000000000e+00 9.721586821089981356e+01 0.000000000000000000e+00
5.400000000000000000e+01 1.080000000000000071e+00 1.100000000000000089e+00 1.090000000000000080e+00 2.986104761188131951e-01 0.000000000000000000e+00 1.008839643213378992e+02 0.000000000000000000e+00
5.500000000000000000e+01 1.100000000000000089e+00 1.120000000000000107e+00 1.110000000000000098e+00 3.096688822594482748e-01 0.000000000000000000e+00 1.046199881375243166e+02 0.000000000000000000e+00
5.600000000000000000e+01 1.120000000000000107e+00 1.140000000000000124e+00 1.130000000000000115e+00 3.209283503299141804e-01 0.000000000000000000e+00 1.084239396594602738e+02 0.000000000000000000e+00
5.700000000000000000e+01 1.140000000000000124e+00 1.159999999999999920e+00 1.149999999999999911e+00 3.323888803302063044e-01 0.000000000000000000e+00 1.122958188871441081e+02 0.000000000000000000e+00
5.800000000000000000e+01 1.159999999999999920e+00 1.179999999999999938e+00 1.169999999999999929e+00 3.440504722603358601e-01 0.000000000000000000e+00 1.162356258205789743e+02 0.000000000000000000e+00
5.900000000000000000e+01 1.179999999999999938e+00 1.199999999999999956e+00 1.189999999999999947e+00 3.559131261202897467e-01 0.000000000000000000e+00 1.202433604597610213e+02 0.000000000000000000e+00
6.000000000000000000e+01 1.199999999999999956e+00 1.219999999999999973e+00 1.209999999999999964e+00 3.679768419100754584e-01 0.000000000000000000e+00 1.243190228046918975e+02 0.000000000000000000e+00
6.100000000000000000e+01 1.219999999999999973e+00 1.239999999999999991e+00 1.229999999999999982e+00 3.802416196296892759e-01 0.000000000000000000e+00 1.284626128553714182e+02 0.000000000000000000e+00
6.200000000000000000e+01 1.239999999999999991e+00 1.260000000000000009e+00 1.250000000000000000e+00 3.927074592791348628e-01 0.000000000000000000e+00 1.326741306118011039e+02 0.000000000000000000e+00
6.300000000000000000e+01 1.260000000000000009e+00 1.280000000000000027e+00 1.270000000000000018e+00 4.053743608584085556e-01 0.000000000000000000e+00 1.369535760739791499e+02 0.000000000000000000e+00
6.400000000000000000e+01 1.280000000000000027e+00 1.300000000000000044e+00 1.290000000000000036e+00 4.182423243675102986e-01 0.000000000000000000e+00 1.413009492419046751e+02 0.000000000000000000e+00
6.500000000000000000e+01 1.300000000000000044e+00 1.320000000000000062e+00 1.310000000000000053e+00 4.313113498064457541e-01 0.000000000000000000e+00 1.457162501155802943e+02 0.000000000000000000e+00
6.600000000000000000e+01 1.320000000000000062e+00 1.340000000000000080e+00 1.330000000000000071e+00 4.445814371752093153e-01 0.000000000000000000e+00 1.501994786950045011e+02 0.000000000000000000e+00
6.700000000000000000e+01 1.340000000000000080e+00 1.360000000000000098e+00 1.350000000000000089e+00 4.580525864738009267e-01 0.000000000000000000e+00 1.547506349801767840e+02 0.000000000000000000e+00
6.800000000000000000e+01 1.360000000000000098e+00 1.380000000000000115e+00 1.370000000000000107e+00 4.717247977022261951e-01 0.000000000000000000e+00 1.593697189711001840e+02 0.000000000000000000e+00
6.900000000000000000e+01 1.380000000000000115e+00 1.400000000000000133e+00 1.390000000000000124e+00 4.855980708604759055e-01 0.000000000000000000e+00 1.640567306677706654e+02 0.000000000000000000e+00
7.000000000000000000e+01 1.400000000000000133e+00 1.419999999999999929e+00 1.410000000000000142e+00 4.996724059485536107e-01 0.000000000000000000e+00 1.688116700701883701e+02 0.000000000000000000e+00
7.100000000000000000e+01 1.419999999999999929e+00 1.439999999999999947e+00 1.429999999999999938e+00 5.139478029664724668e-01 0.000000000000000000e+00 1.736345371783588405e+02 0.000000000000000000e+00
7.200000000000000000e+01 1.439999999999999947e+00 1.459999999999999964e+00 1.449999999999999956e+00 5.284242619142119901e-01 0.000000000000000000e+00 1.785253319922757385e+02 0.000000000000000000e+00
7.300000000000000000e+01 1.459999999999999964e+00 1.479999999999999982e+00 1.469999999999999973e+00 5.431017827917851148e-01 0.000000000000000000e+00 1.834840545119435831e+02 0.000000000000000000e+00
7.400000000000000000e+01 1.479999999999999982e+00 1.500000000000000000e+00 1.489999999999999991e+00 5.579803655991864009e-01 0.000000000000000000e+00 1.885107047373577984e+02 0.000000000000000000e+00
7.500000000000000000e+01 1.500000000000000000e+00 1.520000000000000018e+00 1.510000000000000009e+00 5.730600103364176245e-01 0.000000000000000000e+00 1.936052826685207151e+02 0.000000000000000000e+00
7.600000000000000000e+01 1.520000000000000018e+00 1.540000000000000036e+00 1.530000000000000027e+00 5.883407170034768985e-01 0.000000000000000000e+00 1.987677883054332142e+02 0.000000000000000000e+00
7.700000000000000000e+01 1.540000000000000036e+00 1.560000000000000053e+00 1.550000000000000044e+00 6.038224856003679974e-01 0.000000000000000000e+00 2.039982216480954094e+02 0.000000000000000000e+00
7.800000000000000000e+01 1.560000000000000053e+00 1.580000000000000071e+00 1.570000000000000062e+00 6.195053161270890341e-01 0.000000000000000000e+00 2.092965826965064196e+02 0.000000000000000000e+00
7.900000000000000000e+01 1.580000000000000071e+00 1.600000000000000089e+00 1.590000000000000080e+00 6.353892085836400083e-01 0.000000000000000000e+00 2.146628714506668132e+02 0.000000000000000000e+00
8.000000000000000000e+01 1.600000000000000089e+00 1.620000000000000107e+00 1.610000000000000098e+00 6.514741629700153691e-01 0.000000000000000000e+00 2.200970879105736060e+02 0.000000000000000000e+00
8.100000000000000000e+01 1.620000000000000107e+00 1.640000000000000124e+00 1.630000000000000115e+00 6.677601792862282171e-01 0.000000000000000000e+00 2.255992320762311749e+02 0.000000000000000000e+00
8.200000000000000000e+01 1.640000000000000124e+00 1.660000000000000142e+00 1.650000000000000133e+00 6.842472575322690043e-01 0.000000000000000000e+00 2.311693039476372462e+02 0.000000000000000000e+00
8.300000000000000000e+01 1.660000000000000142e+00 1.679999999999999938e+00 1.669999999999999929e+00 7.009353977081267395e-01 0.000000000000000000e+00 2.368073035247889777e+02 0.000000000000000000e+00
8.400000000000000000e+01 1.679999999999999938e+00 1.699999999999999956e+00 1.689999999999999947e+00 7.178245998138349515e-01 0.000000000000000000e+00 2.425132308076957202e+02 0.000000000000000000e+00
8.500000000000000000e+01 1.699999999999999956e+00 1.719999999999999973e+00 1.709999999999999964e+00 7.349148638493637753e-01 0.000000000000000000e+00 2.482870857963494302e+02 0.000000000000000000e+00
8.600000000000000000e+01 1.719999999999999973e+00 1.739999999999999991e+00 1.729999999999999982e+00 7.522061898147206493e-01 0.000000000000000000e+00 2.541288684907491131e+02 0.000000000000000000e+00
8.700000000000000000e+01 1.739999999999999991e+00 1.760000000000000009e+00 1.750000000000000000e+00 7.696985777099094594e-01 0.000000000000000000e+00 2.600385788909001690e+02 0.000000000000000000e+00
8.800000000000000000e+01 1.760000000000000009e+00 1.780000000000000027e+00 1.770000000000000018e+00 7.873920275349299835e-01 0.000000000000000000e+00 2.660162169968009493e+02 0.000000000000000000e+00
8.900000000000000000e+01 1.780000000000000027e+00 1.800000000000000044e+00 1.790000000000000036e+00 8.052865392897747832e-01 0.000000000000000000e+00 2.720617828084468215e+02 0.000000000000000000e+00
9.000000000000000000e+01 1.800000000000000044e+00 1.820000000000000062e+00 1.810000000000000053e+00 8.233821129744515188e-01 0.000000000000000000e+00 2.781752763258431287e+02 0.000000000000000000e+00
9.100000000000000000e+01 1.820000000000000062e+00 1.840000000000000080e+00 1.830000000000000071e+00 8.416787485889563047e-01 0.000000000000000000e+00 2.843566975489908373e+02 0.000000000000000000e+00
9.200000000000000000e+01 1.840000000000000080e+00 1.860000000000000098e+00 1.850000000000000089e+00 8.601764461332966905e-01 0.000000000000000000e+00 2.906060464778830692e+02 0.000000000000000000e+00
9.300000000000000000e+01 1.860000000000000098e+00 1.880000000000000115e+00 1.870000000000000107e+00 8.788752056074613517e-01 0.000000000000000000e+00 2.969233231125260772e+02 0.000000000000000000e+00
9.400000000000000000e+01 1.880000000000000115e+00 1.900000000000000133e+00 1.890000000000000124e+00 8.977750270114615017e-01 0.000000000000000000e+00 3.033085274529208846e+02 0.000000000000000000e+00
9.500000000000000000e+01 1.900000000000000133e+00 1.919999999999999929e+00 1.910000000000000142e+00 9.168759103452712722e-01 0.000000000000000000e+00 3.097616594990557815e+02 0.000000000000000000e+00
9.600000000000000000e+01 1.919999999999999929e+00 1.939999999999999947e+00 1.929999999999999938e+00 9.361778556089425107e-01 0.000000000000000000e+00 3.162827192509495262e+02 0.000000000000000000e+00
9.700000000000000000e+01 1.939999999999999947e+00 1.959999999999999964e+00 1.949999999999999956e+00 9.556808628024232588e-01 0.000000000000000000e+00 3.228717067085880217e+02 0.000000000000000000e+00
9.800000000000000000e+01 1.959999999999999964e+00 1.979999999999999982e+00 1.969999999999999973e+00 9.753849319257432704e-01 0.000000000000000000e+00 3.295286218719763269e+02 0.000000000000000000e+00
9.900000000000000000e+01 1.979999999999999982e+00 2.000000000000000000e+00 1.989999999999999991e+00 9.952900629788838938e-01 0.000000000000000000e+00 3.362534647411118272e+02 0.000000000000000000e+00
1.000000000000000000e+02 2.000000000000000000e+00 2.020000000000000018e+00 2.009999999999999787e+00 1.015396255961863892e+00 0.000000000000000000e+00 3.430462353160005478e+02 0.000000000000000000e+00
1.010000000000000000e+02 2.020000000000000018e+00 2.040000000000000036e+00 2.030000000000000249e+00 1.035703510874664390e+00 0.000000000000000000e+00 3.499069335966315748e+02 0.000000000000000000e+00
1.020000000000000000e+02 2.040000000000000036e+00 2.060000000000000053e+00 2.049999999999999822e+00 1.056211827717292939e+00 0.000000000000000000e+00 3.568355595830122411e+02 0.000000000000000000e+00
1.030000000000000000e+02 2.060000000000000053e+00 2.080000000000000071e+00 2.070000000000000284e+00 1.076921206489764637e+00 0.000000000000000000e+00 3.638321132751464120e+02 0.000000000000000000e+00
1.040000000000000000e+02 2.080000000000000071e+00 2.100000000000000089e+00 2.089999999999999858e+00 1.097831647192056836e+00 0.000000000000000000e+00 3.708965946730262999e+02 0.000000000000000000e+00
1.050000000000000000e+02 2.100000000000000089e+00 2.120000000000000107e+00 2.110000000000000320e+00 1.118943149824177308e+00 0.000000000000000000e+00 3.780290037766556566e+02 0.000000000000000000e+00
1.060000000000000000e+02 2.120000000000000107e+00 2.140000000000000124e+00 2.129999999999999893e+00 1.140255714386133157e+00 0.000000000000000000e+00 3.852293405860347661e+02 0.000000000000000000e+00
1.070000000000000000e+02 2.140000000000000124e+00 2.160000000000000142e+00 2.150000000000000355e+00 1.161769340877917056e+00 0.000000000000000000e+00 3.924976051011623781e+02 0.000000000000000000e+00
1.080000000000000000e+02 2.160000000000000142e+00 2.180000000000000160e+00 2.169999999999999929e+00 1.183484029299529006e+00 0.000000000000000000e+00 3.998337973220378672e+02 0.000000000000000000e+00
1.090000000000000000e+02 2.180000000000000160e+00 2.200000000000000178e+00 2.190000000000000391e+00 1.205399779650976555e+00 0.000000000000000000e+00 4.072379172486645871e+02 0.000000000000000000e+00
1.100000000000000000e+02 2.200000000000000178e+00 2.220000000000000195e+00 2.209999999999999964e+00 1.227516591932237500e+00 0.000000000000000000e+00 4.147099648810360009e+02 0.000000000000000000e+00
1.110000000000000000e+02 2.220000000000000195e+00 2.240000000000000213e+00 2.230000000000000426e+00 1.249834466143348699e+00 0.000000000000000000e+00 4.222499402191630793e+02 0.000000000000000000e+00
1.120000000000000000e+02 2.240000000000000213e+00 2.260000000000000231e+00 2.250000000000000000e+00 1.272353402284280399e+00 0.000000000000000000e+00 4.298578432630333737e+02 0.000000000000000000e+00
1.130000000000000000e+02 2.260000000000000231e+00 2.280000000000000249e+00 2.270000000000000462e+00 1.295073400355032822e+00 0.000000000000000000e+00 4.375336740126495556e+02 0.000000000000000000e+00
1.140000000000000000e+02 2.280000000000000249e+00 2.300000000000000266e+00 2.290000000000000036e+00 1.317994460355628394e+00 2.000000000000000000e+00 4.452774324680203222e+02 4.491581773894726647e-03
1.150000000000000000e+02 2.300000000000000266e+00 2.319999999999999840e+00 2.310000000000000053e+00 1.341116582286022041e+00 4.000000000000000000e+00 4.530891186291282793e+02 8.828285287676840634e-03
1.160000000000000000e+02 2.319999999999999840e+00 2.339999999999999858e+00 2.330000000000000071e+00 1.364439766146303468e+00 1.700000000000000000e+01 4.609687324960077603e+02 3.687885707117288803e-02
1.170000000000000000e+02 2.339999999999999858e+00 2.359999999999999876e+00 2.349999999999999645e+00 1.387964011936383191e+00 4.900000000000000000e+01 4.689162740686221582e+02 1.044962666252637618e-01
1.180000000000000000e+02 2.359999999999999876e+00 2.379999999999999893e+00 2.370000000000000107e+00 1.411689319656290964e+00 1.220000000000000000e+02 4.769317433469855132e+02 2.558018033017367965e-01
1.190000000000000000e+02 2.379999999999999893e+00 2.399999999999999911e+00 2.389999999999999680e+00 1.435615689306027010e+00 2.470000000000000000e+02 4.850151403311010654e+02 5.092624527790672317e-01
1.200000000000000000e+02 2.399999999999999911e+00 2.419999999999999929e+00 2.410000000000000142e+00 1.459743120885605761e+00 3.760000000000000000e+02 4.931664650209637557e+02 7.624200481353021752e-01
1.210000000000000000e+02 2.419999999999999929e+00 2.439999999999999947e+00 2.429999999999999716e+00 1.484071614394997907e+00 6.430000000000000000e+02 5.013857174165723904e+02 1.282445785079610712e+00
1.220000000000000000e+02 2.439999999999999947e+00 2.459999999999999964e+00 2.450000000000000178e+00 1.508601169834225431e+00 9.460000000000000000e+02 5.096728975179333929e+02 1.856092416541952783e+00
1.230000000000000000e+02 2.459999999999999964e+00 2.479999999999999982e+00 2.469999999999999751e+00 1.533331787203288554e+00 1.249000000000000000e+03 5.180280053250420451e+02 2.411066558489057154e+00
1.240000000000000000e+02 2.479999999999999982e+00 2.500000000000000000e+00 2.490000000000000213e+00 1.558263466502179728e+00 1.611000000000000000e+03 5.264510408378996544e+02 3.060113619370818938e+00
1.250000000000000000e+02 2.500000000000000000e+00 2.520000000000000018e+00 2.509999999999999787e+00 1.583396207730899174e+00 1.925000000000000000e+03 5.349420040565080399e+02 3.598520933863055937e+00
1.260000000000000000e+02 2.520000000000000018e+00 2.540000000000000036e+00 2.530000000000000249e+00 1.608730010889446449e+00 2.205000000000000000e+03 5.435008949808639045e+02 4.057031037782625305e+00
1.270000000000000000e+02 2.540000000000000036e+00 2.560000000000000053e+00 2.549999999999999822e+00 1.634264875977821996e+00 2.430000000000000000e+03 5.521277136109658841e+02 4.401155638624942412e+00
1.280000000000000000e+02 2.560000000000000053e+00 2.580000000000000071e+00 2.570000000000000284e+00 1.660000802996025593e+00 2.472000000000000000e+03 5.608224599468173892e+02 4.407812055591388223e+00
1.290000000000000000e+02 2.580000000000000071e+00 2.600000000000000089e+00 2.589999999999999858e+00 1.685937791944057018e+00 2.606000000000000000e+03 5.695851339884171693e+02 4.575259859315419675e+00
1.300000000000000000e+02 2.600000000000000089e+00 2.620000000000000107e+00 2.610000000000000320e+00 1.712075842821931815e+00 2.630000000000000000e+03 5.784157357357714773e+02 4.546902578047117949e+00
1.310000000000000000e+02 2.620000000000000107e+00 2.640000000000000124e+00 2.629999999999999893e+00 1.738414955629634440e+00 2.666000000000000000e+03 5.873142651888764476e+02 4.539307416860769884e+00
1.320000000000000000e+02 2.640000000000000124e+00 2.660000000000000142e+00 2.650000000000000355e+00 1.764955130367165337e+00 2.448000000000000000e+03 5.962807223477248044e+02 4.105448840206565642e+00
1.330000000000000000e+02 2.660000000000000142e+00 2.680000000000000160e+00 2.669999999999999929e+00 1.791696367034509185e+00 2.512000000000000000e+03 6.053151072123145013e+02 4.149904686120637010e+00
1.340000000000000000e+02 2.680000000000000160e+00 2.700000000000000178e+00 2.690000000000000391e+00 1.818638665631696183e+00 2.302000000000000000e+03 6.144174197826619093e+02 3.746638565056126247e+00
1.350000000000000000e+02 2.700000000000000178e+00 2.720000000000000195e+00 2.709999999999999964e+00 1.845782026158711231e+00 2.153000000000000000e+03 6.235876600587575922e+02 3.452601996320987965e+00
1.360000000000000000e+02 2.720000000000000195e+00 2.740000000000000213e+00 2.730000000000000426e+00 1.873126448615569206e+00 1.913000000000000000e+03 6.328258280406096219e+02 3.022948677558146890e+00
1.370000000000000000e+02 2.740000000000000213e+00 2.760000000000000231e+00 2.750000000000000000e+00 1.900671933002240577e+00 1.808000000000000000e+03 6.421319237281968526e+02 2.815620798764857380e+00
1.380000000000000000e+02 2.760000000000000231e+00 2.780000000000000249e+00 2.770000000000000462e+00 1.928418479318739776e+00 1.684000000000000000e+03 6.515059471215382700e+02 2.584780702985432832e+00
1.390000000000000000e+02 2.780000000000000249e+00 2.800000000000000266e+00 2.790000000000000036e+00 1.956366087565067247e+00 1.548000000000000000e+03 6.609478982206261435e+02 2.342090812554900481e+00
1.400000000000000000e+02 2.800000000000000266e+00 2.819999999999999840e+00 2.810000000000000053e+00 1.984514757741207891e+00 1.525000000000000000e+03 6.704577770254581992e+02 2.274565307849496065e+00
1.410000000000000000e+02 2.819999999999999840e+00 2.839999999999999858e+00 2.830000000000000071e+00 2.012864489847220995e+00 1.312000000000000000e+03 6.800355835360514902e+02 1.929310806322600991e+00
1.420000000000000000e+02 2.839999999999999858e+00 2.859999999999999876e+00 2.849999999999999645e+00 2.041415283883062592e+00 1.277000000000000000e+03 6.896813177523943068e+02 1.851579805237615117e+00
1.430000000000000000e+02 2.859999999999999876e+00 2.879999999999999893e+00 2.870000000000000107e+00 2.070167139848717142e+00 1.079000000000000000e+03 6.993949796744802825e+02 1.542762003384982039e+00
1.440000000000000000e+02 2.879999999999999893e+00 2.899999999999999911e+00 2.889999999999999680e+00 2.099120057744200185e+00 9.770000000000000000e+02 7.091765693023112362e+02 1.377654088263482457e+00
1.450000000000000000e+02 2.899999999999999911e+00 2.919999999999999929e+00 2.910000000000000142e+00 2.128274037569495736e+00 8.690000000000000000e+02 7.190260866358954672e+02 1.208579238155025548e+00
1.460000000000000000e+02 2.919999999999999929e+00 2.939999999999999947e+00 2.929999999999999716e+00 2.157629079324664634e+00 8.200000000000000000e+02 7.289435316752384324e+02 1.124915668180082484e+00
1.470000000000000000e+02 2.939999999999999947e+00 2.959999999999999964e+00 2.950000000000000178e+00 2.187185183009616729e+00 7.380000000000000000e+02 7.389289044203082994e+02 9.987429042026214621e-01
1.480000000000000000e+02 2.959999999999999964e+00 2.979999999999999982e+00 2.969999999999999751e+00 2.216942348624426629e+00 6.680000000000000000e+02 7.489822048711395155e+02 8.918769974180197346e-01
1.490000000000000000e+02 2.979999999999999982e+00 3.000000000000000000e+00 2.990000000000000213e+00 2.246900576169064578e+00 5.790000000000000000e+02 7.591034330277183244e+02 7.627419068448054729e-01
1.500000000000000000e+02 3.000000000000000000e+00 3.020000000000000018e+00 3.009999999999999787e+00 2.277059865643515923e+00 5.070000000000000000e+02 7.692925888900460905e+02 6.590470353178780050e-01
1.510000000000000000e+02 3.020000000000000018e+00 3.040000000000000036e+00 3.030000000000000249e+00 2.307420217047825073e+00 4.580000000000000000e+02 7.795496724581288390e+02 5.875186869821950042e-01
1.520000000000000000e+02 3.040000000000000036e+00 3.060000000000000053e+00 3.049999999999999822e+00 2.337981630381932519e+00 4.540000000000000000e+02 7.898746837319496308e+02 5.747747197757619997e-01
1.530000000000000000e+02 3.060000000000000053e+00 3.080000000000000071e+00 3.070000000000000284e+00 2.368744105645882669e+00 4.220000000000000000e+02 8.002676227115209713e+02 5.273235952869753662e-01
1.540000000000000000e+02 3.080000000000000071e+00 3.100000000000000089e+00 3.089999999999999858e+00 2.399707642839676414e+00 3.570000000000000000e+02 8.107284893968537745e+02 4.403447080854309692e-01
1.550000000000000000e+02 3.100000000000000089e+00 3.120000000000000107e+00 3.110000000000000320e+00 2.430872241963268010e+00 3.160000000000000000e+02 8.212572837879165490e+02 3.847758872134455221e-01
1.560000000000000000e+02 3.120000000000000107e+00 3.140000000000000124e+00 3.129999999999999893e+00 2.462237903016717411e+00 2.750000000000000000e+02 8.318540058847429464e+02 3.305868554512947366e-01
1.570000000000000000e+02 3.140000000000000124e+00 3.160000000000000142e+00 3.150000000000000355e+00 2.493804625999994862e+00 2.720000000000000000e+02 8.425186556873123891e+02 3.228415159283410940e-01
1.580000000000000000e+02 3.160000000000000142e+00 3.180000000000000160e+00 3.169999999999999929e+00 2.525572410913100807e+00 2.440000000000000000e+02 8.532512331956303342e+02 2.859650130081400898e-01
1.590000000000000000e+02 3.180000000000000160e+00 3.200000000000000178e+00 3.190000000000000391e+00 2.557541257756019704e+00 2.330000000000000000e+02 8.640517384096992828e+02 2.696597780462083871e-01
1.600000000000000000e+02 3.200000000000000178e+00 3.220000000000000195e+00 3.209999999999999964e+00 2.589711166528781749e+00 2.380000000000000000e+02 8.749201713295146874e+02 2.720248175766012966e-01
1.610000000000000000e+02 3.220000000000000195e+00 3.240000000000000213e+00 3.230000000000000426e+00 2.622082137231341648e+00 1.960000000000000000e+02 8.858565319550712047e+02 2.212547889300213455e-01
1.620000000000000000e+02 3.240000000000000213e+00 3.260000000000000231e+00 3.250000000000000000e+00 2.654654169863789548e+00 1.730000000000000000e+02 8.968608202863945280e+02 1.928950357590109854e-01
1.630000000000000000e+02 3.260000000000000231e+00 3.280000000000000249e+00 3.270000000000000462e+00 2.687427264426035745e+00 1.680000000000000000e+02 9.079330363234583956e+02 1.850356725428687343e-01
1.640000000000000000e+02 3.280000000000000249e+00 3.300000000000000266e+00 3.290000000000000036e+00 2.720401420918139745e+00 2.170000000000000000e+02 9.190731800662787236e+02 2.361074228978709832e-01
1.650000000000000000e+02 3.300000000000000266e+00 3.320000000000000284e+00 3.310000000000000497e+00 2.753576639340012289e+00 1.980000000000000000e+02 9.302812515148266357e+02 2.128388588693860273e-01
1.660000000000000000e+02 3.320000000000000284e+00 3.339999999999999858e+00 3.330000000000000071e+00 2.786952919691683128e+00 1.940000000000000000e+02 9.415572506691114540e+02 2.060416399131706211e-01
1.670000000000000000e+02 3.339999999999999858e+00 3.359999999999999876e+00 3.349999999999999645e+00 2.820530261973330788e+00 2.040000000000000000e+02 9.529011775291976392e+02 2.140830600387722549e-01
1.680000000000000000e+02 3.359999999999999876e+00 3.379999999999999893e+00 3.370000000000000107e+00 2.854308666184747434e+00 1.960000000000000000e+02 9.643130320950147052e+02 2.032535011729343921e-01
1.690000000000000000e+02 3.379999999999999893e+00 3.399999999999999911e+00 3.389999999999999680e+00 2.888288132325932178e+00 2.050000000000000000e+02 9.757928143665545804e+02 2.100855806496974010e-01
1.700000000000000000e+02 3.399999999999999911e+00 3.419999999999999929e+00 3.410000000000000142e+00 2.922468660397004925e+00 2.210000000000000000e+02 9.873405243438630805e+02 2.238336162155052933e-01
1.710000000000000000e+02 3.419999999999999929e+00 3.439999999999999947e+00 3.429999999999999716e+00 2.956850250397905278e+00 2.370000000000000000e+02 9.989561620269277000e+02 2.372476481041131680e-01
1.720000000000000000e+02 3.439999999999999947e+00 3.459999999999999964e+00 3.450000000000000178e+00 2.991432902328604371e+00 2.260000000000000000e+02 1.010639727415716266e+03 2.236207363210423460e-01
1.730000000000000000e+02 3.459999999999999964e+00 3.479999999999999982e+00 3.469999999999999751e+00 3.026216616189161268e+00 2.260000000000000000e+02 1.022391220510279140e+03 2.210504114923860508e-01
1.740000000000000000e+02 3.479999999999999982e+00 3.500000000000000000e+00 3.490000000000000213e+00 3.061201391979546216e+00 2.490000000000000000e+02 1.034210641310577330e+03 2.407633320079370365e-01
1.750000000000000000e+02 3.500000000000000000e+00 3.520000000000000018e+00 3.509999999999999787e+00 3.096387229699729016e+00 2.520000000000000000e+02 1.046097989816616291e+03 2.408952148394590265e-01
1.760000000000000000e+02 3.520000000000000018e+00 3.540000000000000036e+00 3.530000000000000249e+00 3.131774129349800262e+00 2.740000000000000000e+02 1.058053266028428425e+03 2.589661681481336686e-01
1.770000000000000000e+02 3.540000000000000036e+00 3.560000000000000053e+00 3.549999999999999822e+00 3.167362090929639606e+00 3.400000000000000000e+02 1.070076469945964391e+03 3.177343017524429380e-01
1.780000000000000000e+02 3.560000000000000053e+00 3.580000000000000071e+00 3.570000000000000284e+00 3.203151114439336755e+00 3.470000000000000000e+02 1.082167601569267390e+03 3.206527339173803615e-01
1.790000000000000000e+02 3.580000000000000071e+00 3.600000000000000089e+00 3.589999999999999858e+00 3.239141199878861954e+00 3.440000000000000000e+02 1.094326660898304681e+03 3.143485508409520346e-01
1.800000000000000000e+02 3.600000000000000089e+00 3.620000000000000107e+00 3.610000000000000320e+00 3.275332347248215203e+00 3.950000000000000000e+02 1.106553647933101047e+03 3.569641659379180210e-01
1.810000000000000000e+02 3.620000000000000107e+00 3.640000000000000124e+00 3.629999999999999893e+00 3.311724556547396947e+00 3.950000000000000000e+02 1.118848562673644665e+03 3.530415224881662262e-01
1.820000000000000000e+02 3.640000000000000124e+00 3.660000000000000142e+00 3.650000000000000355e+00 3.348317827776406297e+00 4.490000000000000000e+02 1.131211405119926212e+03 3.969196190630688847e-01
1.830000000000000000e+02 3.660000000000000142e+00 3.680000000000000160e+00 3.669999999999999929e+00 3.385112160935244141e+00 4.670000000000000000e+02 1.143642175271974338e+03 4.083445067850359766e-01
1.840000000000000000e+02 3.680000000000000160e+00 3.700000000000000178e+00 3.690000000000000391e+00 3.422107556023939789e+00 4.950000000000000000e+02 1.156140873129763577e+03 4.281485167633563016e-01
1.850000000000000000e+02 3.700000000000000178e+00 3.720000000000000195e+00 3.709999999999999964e+00 3.459304013042433290e+00 5.890000000000000000e+02 1.168707498693296657e+03 5.039755461982973195e-01
1.860000000000000000e+02 3.720000000000000195e+00 3.740000000000000213e+00 3.730000000000000426e+00 3.496701531990785039e+00 6.360000000000000000e+02 1.181342051962598589e+03 5.383707444794624264e-01
1.870000000000000000e+02 3.740000000000000213e+00 3.760000000000000231e+00 3.750000000000000000e+00 3.534300112868905330e+00 6.780000000000000000e+02 1.194044532937617760e+03 5.678180179192878763e-01
1.880000000000000000e+02 3.760000000000000231e+00 3.780000000000000249e+00 3.770000000000000462e+00 3.572099755676942934e+00 6.950000000000000000e+02 1.206814941618414423e+03 5.758960848363059437e-01
1.890000000000000000e+02 3.780000000000000249e+00 3.800000000000000266e+00 3.790000000000000036e+00 3.610100460414749080e+00 7.260000000000000000e+02 1.219653278004939466e+03 5.952511366079071831e-01
1.900000000000000000e+02 3.800000000000000266e+00 3.820000000000000284e+00 3.810000000000000497e+00 3.648302227082383720e+00 8.310000000000000000e+02 1.232559542097215626e+03 6.742067799710860232e-01
1.910000000000000000e+02 3.820000000000000284e+00 3.839999999999999858e+00 3.830000000000000071e+00 3.686705055679786458e+00 8.590000000000000000e+02 1.245533733895228124e+03 6.896641789970638925e-01
1.920000000000000000e+02 3.839999999999999858e+00 3.859999999999999876e+00 3.849999999999999645e+00 3.725308946207195770e+00 9.670000000000000000e+02 1.258575853399033349e+03 7.683287402888153705e-01
1.930000000000000000e+02 3.859999999999999876e+00 3.879999999999999893e+00 3.870000000000000107e+00 3.764113898664344315e+00 9.890000000000000000e+02 1.271685900608562861e+03 7.777077653583450711e-01
1.940000000000000000e+02 3.879999999999999893e+00 3.899999999999999911e+00 3.889999999999999680e+00 3.803119913051290713e+00 1.074000000000000000e+03 1.284863875523838715e+03 8.358862136754606764e-01
1.950000000000000000e+02 3.899999999999999911e+00 3.919999999999999929e+00 3.910000000000000142e+00 3.842326989368095358e+00 1.280000000000000000e+03 1.298109778144863867e+03 9.860491166080386227e-01
1.960000000000000000e+02 3.919999999999999929e+00 3.939999999999999947e+00 3.929999999999999716e+00 3.881735127614728054e+00 1.247000000000000000e+03 1.311423608471631951e+03 9.508750581768823373e-01
1.970000000000000000e+02 3.939999999999999947e+00 3.959999999999999964e+00 3.950000000000000178e+00 3.921344327791218110e+00 1.225000000000000000e+03 1.324805366504173435e+03 9.246641287636578888e-01
1.980000000000000000e+02 3.959999999999999964e+00 3.979999999999999982e+00 3.969999999999999751e+00 3.961154589897477152e+00 1.472000000000000000e+03 1.338255052242436477e+03 1.099939804100462659e+00
1.990000000000000000e+02 3.979999999999999982e+00 4.000000000000000000e+00 3.990000000000000213e+00 4.001165913933593998e+00 1.387000000000000000e+03 1.351772665686455639e+03 1.026060102565881760e+00
2.000000000000000000e+02 4.000000000000000000e+00 4.020000000000000462e+00 4.009999999999999787e+00 4.041378299899628601e+00 1.515000000000000000e+03 1.365358206836260933e+03 1.109598926065330060e+00
2.010000000000000000e+02 4.020000000000000462e+00 4.040000000000000036e+00 4.030000000000000249e+00 4.081791747795282532e+00 1.606000000000000000e+03 1.379011675691734354e+03 1.164602177276276240e+00
2.020000000000000000e+02 4.040000000000000036e+00 4.060000000000000497e+00 4.050000000000000711e+00 4.122406257621031855e+00 1.620000000000000000e+03 1.392733072253054615e+03 1.163180534931428589e+00
2.030000000000000000e+02 4.060000000000000497e+00 4.080000000000000071e+00 4.070000000000000284e+00 4.163221829376282379e+00 1.819000000000000000e+03 1.406522396520003895e+03 1.293260601111323904e+00
2.040000000000000000e+02 4.080000000000000071e+00 4.099999999999999645e+00 4.089999999999999858e+00 4.204238463061510167e+00 1.818000000000000000e+03 1.420379648492755678e+03 1.279939487959561806e+00
2.050000000000000000e+02 4.099999999999999645e+00 4.120000000000000107e+00 4.109999999999999432e+00 4.245456158676833347e+00 1.856000000000000000e+03 1.434304828171345207e+03 1.294006659913633284e+00
2.060000000000000000e+02 4.120000000000000107e+00 4.139999999999999680e+00 4.129999999999999893e+00 4.286874916221598220e+00 2.048000000000000000e+03 1.448297935555549884e+03 1.414073685891440224e+00
2.070000000000000000e+02 4.139999999999999680e+00 4.160000000000000142e+00 4.150000000000000355e+00 4.328494735696518880e+00 2.013000000000000000e+03 1.462358970645627096e+03 1.376542996902645921e+00
2.080000000000000000e+02 4.160000000000000142e+00 4.179999999999999716e+00 4.169999999999999929e+00 4.370315617100938965e+00 2.086000000000000000e+03 1.476487933441334462e+03 1.412812087897014512e+00
2.090000000000000000e+02 4.179999999999999716e+00 4.200000000000000178e+00 4.189999999999999503e+00 4.412337560435515726e+00 2.275000000000000000e+03 1.490684823942887760e+03 1.526144201282323865e+00
2.100000000000000000e+02 4.200000000000000178e+00 4.219999999999999751e+00 4.209999999999999964e+00 4.454560565699592800e+00 2.321000000000000000e+03 1.504949642150092131e+03 1.542244295087530359e+00
2.110000000000000000e+02 4.219999999999999751e+00 4.240000000000000213e+00 4.230000000000000426e+00 4.496984632893824774e+00 2.443000000000000000e+03 1.519282388063151529e+03 1.607995998107003999e+00
2.120000000000000000e+02 4.240000000000000213e+00 4.259999999999999787e+00 4.250000000000000000e+00 4.539609762017617456e+00 2.585000000000000000e+03 1.533683061681860863e+03 1.685485133522468759e+00
2.130000000000000000e+02 4.259999999999999787e+00 4.280000000000000249e+00 4.269999999999999574e+00 4.582435953071446910e+00 2.616000000000000000e+03 1.548151663006407944e+03 1.689756929188643841e+00
2.140000000000000000e+02 4.280000000000000249e+00 4.299999999999999822e+00 4.290000000000000036e+00 4.625463206054895693e+00 2.720000000000000000e+03 1.562688192036628379e+03 1.740590358243549796e+00
2.150000000000000000e+02 4.299999999999999822e+00 4.320000000000000284e+00 4.310000000000000497e+00 4.668691520968440756e+00 2.739000000000000000e+03 1.577292648772679968e+03 1.736519853897287691e+00
2.160000000000000000e+02 4.320000000000000284e+00 4.339999999999999858e+00 4.330000000000000071e+00 4.712120897811486131e+00 2.754000000000000000e+03 1.591965033214371033e+03 1.729937493940642002e+00
2.170000000000000000e+02 4.339999999999999858e+00 4.360000000000000320e+00 4.349999999999999645e+00 4.755751336584746802e+00 2.896000000000000000e+03 1.606705345361943046e+03 1.802446234687553828e+00
2.180000000000000000e+02 4.360000000000000320e+00 4.379999999999999893e+00 4.370000000000000107e+00 4.799582837287448278e+00 3.032000000000000000e+03 1.621513585215126341e+03 1.869857907849562961e+00
2.190000000000000000e+02 4.379999999999999893e+00 4.400000000000000355e+00 4.390000000000000568e+00 4.843615399920365050e+00 2.989000000000000000e+03 1.636389752774197859e+03 1.826581958810668649e+00
2.200000000000000000e+02 4.400000000000000355e+00 4.419999999999999929e+00 4.410000000000000142e+00 4.887849024482663118e+00 3.048000000000000000e+03 1.651333848038860651e+03 1.845780611606691712e+00
2.210000000000000000e+02 4.419999999999999929e+00 4.440000000000000391e+00 4.429999999999999716e+00 4.932283710975235991e+00 3.140000000000000000e+03 1.666345871009426219e+03 1.884362697221960925e+00
2.220000000000000000e+02 4.440000000000000391e+00 4.459999999999999964e+00 4.450000000000000178e+00 4.976919459397310064e+00 3.238000000000000000e+03 1.681425821685623532e+03 1.925746564754142076e+00
2.230000000000000000e+02 4.459999999999999964e+00 4.480000000000000426e+00 4.470000000000000639e+00 5.021756269749479529e+00 3.203000000000000000e+03 1.696573700067666323e+03 1.887922699657698988e+00
2.240000000000000000e+02 4.480000000000000426e+00 4.500000000000000000e+00 4.490000000000000213e+00 5.066794142031149306e+00 3.230000000000000000e+03 1.711789506155345180e+03 1.886914242893411586e+00
2.250000000000000000e+02 4.500000000000000000e+00 4.520000000000000462e+00 4.509999999999999787e+00 5.112033076243093888e+00 3.240000000000000000e+03 1.727073239948920900e+03 1.876006138625496034e+00
2.260000000000000000e+02 4.520000000000000462e+00 4.540000000000000036e+00 4.530000000000000249e+00 5.157473072384361146e+00 3.137000000000000000e+03 1.742424901448072660e+03 1.800364536453158637e+00
2.270000000000000000e+02 4.540000000000000036e+00 4.560000000000000497e+00 4.550000000000000711e+00 5.203114130455902320e+00 3.255000000000000000e+03 1.757844490653126059e+03 1.851699634016321205e+00
2.280000000000000000e+02 4.560000000000000497e+00 4.580000000000000071e+00 4.570000000000000284e+00 5.248956250456885186e+00 3.221000000000000000e+03 1.773332007563794150e+03 1.816354741391610128e+00
2.290000000000000000e+02 4.580000000000000071e+00 4.600000000000000533e+00 4.589999999999999858e+00 5.294999432388141969e+00 3.255000000000000000e+03 1.788887452180370701e+03 1.819566678738044674e+00
2.300000000000000000e+02 4.600000000000000533e+00 4.620000000000000107e+00 4.610000000000000320e+00 5.341243676248780936e+00 3.295000000000000000e+03 1.804510824502539208e+03 1.825979625757220504e+00
2.310000000000000000e+02 4.620000000000000107e+00 4.639999999999999680e+00 4.629999999999999893e+00 5.387688982039396279e+00 3.286000000000000000e+03 1.820202124530500896e+03 1.805294014173060013e+00
2.320000000000000000e+02 4.639999999999999680e+00 4.660000000000000142e+00 4.650000000000000355e+00 5.434335349760167411e+00 3.247000000000000000e+03 1.835961352264318748e+03 1.768555746555027453e+00
2.330000000000000000e+02 4.660000000000000142e+00 4.679999999999999716e+00 4.669999999999999929e+00 5.481182779410260331e+00 2.997000000000000000e+03 1.851788507703721280e+03 1.618435359940957108e+00
2.340000000000000000e+02 4.679999999999999716e+00 4.700000000000000178e+00 4.689999999999999503e+00 5.528231270990628943e+00 3.056000000000000000e+03 1.867683590849032953e+03 1.636251458744555576e+00
2.350000000000000000e+02 4.700000000000000178e+00 4.719999999999999751e+00 4.709999999999999964e+00 5.575480824500437471e+00 2.975000000000000000e+03 1.883646601699944995e+03 1.579383307524423685e+00
2.360000000000000000e+02 4.719999999999999751e+00 4.740000000000000213e+00 4.730000000000000426e+00 5.622931439940461296e+00 2.867000000000000000e+03 1.899677540256752764e+03 1.509203503881247022e+00
2.370000000000000000e+02 4.740000000000000213e+00 4.759999999999999787e+00 4.750000000000000000e+00 5.670583117309867305e+00 2.998000000000000000e+03 1.915776406519137254e+03 1.564900783723088384e+00
2.380000000000000000e+02 4.759999999999999787e+00 4.780000000000000249e+00 4.769999999999999574e+00 5.718435856609547230e+00 2.779000000000000000e+03 1.931943200487428157e+03 1.438448086516653124e+00
2.390000000000000000e+02 4.780000000000000249e+00 4.799999999999999822e+00 4.790000000000000036e+00 5.766489657838667959e+00 2.633000000000000000e+03 1.948177922161353081e+03 1.351519268362763038e+00
2.400000000000000000e+02 4.799999999999999822e+00 4.820000000000000284e+00 4.810000000000000497e+00 5.814744520998064381e+00 2.647000000000000000e+03 1.964480571541164863e+03 1.347429971233254919e+00
2.410000000000000000e+02 4.820000000000000284e+00 4.839999999999999858e+00 4.830000000000000071e+00 5.863200446086781703e+00 2.567000000000000000e+03 1.980851148626553595e+03 1.295907570732843572e+00
2.420000000000000000e+02 4.839999999999999858e+00 4.860000000000000320e+00 4.849999999999999645e+00 5.911857433105774717e+00 2.453000000000000000e+03 1.997289653417841009e+03 1.228164375558812527e+00
2.430000000000000000e+02 4.860000000000000320e+00 4.879999999999999893e+00 4.870000000000000107e+00 5.960715482054208536e+00 2.375000000000000000e+03 2.013796085914741525e+03 1.179364691694286593e+00
2.440000000000000000e+02 4.879999999999999893e+00 4.900000000000000355e+00 4.890000000000000568e+00 6.009774592932916271e+00 2.341000000000000000e+03 2.030370446117540496e+03 1.152991565887123260e+00
2.450000000000000000e+02 4.900000000000000355e+00 4.919999999999999929e+00 4.910000000000000142e+00 6.059034765740887174e+00 2.218000000000000000e+03 2.047012734025907321e+03 1.083530142793888817e+00
2.460000000000000000e+02 4.919999999999999929e+00 4.940000000000000391e+00 4.929999999999999716e+00 6.108496000479311405e+00 2.238000000000000000e+03 2.063722949640236038e+03 1.084447890832509920e+00
2.470000000000000000e+02 4.940000000000000391e+00 4.959999999999999964e+00 4.950000000000000178e+00 6.158158297146997917e+00 2.049000000000000000e+03 2.080501092960112146e+03 9.848588914148116435e-01
2.480000000000000000e+02 4.959999999999999964e+00 4.980000000000000426e+00 4.970000000000000639e+00 6.208021655745077361e+00 2.107000000000000000e+03 2.097347163985932639e+03 1.004602402587334353e+00
2.490000000000000000e+02 4.980000000000000426e+00 5.000000000000000000e+00 4.990000000000000213e+00 6.258086076272360465e+00 1.950000000000000000e+03 2.114261162717285515e+03 9.223080073484516417e-01
2.500000000000000000e+02 5.000000000000000000e+00 5.020000000000000462e+00 5.009999999999999787e+00 6.308351558730096897e+00 1.957000000000000000e+03 2.131243089154597328e+03 9.182434467277430512e-01
2.510000000000000000e+02 5.020000000000000462e+00 5.040000000000000036e+00 5.030000000000000249e+00 6.358818103117095610e+00 1.964000000000000000e+03 2.148292943297467900e+03 9.142142397886425798e-01
2.520000000000000000e+02 5.040000000000000036e+00 5.060000000000000497e+00 5.050000000000000711e+00 6.409485709434369127e+00 1.912000000000000000e+03 2.165410725146232835e+03 8.829733674986209868e-01
2.530000000000000000e+02 5.060000000000000497e+00 5.080000000000000071e+00 5.070000000000000284e+00 6.460354377681202465e+00 1.826000000000000000e+03 2.182596434700676582e+03 8.366182455761316250e-01
2.540000000000000000e+02 5.080000000000000071e+00 5.100000000000000533e+00 5.089999999999999858e+00 6.511424107858072574e+00 1.774000000000000000e+03 2.199850071960924197e+03 8.064185930719698359e-01
2.550000000000000000e+02 5.100000000000000533e+00 5.120000000000000107e+00 5.110000000000000320e+00 6.562694899964502504e+00 1.785000000000000000e+03 2.217171636926812880e+03 8.050797557892995782e-01
2.560000000000000000e+02 5.120000000000000107e+00 5.139999999999999680e+00 5.129999999999999893e+00 6.614166754000731174e+00 1.751000000000000000e+03 2.234561129598458137e+03 7.835990597020041637e-01
2.570000000000000000e+02 5.139999999999999680e+00 5.160000000000000142e+00 5.150000000000000355e+00 6.665839669967472680e+00 1.717000000000000000e+03 2.252018549976085069e+03 7.624271123424952723e-01
2.580000000000000000e+02 5.160000000000000142e+00 5.179999999999999716e+00 5.169999999999999929e+00 6.717713647863178927e+00 1.702000000000000000e+03 2.269543898059167532e+03 7.499304161754656306e-01
2.590000000000000000e+02 5.179999999999999716e+00 5.200000000000000178e+00 5.189999999999999503e+00 6.769788687689278106e+00 1.674000000000000000e+03 2.287137173848180282e+03 7.319193702682215141e-01
2.600000000000000000e+02 5.200000000000000178e+00 5.219999999999999751e+00 5.209999999999999964e+00 6.822064789444818977e+00 1.764000000000000000e+03 2.304798377342819094e+03 7.653597890995130770e-01
2.610000000000000000e+02 5.219999999999999751e+00 5.240000000000000213e+00 5.230000000000000426e+00 6.874541953130634653e+00 1.689000000000000000e+03 2.322527508543342719e+03 7.272249709797053985e-01
2.620000000000000000e+02 5.240000000000000213e+00 5.259999999999999787e+00 5.250000000000000000e+00 6.927220178745772117e+00 1.812000000000000000e+03 2.340324567449470123e+03 7.742515825378664118e-01
2.630000000000000000e+02 5.259999999999999787e+00 5.280000000000000249e+00 5.269999999999999574e+00 6.980099466291303401e+00 1.735000000000000000e+03 2.358189554061510535e+03 7.357339010393838530e-01
2.640000000000000000e+02 5.280000000000000249e+00 5.299999999999999822e+00 5.290000000000000036e+00 7.033179815766037457e+00 1.827000000000000000e+03 2.376122468379117436e+03 7.688997618234283404e-01
2.650000000000000000e+02 5.299999999999999822e+00 5.320000000000000284e+00 5.310000000000000497e+00 7.086461227171284349e+00 1.734000000000000000e+03 2.394123310402675997e+03 7.242734709885734201e-01
2.660000000000000000e+02 5.320000000000000284e+00 5.339999999999999858e+00 5.330000000000000071e+00 7.139943700505614999e+00 1.852000000000000000e+03 2.412192080131741932e+03 7.677663877823747152e-01
2.670000000000000000e+02 5.339999999999999858e+00 5.360000000000000320e+00 5.349999999999999645e+00 7.193627235770458483e+00 1.740000000000000000e+03 2.430328777566784993e+03 7.159525147630709796e-01
2.680000000000000000e+02 5.360000000000000320e+00 5.379999999999999893e+00 5.370000000000000107e+00 7.247511832964505629e+00 1.835000000000000000e+03 2.448533402707372261e+03 7.494282079105062389e-01
2.690000000000000000e+02 5.379999999999999893e+00 5.400000000000000355e+00 5.390000000000000568e+00 7.301597492089064723e+00 1.864000000000000000e+03 2.466805955553932563e+03 7.556330062375864465e-01
2.700000000000000000e+02 5.400000000000000355e+00 5.419999999999999929e+00 5.410000000000000142e+00 7.355884213142826589e+00 1.854000000000000000e+03 2.485146436106031160e+03 7.460324965417439724e-01
2.710000000000000000e+02 5.419999999999999929e+00 5.440000000000000391e+00 5.429999999999999716e+00 7.410371996126863259e+00 1.899000000000000000e+03 2.503554844364029123e+03 7.585214297481857049e-01
2.720000000000000000e+02 5.440000000000000391e+00 5.459999999999999964e+00 5.450000000000000178e+00 7.465060841040341622e+00 1.970000000000000000e+03 2.522031180327656784e+03 7.811164332012984213e-01
2.730000000000000000e+02 5.459999999999999964e+00 5.480000000000000426e+00 5.470000000000000639e+00 7.519950747884212916e+00 1.969000000000000000e+03 2.540575443997204729e+03 7.750212671905862827e-01
2.740000000000000000e+02 5.480000000000000426e+00 5.500000000000000000e+00 5.490000000000000213e+00 7.575041716657167967e+00 2.100000000000000000e+03 2.559187635372265959e+03 8.205728923407089592e-01
2.750000000000000000e+02 5.500000000000000000e+00 5.520000000000000462e+00 5.509999999999999787e+00 7.630333747360755758e+00 2.007000000000000000e+03 2.577867754453337966e+03 7.785504111034601271e-01
2.760000000000000000e+02 5.520000000000000462e+00 5.540000000000000036e+00 5.530000000000000249e+00 7.685826839993307402e+00 2.031000000000000000e+03 2.596615801239863686e+03 7.821719328020007023e-01
2.770000000000000000e+02 5.540000000000000036e+00 5.560000000000000497e+00 5.550000000000000711e+00 7.741520994556610802e+00 2.202000000000000000e+03 2.615431775732442020e+03 8.419259949471776805e-01
2.780000000000000000e+02 5.560000000000000497e+00 5.580000000000000071e+00 5.570000000000000284e+00 7.797416211048878942e+00 2.089000000000000000e+03 2.634315677930478614e+03 7.929953184810109024e-01
2.790000000000000000e+02 5.580000000000000071e+00 5.600000000000000533e+00 5.589999999999999858e+00 7.853512489471659030e+00 2.228000000000000000e+03 2.653267507834505523e+03 8.397193247274217232e-01
2.800000000000000000e+02 5.600000000000000533e+00 5.620000000000000107e+00 5.610000000000000320e+00 7.909809829823761795e+00 2.271000000000000000e+03 2.672287265444108925e+03 8.498337844762289262e-01
2.810000000000000000e+02 5.620000000000000107e+00 5.639999999999999680e+00 5.629999999999999893e+00 7.966308232105900444e+00 2.230000000000000000e+03 2.691374950759532112e+03 8.285727707210295279e-01
2.820000000000000000e+02 5.639999999999999680e+00 5.660000000000000142e+00 5.650000000000000355e+00 8.023007696318195769e+00 2.351000000000000000e+03 2.710530563780836474e+03 8.673578639602800289e-01
2.830000000000000000e+02 5.660000000000000142e+00 5.679999999999999716e+00 5.669999999999999929e+00 8.079908222459573963e+00 2.480000000000000000e+03 2.729754104507593183e+03 9.085067390886312211e-01
2.840000000000000000e+02 5.679999999999999716e+00 5.700000000000000178e+00 5.689999999999999503e+00 8.137009810531703025e+00 2.499000000000000000e+03 2.749045572940435704e+03 9.090427690971373265e-01
2.850000000000000000e+02 5.700000000000000178e+00 5.719999999999999751e+00 5.709999999999999964e+00 8.194312460532797715e+00 2.595000000000000000e+03 2.768404969078727390e+03 9.373628601972805452e-01
2.860000000000000000e+02 5.719999999999999751e+00 5.740000000000000213e+00 5.730000000000000426e+00 8.251816172464524257e+00 2.719000000000000000e+03 2.787832292923028490e+03 9.753097440266543794e-01
2.870000000000000000e+02 5.740000000000000213e+00 5.759999999999999787e+00 5.750000000000000000e+00 8.309520946325214652e+00 2.643000000000000000e+03 2.807327544472810587e+03 9.414647767780621734e-01
2.880000000000000000e+02 5.759999999999999787e+00 5.780000000000000249e+00 5.769999999999999574e+00 8.367426782116536899e+00 2.602000000000000000e+03 2.826890723728606190e+03 9.204459083469699321e-01
2.890000000000000000e+02 5.780000000000000249e+00 5.799999999999999822e+00 5.790000000000000036e+00 8.425533679837062806e+00 2.675000000000000000e+03 2.846521830689912804e+03 9.397433636936692869e-01
2.900000000000000000e+02 5.799999999999999822e+00 5.820000000000000284e+00 5.810000000000000497e+00 8.483841639487982533e+00 2.756000000000000000e+03 2.866220865357193816e+03 9.615448806861373043e-01
2.910000000000000000e+02 5.820000000000000284e+00 5.839999999999999858e+00 5.830000000000000071e+00 8.542350661067985129e+00 2.755000000000000000e+03 2.885987827729948094e+03 9.546124808734969269e-01
2.920000000000000000e+02 5.839999999999999858e+00 5.860000000000000320e+00 5.849999999999999645e+00 8.601060744578738593e+00 2.811000000000000000e+03 2.905822717808765447e+03 9.673680306690320974e-01
2.930000000000000000e+02 5.860000000000000320e+00 5.879999999999999893e+00 5.870000000000000107e+00 8.659971890018576701e+00 2.870000000000000000e+03 2.925725535593100631e+03 9.809532593145979806e-01
2.940000000000000000e+02 5.879999999999999893e+00 5.900000000000000355e+00 5.890000000000000568e+00 8.719084097388808630e+00 2.867000000000000000e+03 2.945696281083356553e+03 9.732843193683179406e-01
2.950000000000000000e+02 5.900000000000000355e+00 5.919999999999999929e+00 5.910000000000000142e+00 8.778397366688125203e+00 2.737000000000000000e+03 2.965734954279110298e+03 9.228741078331763603e-01
2.960000000000000000e+02 5.919999999999999929e+00 5.940000000000000391e+00 5.929999999999999716e+00 8.837911697918190868e+00 2.827000000000000000e+03 2.985841555180921659e+03 9.468017467620457595e-01
2.970000000000000000e+02 5.940000000000000391e+00 5.959999999999999964e+00 5.950000000000000178e+00 8.897627091077222161e+00 2.863000000000000000e+03 3.006016083788202650e+03 9.524233803805957077e-01
2.980000000000000000e+02 5.959999999999999964e+00 5.980000000000000426e+00 5.970000000000000639e+00 8.957543546166885307e+00 2.707000000000000000e+03 3.026258540101499420e+03 8.945038780160562419e-01
2.990000000000000000e+02 5.980000000000000426e+00 6.000000000000000000e+00 5.990000000000000213e+00 9.017661063185631320e+00 2.823000000000000000e+03 3.046568924120270822e+03 9.266161607734416661e-01
3.000000000000000000e+02 6.000000000000000000e+00 6.020000000000000462e+00 6.009999999999999787e+00 9.077979642134891947e+00 2.796000000000000000e+03 3.066947235845048908e+03 9.116557230987399896e-01
3.010000000000000000e+02 6.020000000000000462e+00 6.040000000000000036e+00 6.030000000000000249e+00 9.138499283013235441e+00 2.738000000000000000e+03 3.087393475275317087e+03 8.868322168608068212e-01
3.020000000000000000e+02 6.040000000000000036e+00 6.060000000000000497e+00 6.050000000000000711e+00 9.199219985822329804e+00 2.893000000000000000e+03 3.107907642411647430e+03 9.308513420801380889e-01
3.030000000000000000e+02 6.060000000000000497e+00 6.080000000000000071e+00 6.070000000000000284e+00 9.260141750560270779e+00 2.823000000000000000e+03 3.128489737253395560e+03 9.023523287880128585e-01
3.040000000000000000e+02 6.080000000000000071e+00 6.100000000000000533e+00 6.089999999999999858e+00 9.321264577228841830e+00 2.865000000000000000e+03 3.149139759801143100e+03 9.097722611653521474e-01
3.050000000000000000e+02 6.100000000000000533e+00 6.120000000000000107e+00 6.110000000000000320e+00 9.382588465826616542e+00 2.816000000000000000e+03 3.169857710054444851e+03 8.883679513651207005e-01
3.060000000000000000e+02 6.120000000000000107e+00 6.140000000000000568e+00 6.130000000000000782e+00 9.444113416354905866e+00 2.909000000000000000e+03 3.190643588013733734e+03 9.117282829483738249e-01
3.070000000000000000e+02 6.140000000000000568e+00 6.160000000000000142e+00 6.150000000000000355e+00 9.505839428812157266e+00 2.975000000000000000e+03 3.211497393678475419e+03 9.263591512968381014e-01
3.080000000000000000e+02 6.160000000000000142e+00 6.179999999999999716e+00 6.169999999999999929e+00 9.567766503199804262e+00 2.960000000000000000e+03 3.232419127049139661e+03 9.157228328561990427e-01
3.090000000000000000e+02 6.179999999999999716e+00 6.200000000000000178e+00 6.189999999999999503e+00 9.629894639517605270e+00 2.997000000000000000e+03 3.253408788125660067e+03 9.211876512224640434e-01
3.100000000000000000e+02 6.200000000000000178e+00 6.219999999999999751e+00 6.209999999999999964e+00 9.692223837764371908e+00 3.059000000000000000e+03 3.274466376907671020e+03 9.341980182092594065e-01
3.110000000000000000e+02 6.219999999999999751e+00 6.240000000000000213e+00 6.230000000000000426e+00 9.754754097941770397e+00 3.084000000000000000e+03 3.295591893395677289e+03 9.357954806783860269e-01
3.120000000000000000e+02 6.240000000000000213e+00 6.259999999999999787e+00 6.250000000000000000e+00 9.817485420048372546e+00 3.159000000000000000e+03 3.316785337589212759e+03 9.524282335063932736e-01
3.130000000000000000e+02 6.259999999999999787e+00 6.280000000000000249e+00 6.269999999999999574e+00 9.880417804085366740e+00 3.202000000000000000e+03 3.338046709488712622e+03 9.592436172022437146e-01
3.140000000000000000e+02 6.280000000000000249e+00 6.299999999999999822e+00 6.290000000000000036e+00 9.943551250051564594e+00 3.152000000000000000e+03 3.359376009093733956e+03 9.382694856031676967e-01
3.150000000000000000e+02 6.299999999999999822e+00 6.320000000000000284e+00 6.310000000000000497e+00 1.000688575794839430e+01 3.259000000000000000e+03 3.380773236404782438e+03 9.639806553443140968e-01
3.160000000000000000e+02 6.320000000000000284e+00 6.339999999999999858e+00 6.330000000000000071e+00 1.007042132777418963e+01 3.274000000000000000e+03 3.402238391421277811e+03 9.623076408329792608e-01
3.170000000000000000e+02 6.339999999999999858e+00 6.360000000000000320e+00 6.349999999999999645e+00 1.013415795953061682e+01 3.369000000000000000e+03 3.423771474143825344e+03 9.840025905474540924e-01
3.180000000000000000e+02 6.360000000000000320e+00 6.379999999999999893e+00 6.370000000000000107e+00 1.019809565321600786e+01 3.398000000000000000e+03 3.445372484571757923e+03 9.862504025953972020e-01
3.190000000000000000e+02 6.379999999999999893e+00 6.400000000000000355e+00 6.390000000000000568e+00 1.026223440883214977e+01 3.392000000000000000e+03 3.467041422705819969e+03 9.783557755571161696e-01
3.200000000000000000e+02 6.400000000000000355e+00 6.419999999999999929e+00 6.410000000000000142e+00 1.032657422637713829e+01 3.431000000000000000e+03 3.488778288545262512e+03 9.834388190459203427e-01
3.210000000000000000e+02 6.419999999999999929e+00 6.440000000000000391e+00 6.429999999999999716e+00 1.039111510585311393e+01 3.545000000000000000e+03 3.510583082090856806e+03 1.009803761114419940e+00
3.220000000000000000e+02 6.440000000000000391e+00 6.459999999999999964e+00 6.450000000000000178e+00 1.045585704725769993e+01 3.549000000000000000e+03 3.532455803341778392e+03 1.004683482987266396e+00
3.230000000000000000e+02 6.459999999999999964e+00 6.480000000000000426e+00 6.470000000000000639e+00 1.052080005059303502e+01 3.400000000000000000e+03 3.554396452298781242e+03 9.565618370458010000e-01
3.240000000000000000e+02 6.480000000000000426e+00 6.500000000000000000e+00 6.490000000000000213e+00 1.058594411585769279e+01 3.592000000000000000e+03 3.576405028961328753e+03 1.004360515912595231e+00
3.250000000000000000e+02 6.500000000000000000e+00 6.520000000000000462e+00 6.509999999999999787e+00 1.065128924305262359e+01 3.518000000000000000e+03 3.598481533329808371e+03 9.776345848702089336e-01
3.260000000000000000e+02 6.520000000000000462e+00 6.540000000000000036e+00 6.530000000000000249e+00 1.071683543217687884e+01 3.517000000000000000e+03 3.620625965403859027e+03 9.713789918113510113e-01
3.270000000000000000e+02 6.540000000000000036e+00 6.560000000000000497e+00 6.550000000000000711e+00 1.078258268323140712e+01 3.584000000000000000e+03 3.642838325183796769e+03 9.838482194565063566e-01
3.280000000000000000e+02 6.560000000000000497e+00 6.580000000000000071e+00 6.570000000000000284e+00 1.084853099621525807e+01 3.642000000000000000e+03 3.665118612669323738e+03 9.936922607117245621e-01
3.290000000000000000e+02 6.580000000000000071e+00 6.600000000000000533e+00 6.589999999999999858e+00 1.091468037112985989e+01 3.539000000000000000e+03 3.687466827860892863e+03 9.597374471984012612e-01
3.300000000000000000e+02 6.600000000000000533e+00 6.620000000000000107e+00 6.610000000000000320e+00 1.098103080797283049e+01 3.611000000000000000e+03 3.709882970757715157e+03 9.733460673727076795e-01
3.310000000000000000e+02 6.620000000000000107e+00 6.640000000000000568e+00 6.630000000000000782e+00 1.104758230674726782e+01 3.652000000000000000e+03 3.732367041360863823e+03 9.784675407133696101e-01
3.320000000000000000e+02 6.640000000000000568e+00 6.660000000000000142e+00 6.650000000000000355e+00 1.111433486745007393e+01 3.740000000000000000e+03 3.754919039669255199e+03 9.960268012408146632e-01
3.330000000000000000e+02 6.660000000000000142e+00 6.679999999999999716e+00 6.669999999999999929e+00 1.118128849008339287e+01 3.713000000000000000e+03 3.777538965683640527e+03 9.829150761196818742e-01
3.340000000000000000e+02 6.679999999999999716e+00 6.700000000000000178e+00 6.689999999999999503e+00 1.124844317464722288e+01 3.722000000000000000e+03 3.800226819404003891e+03 9.794152235849247212e-01
3.350000000000000000e+02 6.700000000000000178e+00 6.719999999999999751e+00 6.709999999999999964e+00 1.131579892113942520e+01 3.625000000000000000e+03 3.822982600829586318e+03 9.482125289331361229e-01
3.360000000000000000e+02 6.719999999999999751e+00 6.740000000000000213e+00 6.730000000000000426e+00 1.138335572956285269e+01 3.628000000000000000e+03 3.845806309961421448e+03 9.433652419267036793e-01
3.370000000000000000e+02 6.740000000000000213e+00 6.759999999999999787e+00 6.750000000000000000e+00 1.145111359991512678e+01 3.761000000000000000e+03 3.868697946798675730e+03 9.721617070446673115e-01
3.380000000000000000e+02 6.759999999999999787e+00 6.780000000000000249e+00 6.769999999999999574e+00 1.151907253219791372e+01 3.768000000000000000e+03 3.891657511341903955e+03 9.682249758665775197e-01
3.390000000000000000e+02 6.780000000000000249e+00 6.799999999999999822e+00 6.790000000000000036e+00 1.158723252640954549e+01 3.714000000000000000e+03 3.914685003590530869e+03 9.487353379885065108e-01
3.400000000000000000e+02 6.799999999999999822e+00 6.820000000000000284e+00 6.810000000000000497e+00 1.165559358255240419e+01 3.671000000000000000e+03 3.937780423545403664e+03 9.322510666287465719e-01
3.410000000000000000e+02 6.820000000000000284e+00 6.839999999999999858e+00 6.830000000000000071e+00 1.172415570062363344e+01 3.694000000000000000e+03 3.960943771205495523e+03 9.326060185085000009e-01
3.420000000000000000e+02 6.839999999999999858e+00 6.860000000000000320e+00 6.849999999999999645e+00 1.179291888062608962e+01 3.589000000000000000e+03 3.984175046571844632e+03 9.008138342435857426e-01
3.430000000000000000e+02 6.860000000000000320e+00 6.879999999999999893e+00 6.870000000000000107e+00 1.186188312255715438e+01 3.707000000000000000e+03 4.007474249643503299e+03 9.250215395219987258e-01
3.440000000000000000e+02 6.879999999999999893e+00 6.900000000000000355e+00 6.890000000000000568e+00 1.193104842641920627e+01 3.777000000000000000e+03 4.030841380421346912e+03 9.370252122412188189e-01
3.450000000000000000e+02 6.900000000000000355e+00 6.919999999999999929e+00 6.910000000000000142e+00 1.200041479220962870e+01 3.813000000000000000e+03 4.054276438904402312e+03 9.404884095743596406e-01
3.460000000000000000e+02 6.919999999999999929e+00 6.940000000000000391e+00 6.929999999999999716e+00 1.206998221993151610e+01 3.674000000000000000e+03 4.077779425093785903e+03 9.009805624578384187e-01
3.470000000000000000e+02 6.940000000000000391e+00 6.959999999999999964e+00 6.950000000000000178e+00 1.213975070958177227e+01 3.729000000000000000e+03 4.101350338988414478e+03 9.092127450199112282e-01
3.480000000000000000e+02 6.959999999999999964e+00 6.980000000000000426e+00 6.970000000000000639e+00 1.220972026116325715e+01 3.733000000000000000e+03 4.124989180589267562e+03 9.049720706095838452e-01
3.490000000000000000e+02 6.980000000000000426e+00 7.000000000000000000e+00 6.990000000000000213e+00 1.227989087467311080e+01 3.826000000000000000e+03 4.148695949895382910e+03 9.222174982711084379e-01
3.500000000000000000e+02 7.000000000000000000e+00 7.020000000000000462e+00 7.009999999999999787e+00 1.235026255011419138e+01 3.763000000000000000e+03 4.172470646907689115e+03 9.018637441557181278e-01
3.510000000000000000e+02 7.020000000000000462e+00 7.040000000000000036e+00 7.030000000000000249e+00 1.242083528748364252e+01 3.855000000000000000e+03 4.196313271625243033e+03 9.186635387941254338e-01
3.520000000000000000e+02 7.040000000000000036e+00 7.060000000000000497e+00 7.050000000000000711e+00 1.249160908678455684e+01 3.880000000000000000e+03 4.220223824049132418e+03 9.193825166072112642e-01
3.530000000000000000e+02 7.060000000000000497e+00 7.080000000000000071e+00 7.070000000000000284e+00 1.256258394801384348e+01 3.996000000000000000e+03 4.244202304178300437e+03 9.415196811108763608e-01
3.540000000000000000e+02 7.080000000000000071e+00 7.100000000000000533e+00 7.089999999999999858e+00 1.263375987117387922e+01 3.915000000000000000e+03 4.268248712013462864e+03 9.172380205916292883e-01
3.550000000000000000e+02 7.100000000000000533e+00 7.120000000000000107e+00 7.110000000000000320e+00 1.270513685626323586e+01 3.826000000000000000e+03 4.292363047554260447e+03 8.913505119703262203e-01
3.560000000000000000e+02 7.120000000000000107e+00 7.140000000000000568e+00 7.130000000000000782e+00 1.277671490328286907e+01 3.900000000000000000e+03 4.316545310800925108e+03 9.035003038752682514e-01
3.570000000000000000e+02 7.140000000000000568e+00 7.160000000000000142e+00 7.150000000000000355e+00 1.284849401223182319e+01 3.896000000000000000e+03 4.340795501753191274e+03 8.975313392272121771e-01
3.580000000000000000e+02 7.160000000000000142e+00 7.179999999999999716e+00 7.169999999999999929e+00 1.292047418311057783e+01 3.913000000000000000e+03 4.365113620411175361e+03 8.964256924958144968e-01
3.590000000000000000e+02 7.179999999999999716e+00 7.200000000000000178e+00 7.189999999999999503e+00 1.299265541592031958e+01 4.023000000000000000e+03 4.389499666775303922e+03 9.165053663064636202e-01
3.600000000000000000e+02 7.200000000000000178e+00 7.219999999999999751e+00 7.209999999999999964e+00 1.306503771065819208e+01 3.956000000000000000e+03 4.413953640844608344e+03 8.962486518646400890e-01
3.610000000000000000e+02 7.219999999999999751e+00 7.240000000000000213e+00 7.230000000000000426e+00 1.313762106732753132e+01 4.004000000000000000e+03 4.438475542620217311e+03 9.021115384216518152e-01
3.620000000000000000e+02 7.240000000000000213e+00 7.259999999999999787e+00 7.250000000000000000e+00 1.321040548592523933e+01 4.055000000000000000e+03 4.463065372101077628e+03 9.085683632034785573e-01
3.630000000000000000e+02 7.259999999999999787e+00 7.280000000000000249e+00 7.269999999999999574e+00 1.328339096645393624e+01 4.064000000000000000e+03 4.487723129288065138e+03 9.055817132472508968e-01
3.640000000000000000e+02 7.280000000000000249e+00 7.299999999999999822e+00 7.290000000000000036e+00 1.335657750891147977e+01 4.004000000000000000e+03 4.512448814180494082e+03 8.873230844009399876e-01
3.650000000000000000e+02 7.299999999999999822e+00 7.320000000000000284e+00 7.310000000000000497e+00 1.342996511329977238e+01 4.073000000000000000e+03 4.537242426778970184e+03 8.976818113048149472e-01
3.660000000000000000e+02 7.320000000000000284e+00 7.339999999999999858e+00 7.330000000000000071e+00 1.350355377961691161e+01 4.170000000000000000e+03 4.562103967082885902e+03 9.140519440345841184e-01
3.670000000000000000e+02 7.339999999999999858e+00 7.360000000000000320e+00 7.349999999999999645e+00 1.357734350786504152e+01 4.087000000000000000e+03 4.587033435092916989e+03 8.909897993619512180e-01
3.680000000000000000e+02 7.360000000000000320e+00 7.379999999999999893e+00 7.370000000000000107e+00 1.365133429804201448e+01 4.100000000000000000e+03 4.612030830808351311e+03 8.889793131069317900e-01
3.690000000000000000e+02 7.379999999999999893e+00 7.400000000000000355e+00 7.390000000000000568e+00 1.372552615014950206e+01 4.140000000000000000e+03 4.637096154229782769e+03 8.928001193642813860e-01
3.700000000000000000e+02 7.400000000000000355e+00 7.419999999999999929e+00 7.410000000000000142e+00 1.379991906418607250e+01 4.244000000000000000e+03 4.662229405356713869e+03 9.102941170427638617e-01
3.710000000000000000e+02 7.419999999999999929e+00 7.440000000000000391e+00 7.429999999999999716e+00 1.387451304015339559e+01 4.290000000000000000e+03 4.687430584189708497e+03 9.152135531286144099e-01
3.720000000000000000e+02 7.440000000000000391e+00 7.459999999999999964e+00 7.450000000000000178e+00 1.394930807804956174e+01 4.417000000000000000e+03 4.712699690728120004e+03 9.372547138299759384e-01
3.730000000000000000e+02 7.459999999999999964e+00 7.480000000000000426e+00 7.470000000000000639e+00 1.402430417787671857e+01 4.386000000000000000e+03 4.738036724972643242e+03 9.256998741446699208e-01
3.740000000000000000e+02 7.480000000000000426e+00 7.500000000000000000e+00 7.490000000000000213e+00 1.409950133963224594e+01 4.460000000000000000e+03 4.763441686922460576e+03 9.362978059004000153e-01
3.750000000000000000e+02 7.500000000000000000e+00 7.520000000000000462e+00 7.509999999999999787e+00 1.417489956331899847e+01 4.437000000000000000e+03 4.788914576578468768e+03 9.265147517352667617e-01
3.760000000000000000e+02 7.520000000000000462e+00 7.540000000000000036e+00 7.530000000000000249e+00 1.425049884893459762e+01 4.611000000000000000e+03 4.814455393939932947e+03 9.577407251096298202e-01
3.770000000000000000e+02 7.540000000000000036e+00 7.560000000000000497e+00 7.550000000000000711e+00 1.432629919648094763e+01 4.670000000000000000e+03 4.840064139007421545e+03 9.648632468241841176e-01
3.780000000000000000e+02 7.560000000000000497e+00 7.580000000000000071e+00 7.570000000000000284e+00 1.440230060595590444e+01 4.695000000000000000e+03 4.865740811780261538e+03 9.649095958077159585e-01
3.790000000000000000e+02 7.580000000000000071e+00 7.600000000000000533e+00 7.589999999999999858e+00 1.447850307736208997e+01 4.725000000000000000e+03 4.891485412259296027e+03 9.659642423052020588e-01
3.800000000000000000e+02 7.600000000000000533e+00 7.620000000000000107e+00 7.610000000000000320e+00 1.455490661069664426e+01 4.792000000000000000e+03 4.917297940443625521e+03 9.745189447616994238e-01
3.810000000000000000e+02 7.620000000000000107e+00 7.640000000000000568e+00 7.630000000000000782e+00 1.463151120596242549e+01 4.721000000000000000e+03 4.943178396334158606e+03 9.550535346855122398e-01
3.820000000000000000e+02 7.640000000000000568e+00 7.660000000000000142e+00 7.650000000000000355e+00 1.470831686315681353e+01 4.906000000000000000e+03 4.969126779929998520e+03 9.872962025873511793e-01
3.830000000000000000e+02 7.660000000000000142e+00 7.679999999999999716e+00 7.669999999999999929e+00 1.478532358228147814e+01 4.964000000000000000e+03 4.995143091231785547e+03 9.937653255045981737e-01
3.840000000000000000e+02 7.679999999999999716e+00 7.700000000000000178e+00 7.689999999999999503e+00 1.486253136333689184e+01 4.957000000000000000e+03 5.021227330239593357e+03 9.872088383943913303e-01
3.850000000000000000e+02 7.700000000000000178e+00 7.719999999999999751e+00 7.709999999999999964e+00 1.493994020632067610e+01 4.889000000000000000e+03 5.047379496952702539e+03 9.686214406805903065e-01
3.860000000000000000e+02 7.719999999999999751e+00 7.740000000000000213e+00 7.730000000000000426e+00 1.501755011123568728e+01 5.144000000000000000e+03 5.073599591371988026e+03 1.013875830632699593e+00
3.870000000000000000e+02 7.740000000000000213e+00 7.759999999999999787e+00 7.750000000000000000e+00 1.509536107807906724e+01 5.125000000000000000e+03 5.099887613496543963e+03 1.004924105864019035e+00
3.880000000000000000e+02 7.759999999999999787e+00 7.780000000000000249e+00 7.769999999999999574e+00 1.517337310685367413e+01 5.083000000000000000e+03 5.126243563327330776e+03 9.915642784442215696e-01
3.890000000000000000e+02 7.780000000000000249e+00 7.799999999999999822e+00 7.790000000000000036e+00 1.525158619755665157e+01 5.168000000000000000e+03 5.152667440863364391e+03 1.002975654709450160e+00
3.900000000000000000e+02 7.799999999999999822e+00 7.820000000000000284e+00 7.810000000000000497e+00 1.533000035019109397e+01 5.312000000000000000e+03 5.179159246105671627e+03 1.025649096230090596e+00
3.910000000000000000e+02 7.820000000000000284e+00 7.839999999999999858e+00 7.830000000000000071e+00 1.540861556475366889e+01 5.370000000000000000e+03 5.205718979053203839e+03 1.031557796647846414e+00
3.920000000000000000e+02 7.839999999999999858e+00 7.860000000000000320e+00 7.849999999999999645e+00 1.548743184124770700e+01 5.275000000000000000e+03 5.232346639707017857e+03 1.008151860576150582e+00
3.930000000000000000e+02 7.860000000000000320e+00 7.879999999999999893e+00 7.870000000000000107e+00 1.556644917967011565e+01 5.373000000000000000e+03 5.259042228066092321e+03 1.021668921258275020e+00
3.940000000000000000e+02 7.879999999999999893e+00 7.900000000000000355e+00 7.890000000000000568e+00 1.564566758002375124e+01 5.583000000000000000e+03 5.285805744131377651e+03 1.056224967442018770e+00
3.950000000000000000e+02 7.900000000000000355e+00 7.919999999999999929e+00 7.910000000000000142e+00 1.572508704230599541e+01 5.534000000000000000e+03 5.312637187901999823e+03 1.041667218044192822e+00
3.960000000000000000e+02 7.919999999999999929e+00 7.940000000000000391e+00 7.929999999999999716e+00 1.580470756651898867e+01 5.483000000000000000e+03 5.339536559378695529e+03 1.026868144646245762e+00
3.970000000000000000e+02 7.940000000000000391e+00 7.959999999999999964e+00 7.950000000000000178e+00 1.588452915266082854e+01 5.654000000000000000e+03 5.366503858560786284e+03 1.053572334804267818e+00
3.980000000000000000e+02 7.959999999999999964e+00 7.980000000000000426e+00 7.970000000000000639e+00 1.596455180073365732e+01 5.642000000000000000e+03 5.393539085449044251e+03 1.046066397334779019e+00
3.990000000000000000e+02 7.980000000000000426e+00 8.000000000000000000e+00 7.990000000000000213e+00 1.604477551073509645e+01 5.808000000000000000e+03 5.420642240042625417e+03 1.071459753808494897e+00
