bin_index  r_left_A  r_right_A  r_center_A  shell_volume_A3  counts  normalization  g_r
0.000000000000000000e+00 0.000000000000000000e+00 2.000000000000000042e-02 1.000000000000000021e-02 3.351032163829112431e-05 0.000000000000000000e+00 4.823245406475951125e-02 0.000000000000000000e+00
1.000000000000000000e+00 2.000000000000000042e-02 4.000000000000000083e-02 2.999999999999999889e-02 2.345722514680378566e-04 0.000000000000000000e+00 3.376271784533239062e-01 0.000000000000000000e+00
2.000000000000000000e+00 4.000000000000000083e-02 5.999999999999999778e-02 5.000000000000000278e-02 6.366961111275311856e-04 0.000000000000000000e+00 9.164166272304454797e-01 0.000000000000000000e+00
3.000000000000000000e+00 5.999999999999999778e-02 8.000000000000000167e-02 7.000000000000000666e-02 1.239881900616771667e-03 0.000000000000000000e+00 1.784600800396145104e+00 0.000000000000000000e+00
4.000000000000000000e+00 8.000000000000000167e-02 1.000000000000000056e-01 8.999999999999999667e-02 2.044129619935759843e-03 0.000000000000000000e+00 2.942179697950358275e+00 0.000000000000000000e+00
5.000000000000000000e+00 1.000000000000000056e-01 1.199999999999999956e-01 1.100000000000000006e-01 3.049439269084490076e-03 0.000000000000000000e+00 4.389153319893137173e+00 0.000000000000000000e+00
6.000000000000000000e+00 1.199999999999999956e-01 1.400000000000000133e-01 1.300000000000000044e-01 4.255810848062977110e-03 0.000000000000000000e+00 6.125521666224579498e+00 0.000000000000000000e+00
7.000000000000000000e+00 1.400000000000000133e-01 1.600000000000000033e-01 1.500000000000000222e-01 5.663244356871196226e-03 0.000000000000000000e+00 8.151284736944395704e+00 0.000000000000000000e+00
8.000000000000000000e+00 1.600000000000000033e-01 1.799999999999999933e-01 1.699999999999999845e-01 7.271739795509172578e-03 0.000000000000000000e+00 1.046644253205302810e+01 0.000000000000000000e+00
9.000000000000000000e+00 1.799999999999999933e-01 2.000000000000000111e-01 1.900000000000000022e-01 9.081297163976905298e-03 0.000000000000000000e+00 1.307099505155015429e+01 0.000000000000000000e+00
1.000000000000000000e+01 2.000000000000000111e-01 2.200000000000000011e-01 2.100000000000000200e-01 1.109191646227435275e-02 0.000000000000000000e+00 1.596494229543562859e+01 0.000000000000000000e+00
1.100000000000000000e+01 2.200000000000000011e-01 2.399999999999999911e-01 2.299999999999999822e-01 1.330359769040156959e-02 0.000000000000000000e+00 1.914828426370978320e+01 0.000000000000000000e+00
1.200000000000000000e+01 2.399999999999999911e-01 2.600000000000000089e-01 2.500000000000000000e-01 1.571634084835855233e-02 0.000000000000000000e+00 2.262102095637224508e+01 0.000000000000000000e+00
1.300000000000000000e+01 2.600000000000000089e-01 2.800000000000000266e-01 2.700000000000000178e-01 1.833014593614526455e-02 0.000000000000000000e+00 2.638315237342381181e+01 0.000000000000000000e+00
1.400000000000000000e+01 2.800000000000000266e-01 2.999999999999999889e-01 2.900000000000000355e-01 2.114501295376165768e-02 0.000000000000000000e+00 3.043467851486366627e+01 0.000000000000000000e+00
1.500000000000000000e+01 2.999999999999999889e-01 3.200000000000000067e-01 3.099999999999999978e-01 2.416094190120790866e-02 0.000000000000000000e+00 3.477559938069221346e+01 0.000000000000000000e+00
1.600000000000000000e+01 3.200000000000000067e-01 3.400000000000000244e-01 3.300000000000000155e-01 2.737793277848387871e-02 0.000000000000000000e+00 3.940591497090906614e+01 0.000000000000000000e+00
1.700000000000000000e+01 3.400000000000000244e-01 3.599999999999999867e-01 3.499999999999999778e-01 3.079598558558950191e-02 0.000000000000000000e+00 4.432562528551457603e+01 0.000000000000000000e+00
1.800000000000000000e+01 3.599999999999999867e-01 3.800000000000000044e-01 3.699999999999999956e-01 3.441510032252501766e-02 0.000000000000000000e+00 4.953473032450842339e+01 0.000000000000000000e+00
1.900000000000000000e+01 3.800000000000000044e-01 4.000000000000000222e-01 3.900000000000000133e-01 3.823527698929021779e-02 0.000000000000000000e+00 5.503323008789121928e+01 0.000000000000000000e+00
2.000000000000000000e+01 4.000000000000000222e-01 4.199999999999999845e-01 4.100000000000000311e-01 4.225651558588498780e-02 0.000000000000000000e+00 6.082112457566161368e+01 0.000000000000000000e+00
2.100000000000000000e+01 4.199999999999999845e-01 4.400000000000000022e-01 4.299999999999999933e-01 4.647881611230982729e-02 0.000000000000000000e+00 6.689841378782213610e+01 0.000000000000000000e+00
2.200000000000000000e+01 4.400000000000000022e-01 4.600000000000000200e-01 4.500000000000000111e-01 5.090217856856425749e-02 0.000000000000000000e+00 7.326509772437015044e+01 0.000000000000000000e+00
2.300000000000000000e+01 4.600000000000000200e-01 4.799999999999999822e-01 4.699999999999999734e-01 5.552660295464829227e-02 0.000000000000000000e+00 7.992117638530716306e+01 0.000000000000000000e+00
2.400000000000000000e+01 4.799999999999999822e-01 5.000000000000000000e-01 4.899999999999999911e-01 6.035208927056238959e-02 0.000000000000000000e+00 8.686664977063296078e+01 0.000000000000000000e+00
2.500000000000000000e+01 5.000000000000000000e-01 5.200000000000000178e-01 5.100000000000000089e-01 6.537863751630602904e-02 0.000000000000000000e+00 9.410151788034758624e+01 0.000000000000000000e+00
2.600000000000000000e+01 5.200000000000000178e-01 5.400000000000000355e-01 5.300000000000000266e-01 7.060624769187943961e-02 0.000000000000000000e+00 1.016257807144495473e+02 0.000000000000000000e+00
2.700000000000000000e+01 5.400000000000000355e-01 5.600000000000000533e-01 5.500000000000000444e-01 7.603491979728267680e-02 0.000000000000000000e+00 1.094394382729408761e+02 0.000000000000000000e+00
2.800000000000000000e+01 5.600000000000000533e-01 5.799999999999999600e-01 5.700000000000000622e-01 8.166465383251506061e-02 0.000000000000000000e+00 1.175424905558204074e+02 0.000000000000000000e+00
2.900000000000000000e+01 5.799999999999999600e-01 5.999999999999999778e-01 5.899999999999999689e-01 8.749544979757820085e-02 0.000000000000000000e+00 1.259349375630894485e+02 0.000000000000000000e+00
3.000000000000000000e+01 5.999999999999999778e-01 6.199999999999999956e-01 6.099999999999999867e-01 9.352730769247058484e-02 0.000000000000000000e+00 1.346167792947452142e+02 0.000000000000000000e+00
3.100000000000000000e+01 6.199999999999999956e-01 6.400000000000000133e-01 6.300000000000000044e-01 9.976022751719269832e-02 0.000000000000000000e+00 1.435880157507918113e+02 0.000000000000000000e+00
3.200000000000000000e+01 6.400000000000000133e-01 6.600000000000000311e-01 6.500000000000000222e-01 1.061942092717447494e-01 0.000000000000000000e+00 1.528486469312256588e+02 0.000000000000000000e+00
3.300000000000000000e+01 6.600000000000000311e-01 6.800000000000000488e-01 6.700000000000000400e-01 1.128292529561262802e-01 0.000000000000000000e+00 1.623986728360465861e+02 0.000000000000000000e+00
3.400000000000000000e+01 6.800000000000000488e-01 7.000000000000000666e-01 6.900000000000000577e-01 1.196653585703377626e-01 0.000000000000000000e+00 1.722380934652600502e+02 0.000000000000000000e+00
3.500000000000000000e+01 7.000000000000000666e-01 7.199999999999999734e-01 7.099999999999999645e-01 1.267025261143782666e-01 0.000000000000000000e+00 1.823669088188577234e+02 0.000000000000000000e+00
3.600000000000000000e+01 7.199999999999999734e-01 7.399999999999999911e-01 7.299999999999999822e-01 1.339407555882496381e-01 0.000000000000000000e+00 1.927851188968471376e+02 0.000000000000000000e+00
3.700000000000000000e+01 7.399999999999999911e-01 7.600000000000000089e-01 7.500000000000000000e-01 1.413800469919505032e-01 0.000000000000000000e+00 2.034927236992247117e+02 0.000000000000000000e+00
3.800000000000000000e+01 7.600000000000000089e-01 7.800000000000000266e-01 7.700000000000000178e-01 1.490204003254806120e-01 0.000000000000000000e+00 2.144897232259872339e+02 0.000000000000000000e+00
3.900000000000000000e+01 7.800000000000000266e-01 8.000000000000000444e-01 7.900000000000000355e-01 1.568618155888411303e-01 0.000000000000000000e+00 2.257761174771446235e+02 0.000000000000000000e+00
4.000000000000000000e+01 8.000000000000000444e-01 8.200000000000000622e-01 8.100000000000000533e-01 1.649042927820304483e-01 0.000000000000000000e+00 2.373519064526830675e+02 0.000000000000000000e+00
4.100000000000000000e+01 8.200000000000000622e-01 8.399999999999999689e-01 8.300000000000000711e-01 1.731478319050494818e-01 0.000000000000000000e+00 2.492170901526158389e+02 0.000000000000000000e+00
4.200000000000000000e+01 8.399999999999999689e-01 8.599999999999999867e-01 8.499999999999999778e-01 1.815924329578998409e-01 0.000000000000000000e+00 2.613716685769346668e+02 0.000000000000000000e+00
4.300000000000000000e+01 8.599999999999999867e-01 8.800000000000000044e-01 8.699999999999999956e-01 1.902380959405787497e-01 0.000000000000000000e+00 2.738156417256442978e+02 0.000000000000000000e+00
4.400000000000000000e+01 8.800000000000000044e-01 9.000000000000000222e-01 8.900000000000000133e-01 1.990848208530880958e-01 0.000000000000000000e+00 2.865490095987397012e+02 0.000000000000000000e+00
4.500000000000000000e+01 9.000000000000000222e-01 9.200000000000000400e-01 9.100000000000000311e-01 2.081326076954259918e-01 0.000000000000000000e+00 2.995717721962212181e+02 0.000000000000000000e+00
4.600000000000000000e+01 9.200000000000000400e-01 9.400000000000000577e-01 9.300000000000000488e-01 2.173814564675947414e-01 0.000000000000000000e+00 3.128839295181020361e+02 0.000000000000000000e+00
4.700000000000000000e+01 9.400000000000000577e-01 9.599999999999999645e-01 9.499999999999999556e-01 2.268313671695915967e-01 0.000000000000000000e+00 3.264854815643569736e+02 0.000000000000000000e+00
4.800000000000000000e+01 9.599999999999999645e-01 9.799999999999999822e-01 9.699999999999999734e-01 2.364823398014207212e-01 0.000000000000000000e+00 3.403764283350171809e+02 0.000000000000000000e+00
4.900000000000000000e+01 9.799999999999999822e-01 1.000000000000000000e+00 9.899999999999999911e-01 2.463343743630783955e-01 0.000000000000000000e+00 3.545567698300534971e+02 0.000000000000000000e+00
5.000000000000000000e+01 1.000000000000000000e+00 1.020000000000000018e+00 1.010000000000000009e+00 2.563874708545660352e-01 0.000000000000000000e+00 3.690265060494834302e+02 0.000000000000000000e+00
5.100000000000000000e+01 1.020000000000000018e+00 1.040000000000000036e+00 1.030000000000000027e+00 2.666416292758821971e-01 0.000000000000000000e+00 3.837856369932949292e+02 0.000000000000000000e+00
5.200000000000000000e+01 1.040000000000000036e+00 1.060000000000000053e+00 1.050000000000000044e+00 2.770968496270292403e-01 0.000000000000000000e+00 3.988341626614995334e+02 0.000000000000000000e+00
5.300000000000000000e+01 1.060000000000000053e+00 1.080000000000000071e+00 1.070000000000000062e+00 2.877531319080062766e-01 0.000000000000000000e+00 4.141720830540938891e+02 0.000000000000000000e+00
5.400000000000000000e+01 1.080000000000000071e+00 1.100000000000000089e+00 1.090000000000000080e+00 2.986104761188131951e-01 0.000000000000000000e+00 4.297993981710819753e+02 0.000000000000000000e+00
5.500000000000000000e+01 1.100000000000000089e+00 1.120000000000000107e+00 1.110000000000000098e+00 3.096688822594482748e-01 0.000000000000000000e+00 4.457161080124503769e+02 0.000000000000000000e+00
5.600000000000000000e+01 1.120000000000000107e+00 1.140000000000000124e+00 1.130000000000000115e+00 3.209283503299141804e-01 0.000000000000000000e+00 4.619222125782076773e+02 0.000000000000000000e+00
5.700000000000000000e+01 1.140000000000000124e+00 1.159999999999999920e+00 1.149999999999999911e+00 3.323888803302063044e-01 0.000000000000000000e+00 4.784177118683498406e+02 0.000000000000000000e+00
5.800000000000000000e+01 1.159999999999999920e+00 1.179999999999999938e+00 1.169999999999999929e+00 3.440504722603358601e-01 0.000000000000000000e+00 4.952026058828996611e+02 0.000000000000000000e+00
5.900000000000000000e+01 1.179999999999999938e+00 1.199999999999999956e+00 1.189999999999999947e+00 3.559131261202897467e-01 0.000000000000000000e+00 5.122768946218196788e+02 0.000000000000000000e+00
6.000000000000000000e+01 1.199999999999999956e+00 1.219999999999999973e+00 1.209999999999999964e+00 3.679768419100754584e-01 0.000000000000000000e+00 5.296405780851350755e+02 0.000000000000000000e+00
6.100000000000000000e+01 1.219999999999999973e+00 1.239999999999999991e+00 1.229999999999999982e+00 3.802416196296892759e-01 0.000000000000000000e+00 5.472936562728299350e+02 0.000000000000000000e+00
6.200000000000000000e+01 1.239999999999999991e+00 1.260000000000000009e+00 1.250000000000000000e+00 3.927074592791348628e-01 0.000000000000000000e+00 5.652361291849258578e+02 0.000000000000000000e+00
6.300000000000000000e+01 1.260000000000000009e+00 1.280000000000000027e+00 1.270000000000000018e+00 4.053743608584066682e-01 0.000000000000000000e+00 5.834679968214004475e+02 0.000000000000000000e+00
6.400000000000000000e+01 1.280000000000000027e+00 1.300000000000000044e+00 1.290000000000000036e+00 4.182423243675121860e-01 0.000000000000000000e+00 6.019892591822737131e+02 0.000000000000000000e+00
6.500000000000000000e+01 1.300000000000000044e+00 1.320000000000000062e+00 1.310000000000000053e+00 4.313113498064457541e-01 0.000000000000000000e+00 6.207999162675254183e+02 0.000000000000000000e+00
6.600000000000000000e+01 1.320000000000000062e+00 1.340000000000000080e+00 1.330000000000000071e+00 4.445814371752093153e-01 0.000000000000000000e+00 6.398999680771735257e+02 0.000000000000000000e+00
6.700000000000000000e+01 1.340000000000000080e+00 1.360000000000000098e+00 1.350000000000000089e+00 4.580525864738009267e-01 0.000000000000000000e+00 6.592894146112093949e+02 0.000000000000000000e+00
6.800000000000000000e+01 1.360000000000000098e+00 1.380000000000000115e+00 1.370000000000000107e+00 4.717247977022261951e-01 0.000000000000000000e+00 6.789682558696317756e+02 0.000000000000000000e+00
6.900000000000000000e+01 1.380000000000000115e+00 1.400000000000000133e+00 1.390000000000000124e+00 4.855980708604759055e-01 0.000000000000000000e+00 6.989364918524356654e+02 0.000000000000000000e+00
7.000000000000000000e+01 1.400000000000000133e+00 1.419999999999999929e+00 1.410000000000000142e+00 4.996724059485536107e-01 0.000000000000000000e+00 7.191941225596315235e+02 0.000000000000000000e+00
7.100000000000000000e+01 1.419999999999999929e+00 1.439999999999999947e+00 1.429999999999999938e+00 5.139478029664724668e-01 0.000000000000000000e+00 7.397411479912283312e+02 0.000000000000000000e+00
7.200000000000000000e+01 1.439999999999999947e+00 1.459999999999999964e+00 1.449999999999999956e+00 5.284242619142119901e-01 0.000000000000000000e+00 7.605775681472064207e+02 0.000000000000000000e+00
7.300000000000000000e+01 1.459999999999999964e+00 1.479999999999999982e+00 1.469999999999999973e+00 5.431017827917851148e-01 0.000000000000000000e+00 7.817033830275613582e+02 0.000000000000000000e+00
7.400000000000000000e+01 1.479999999999999982e+00 1.500000000000000000e+00 1.489999999999999991e+00 5.579803655991864009e-01 0.000000000000000000e+00 8.031185926323286139e+02 0.000000000000000000e+00
7.500000000000000000e+01 1.500000000000000000e+00 1.520000000000000018e+00 1.510000000000000009e+00 5.730600103364176245e-01 0.000000000000000000e+00 8.248231969614598711e+02 0.000000000000000000e+00
7.600000000000000000e+01 1.520000000000000018e+00 1.540000000000000036e+00 1.530000000000000027e+00 5.883407170034768985e-01 0.000000000000000000e+00 8.468171960149882125e+02 0.000000000000000000e+00
7.700000000000000000e+01 1.540000000000000036e+00 1.560000000000000053e+00 1.550000000000000044e+00 6.038224856003679974e-01 0.000000000000000000e+00 8.691005897929112507e+02 0.000000000000000000e+00
7.800000000000000000e+01 1.560000000000000053e+00 1.580000000000000071e+00 1.570000000000000062e+00 6.195053161270890341e-01 0.000000000000000000e+00 8.916733782952197771e+02 0.000000000000000000e+00
7.900000000000000000e+01 1.580000000000000071e+00 1.600000000000000089e+00 1.590000000000000080e+00 6.353892085836400083e-01 0.000000000000000000e+00 9.145355615219183392e+02 0.000000000000000000e+00
8.000000000000000000e+01 1.600000000000000089e+00 1.620000000000000107e+00 1.610000000000000098e+00 6.514741629700153691e-01 0.000000000000000000e+00 9.376871394730010252e+02 0.000000000000000000e+00
8.100000000000000000e+01 1.620000000000000107e+00 1.640000000000000124e+00 1.630000000000000115e+00 6.677601792862282171e-01 0.000000000000000000e+00 9.611281121484744290e+02 0.000000000000000000e+00
8.200000000000000000e+01 1.640000000000000124e+00 1.660000000000000142e+00 1.650000000000000133e+00 6.842472575322690043e-01 0.000000000000000000e+00 9.848584795483361631e+02 0.000000000000000000e+00
8.300000000000000000e+01 1.660000000000000142e+00 1.679999999999999938e+00 1.669999999999999929e+00 7.009353977081267395e-01 0.000000000000000000e+00 1.008878241672572130e+03 0.000000000000000000e+00
8.400000000000000000e+01 1.679999999999999938e+00 1.699999999999999956e+00 1.689999999999999947e+00 7.178245998138349515e-01 0.000000000000000000e+00 1.033187398521234400e+03 0.000000000000000000e+00
8.500000000000000000e+01 1.699999999999999956e+00 1.719999999999999973e+00 1.709999999999999964e+00 7.349148638493637753e-01 0.000000000000000000e+00 1.057785950094260670e+03 0.000000000000000000e+00
8.600000000000000000e+01 1.719999999999999973e+00 1.739999999999999991e+00 1.729999999999999982e+00 7.522061898147206493e-01 0.000000000000000000e+00 1.082673896391670723e+03 0.000000000000000000e+00
8.700000000000000000e+01 1.739999999999999991e+00 1.760000000000000009e+00 1.750000000000000000e+00 7.696985777099094594e-01 0.000000000000000000e+00 1.107851237413483659e+03 0.000000000000000000e+00
8.800000000000000000e+01 1.760000000000000009e+00 1.780000000000000027e+00 1.770000000000000018e+00 7.873920275349299835e-01 0.000000000000000000e+00 1.133317973159676740e+03 0.000000000000000000e+00
8.900000000000000000e+01 1.780000000000000027e+00 1.800000000000000044e+00 1.790000000000000036e+00 8.052865392897747832e-01 0.000000000000000000e+00 1.159074103630263608e+03 0.000000000000000000e+00
9.000000000000000000e+01 1.800000000000000044e+00 1.820000000000000062e+00 1.810000000000000053e+00 8.233821129744515188e-01 0.000000000000000000e+00 1.185119628825225846e+03 0.000000000000000000e+00
9.100000000000000000e+01 1.820000000000000062e+00 1.840000000000000080e+00 1.830000000000000071e+00 8.416787485889563047e-01 0.000000000000000000e+00 1.211454548744596650e+03 0.000000000000000000e+00
9.200000000000000000e+01 1.840000000000000080e+00 1.860000000000000098e+00 1.850000000000000089e+00 8.601764461332966905e-01 0.000000000000000000e+00 1.238078863388311220e+03 0.000000000000000000e+00
9.300000000000000000e+01 1.860000000000000098e+00 1.880000000000000115e+00 1.870000000000000107e+00 8.788752056074613517e-01 0.000000000000000000e+00 1.264992572756469144e+03 0.000000000000000000e+00
9.400000000000000000e+01 1.880000000000000115e+00 1.900000000000000133e+00 1.890000000000000124e+00 8.977750270114615017e-01 0.000000000000000000e+00 1.292195676849001302e+03 0.000000000000000000e+00
9.500000000000000000e+01 1.900000000000000133e+00 1.919999999999999929e+00 1.910000000000000142e+00 9.168759103452712722e-01 0.000000000000000000e+00 1.319688175665886092e+03 0.000000000000000000e+00
9.600000000000000000e+01 1.919999999999999929e+00 1.939999999999999947e+00 1.929999999999999938e+00 9.361778556089425107e-01 0.000000000000000000e+00 1.347470069207218557e+03 0.000000000000000000e+00
9.700000000000000000e+01 1.939999999999999947e+00 1.959999999999999964e+00 1.949999999999999956e+00 9.556808628024232588e-01 0.000000000000000000e+00 1.375541357472886148e+03 0.000000000000000000e+00
9.800000000000000000e+01 1.959999999999999964e+00 1.979999999999999982e+00 1.969999999999999973e+00 9.753849319257394956e-01 0.000000000000000000e+00 1.403902040462979585e+03 0.000000000000000000e+00
9.900000000000000000e+01 1.979999999999999982e+00 2.000000000000000000e+00 1.989999999999999991e+00 9.952900629788876685e-01 0.000000000000000000e+00 1.432552118177439525e+03 0.000000000000000000e+00
1.000000000000000000e+02 2.000000000000000000e+00 2.020000000000000018e+00 2.009999999999999787e+00 1.015396255961856342e+00 0.000000000000000000e+00 1.461491590616295298e+03 0.000000000000000000e+00
1.010000000000000000e+02 2.020000000000000018e+00 2.040000000000000036e+00 2.030000000000000249e+00 1.035703510874671718e+00 0.000000000000000000e+00 1.490720457779544176e+03 0.000000000000000000e+00
1.020000000000000000e+02 2.040000000000000036e+00 2.060000000000000053e+00 2.049999999999999822e+00 1.056211827717292939e+00 0.000000000000000000e+00 1.520238719667182750e+03 0.000000000000000000e+00
1.030000000000000000e+02 2.060000000000000053e+00 2.080000000000000071e+00 2.070000000000000284e+00 1.076921206489764637e+00 0.000000000000000000e+00 1.550046376279204651e+03 0.000000000000000000e+00
1.040000000000000000e+02 2.080000000000000071e+00 2.100000000000000089e+00 2.089999999999999858e+00 1.097831647192056836e+00 0.000000000000000000e+00 1.580143427615623295e+03 0.000000000000000000e+00
1.050000000000000000e+02 2.100000000000000089e+00 2.120000000000000107e+00 2.110000000000000320e+00 1.118943149824177308e+00 0.000000000000000000e+00 1.610529873676421630e+03 0.000000000000000000e+00
1.060000000000000000e+02 2.120000000000000107e+00 2.140000000000000124e+00 2.129999999999999893e+00 1.140255714386133157e+00 0.000000000000000000e+00 1.641205714461603748e+03 0.000000000000000000e+00
1.070000000000000000e+02 2.140000000000000124e+00 2.160000000000000142e+00 2.150000000000000355e+00 1.161769340877917056e+00 0.000000000000000000e+00 1.672170949971195796e+03 0.000000000000000000e+00
1.080000000000000000e+02 2.160000000000000142e+00 2.180000000000000160e+00 2.169999999999999929e+00 1.183484029299529006e+00 0.000000000000000000e+00 1.703425580205128654e+03 0.000000000000000000e+00
1.090000000000000000e+02 2.180000000000000160e+00 2.200000000000000178e+00 2.190000000000000391e+00 1.205399779650976555e+00 0.000000000000000000e+00 1.734969605163475308e+03 0.000000000000000000e+00
1.100000000000000000e+02 2.200000000000000178e+00 2.220000000000000195e+00 2.209999999999999964e+00 1.227516591932237500e+00 1.000000000000000000e+00 1.766803024846215521e+03 5.659940502349100925e-04
1.110000000000000000e+02 2.220000000000000195e+00 2.240000000000000213e+00 2.230000000000000426e+00 1.249834466143348699e+00 2.000000000000000000e+00 1.798925839253367712e+03 1.111774569222979568e-03
1.120000000000000000e+02 2.240000000000000213e+00 2.260000000000000231e+00 2.250000000000000000e+00 1.272353402284280399e+00 2.300000000000000000e+01 1.831338048384901185e+03 1.255912310689128418e-02
1.130000000000000000e+02 2.260000000000000231e+00 2.280000000000000249e+00 2.270000000000000462e+00 1.295073400355032822e+00 1.500000000000000000e+02 1.864039652240775240e+03 8.047039118491065846e-02
1.140000000000000000e+02 2.280000000000000249e+00 2.300000000000000266e+00 2.290000000000000036e+00 1.317994460355628394e+00 6.570000000000000000e+02 1.897030650821070367e+03 3.463307246594239941e-01
1.150000000000000000e+02 2.300000000000000266e+00 2.319999999999999840e+00 2.310000000000000053e+00 1.341116582286022041e+00 2.101000000000000000e+03 1.930311044125735407e+03 1.088425622592638753e+00
1.160000000000000000e+02 2.319999999999999840e+00 2.339999999999999858e+00 2.330000000000000071e+00 1.364439766146303468e+00 4.539000000000000000e+03 1.963880832154825839e+03 2.311240033347481848e+00
1.170000000000000000e+02 2.339999999999999858e+00 2.359999999999999876e+00 2.349999999999999645e+00 1.387964011936383191e+00 7.683000000000000000e+03 1.997740014908289140e+03 3.845845777060588055e+00
1.180000000000000000e+02 2.359999999999999876e+00 2.379999999999999893e+00 2.370000000000000107e+00 1.411689319656290964e+00 9.573000000000000000e+03 2.031888592386167147e+03 4.711380356123687996e+00
1.190000000000000000e+02 2.379999999999999893e+00 2.399999999999999911e+00 2.389999999999999680e+00 1.435615689306027010e+00 8.906000000000000000e+03 2.066326564588365272e+03 4.310064126661495187e+00
1.200000000000000000e+02 2.399999999999999911e+00 2.419999999999999929e+00 2.410000000000000142e+00 1.459743120885605761e+00 6.873000000000000000e+03 2.101053931515023123e+03 3.271215410945702562e+00
1.210000000000000000e+02 2.419999999999999929e+00 2.439999999999999947e+00 2.429999999999999716e+00 1.484071614394997907e+00 4.730000000000000000e+03 2.136070693166037017e+03 2.214346189539868615e+00
1.220000000000000000e+02 2.439999999999999947e+00 2.459999999999999964e+00 2.450000000000000178e+00 1.508601169834225431e+00 3.266000000000000000e+03 2.171376849541422416e+03 1.504114774314625924e+00
1.230000000000000000e+02 2.459999999999999964e+00 2.479999999999999982e+00 2.469999999999999751e+00 1.533331787203288554e+00 2.443000000000000000e+03 2.206972400641234344e+03 1.106946330316676441e+00
1.240000000000000000e+02 2.479999999999999982e+00 2.500000000000000000e+00 2.490000000000000213e+00 1.558263466502179728e+00 2.333000000000000000e+03 2.242857346465397768e+03 1.040190988373228986e+00
1.250000000000000000e+02 2.500000000000000000e+00 2.520000000000000018e+00 2.509999999999999787e+00 1.583396207730899174e+00 2.547000000000000000e+03 2.279031687013990449e+03 1.117579897863159699e+00
1.260000000000000000e+02 2.520000000000000018e+00 2.540000000000000036e+00 2.530000000000000249e+00 1.608730010889446449e+00 2.912000000000000000e+03 2.315495422286968278e+03 1.257614233209701782e+00
1.270000000000000000e+02 2.540000000000000036e+00 2.560000000000000053e+00 2.549999999999999822e+00 1.634264875977807119e+00 3.510000000000000000e+03 2.352248552284284870e+03 1.492189248704782756e+00
1.280000000000000000e+02 2.560000000000000053e+00 2.580000000000000071e+00 2.570000000000000284e+00 1.660000802996040470e+00 3.918000000000000000e+03 2.389291077006037995e+03 1.639816947255145596e+00
1.290000000000000000e+02 2.580000000000000071e+00 2.600000000000000089e+00 2.589999999999999858e+00 1.685937791944057018e+00 4.497000000000000000e+03 2.426622996452163989e+03 1.853192690654800412e+00
1.300000000000000000e+02 2.600000000000000089e+00 2.620000000000000107e+00 2.610000000000000320e+00 1.712075842821931815e+00 4.973000000000000000e+03 2.464244310622679677e+03 2.018062891963578576e+00
1.310000000000000000e+02 2.620000000000000107e+00 2.640000000000000124e+00 2.629999999999999893e+00 1.738414955629634440e+00 5.187000000000000000e+03 2.502155019517554592e+03 2.073013046569798679e+00
1.320000000000000000e+02 2.640000000000000124e+00 2.660000000000000142e+00 2.650000000000000355e+00 1.764955130367165337e+00 5.368000000000000000e+03 2.540355123136858765e+03 2.113090390831473098e+00
1.330000000000000000e+02 2.660000000000000142e+00 2.680000000000000160e+00 2.669999999999999929e+00 1.791696367034509185e+00 5.407000000000000000e+03 2.578844621480535352e+03 2.096675369645108145e+00
1.340000000000000000e+02 2.680000000000000160e+00 2.700000000000000178e+00 2.690000000000000391e+00 1.818638665631696183e+00 5.415000000000000000e+03 2.617623514548597996e+03 2.068670291928440985e+00
1.350000000000000000e+02 2.700000000000000178e+00 2.720000000000000195e+00 2.709999999999999964e+00 1.845782026158711231e+00 5.439000000000000000e+03 2.656691802341054427e+03 2.047283013862277734e+00
1.360000000000000000e+02 2.720000000000000195e+00 2.740000000000000213e+00 2.730000000000000426e+00 1.873126448615569206e+00 5.004000000000000000e+03 2.696049484857914649e+03 1.856049018426572994e+00
1.370000000000000000e+02 2.740000000000000213e+00 2.760000000000000231e+00 2.750000000000000000e+00 1.900671933002240577e+00 4.935000000000000000e+03 2.735696562099155017e+03 1.803928136025903184e+00
1.380000000000000000e+02 2.760000000000000231e+00 2.780000000000000249e+00 2.770000000000000462e+00 1.928418479318739776e+00 4.842000000000000000e+03 2.775633034064777803e+03 1.744466916402536594e+00
1.390000000000000000e+02 2.780000000000000249e+00 2.800000000000000266e+00 2.790000000000000036e+00 1.956366087565067247e+00 4.552000000000000000e+03 2.815858900754769365e+03 1.616558272426175558e+00
1.400000000000000000e+02 2.800000000000000266e+00 2.819999999999999840e+00 2.810000000000000053e+00 1.984514757741193014e+00 4.407000000000000000e+03 2.856374162169096962e+03 1.542865097425953458e+00
1.410000000000000000e+02 2.819999999999999840e+00 2.839999999999999858e+00 2.830000000000000071e+00 2.012864489847236094e+00 4.216000000000000000e+03 2.897178818307926576e+03 1.455208761488295144e+00
1.420000000000000000e+02 2.839999999999999858e+00 2.859999999999999876e+00 2.849999999999999645e+00 2.041415283883062592e+00 4.152000000000000000e+03 2.938272869171154525e+03 1.413075022256602420e+00
1.430000000000000000e+02 2.859999999999999876e+00 2.879999999999999893e+00 2.870000000000000107e+00 2.070167139848717142e+00 4.094000000000000000e+03 2.979656314758690314e+03 1.373983965775447347e+00
1.440000000000000000e+02 2.879999999999999893e+00 2.899999999999999911e+00 2.889999999999999680e+00 2.099120057744185086e+00 3.949000000000000000e+03 3.021329155070650813e+03 1.307040642484269988e+00
1.450000000000000000e+02 2.899999999999999911e+00 2.919999999999999929e+00 2.910000000000000142e+00 2.128274037569510835e+00 3.937000000000000000e+03 3.063291390107008283e+03 1.285218903012184777e+00
1.460000000000000000e+02 2.919999999999999929e+00 2.939999999999999947e+00 2.929999999999999716e+00 2.157629079324664634e+00 3.955000000000000000e+03 3.105543019867725889e+03 1.273529290915588419e+00
1.470000000000000000e+02 2.939999999999999947e+00 2.959999999999999964e+00 2.950000000000000178e+00 2.187185183009616729e+00 3.913000000000000000e+03 3.148084044352821365e+03 1.242978251174494675e+00
1.480000000000000000e+02 2.959999999999999964e+00 2.979999999999999982e+00 2.969999999999999751e+00 2.216942348624426629e+00 3.934000000000000000e+03 3.190914463562351557e+03 1.232875417038933774e+00
1.490000000000000000e+02 2.979999999999999982e+00 3.000000000000000000e+00 2.990000000000000213e+00 2.246900576169064578e+00 3.922000000000000000e+03 3.234034277496244613e+03 1.212726787496009928e+00
1.500000000000000000e+02 3.000000000000000000e+00 3.020000000000000018e+00 3.009999999999999787e+00 2.277059865643515923e+00 3.968000000000000000e+03 3.277443486154520997e+03 1.210699747154365236e+00
1.510000000000000000e+02 3.020000000000000018e+00 3.040000000000000036e+00 3.030000000000000249e+00 2.307420217047825073e+00 3.918000000000000000e+03 3.321142089537198899e+03 1.179714656696899455e+00
1.520000000000000000e+02 3.040000000000000036e+00 3.060000000000000053e+00 3.049999999999999822e+00 2.337981630381932519e+00 3.909000000000000000e+03 3.365130087644243758e+03 1.161619283115587375e+00
1.530000000000000000e+02 3.060000000000000053e+00 3.080000000000000071e+00 3.070000000000000284e+00 2.368744105645882669e+00 3.717000000000000000e+03 3.409407480475680131e+03 1.090218761261532832e+00
1.540000000000000000e+02 3.080000000000000071e+00 3.100000000000000089e+00 3.089999999999999858e+00 2.399707642839676414e+00 3.649000000000000000e+03 3.453974268031574411e+03 1.056464153127455452e+00
1.550000000000000000e+02 3.100000000000000089e+00 3.120000000000000107e+00 3.110000000000000320e+00 2.430872241963268010e+00 3.488000000000000000e+03 3.498830450311762888e+03 9.969045512591792058e-01
1.560000000000000000e+02 3.120000000000000107e+00 3.140000000000000124e+00 3.129999999999999893e+00 2.462237903016717411e+00 3.401000000000000000e+03 3.543976027316382897e+03 9.596566042731815571e-01
1.570000000000000000e+02 3.140000000000000124e+00 3.160000000000000142e+00 3.150000000000000355e+00 2.493804625999994862e+00 3.314000000000000000e+03 3.589410999045378503e+03 9.232712556130726611e-01
1.580000000000000000e+02 3.160000000000000142e+00 3.180000000000000160e+00 3.169999999999999929e+00 2.525572410913100807e+00 3.140000000000000000e+03 3.635135365498801093e+03 8.637917668216297251e-01
1.590000000000000000e+02 3.180000000000000160e+00 3.200000000000000178e+00 3.190000000000000391e+00 2.557541257756019704e+00 3.143000000000000000e+03 3.681149126676587457e+03 8.538094741186323944e-01
1.600000000000000000e+02 3.200000000000000178e+00 3.220000000000000195e+00 3.209999999999999964e+00 2.589711166528781749e+00 2.808000000000000000e+03 3.727452282578740324e+03 7.533295632311511891e-01
1.610000000000000000e+02 3.220000000000000195e+00 3.240000000000000213e+00 3.230000000000000426e+00 2.622082137231341648e+00 2.615000000000000000e+03 3.774044833205234227e+03 6.928905499458848372e-01
1.620000000000000000e+02 3.240000000000000213e+00 3.260000000000000231e+00 3.250000000000000000e+00 2.654654169863789548e+00 2.512000000000000000e+03 3.820926778556246063e+03 6.574321219914007752e-01
1.630000000000000000e+02 3.260000000000000231e+00 3.280000000000000249e+00 3.270000000000000462e+00 2.687427264426035745e+00 2.377000000000000000e+03 3.868098118631569832e+03 6.145138843688172647e-01
1.640000000000000000e+02 3.280000000000000249e+00 3.300000000000000266e+00 3.290000000000000036e+00 2.720401420918139745e+00 2.036000000000000000e+03 3.915558853431373336e+03 5.199768605740060501e-01
1.650000000000000000e+02 3.300000000000000266e+00 3.320000000000000284e+00 3.310000000000000497e+00 2.753576639340012289e+00 2.169000000000000000e+03 3.963308982955347801e+03 5.472699729766279386e-01
1.660000000000000000e+02 3.320000000000000284e+00 3.339999999999999858e+00 3.330000000000000071e+00 2.786952919691683128e+00 2.020000000000000000e+03 4.011348507203766076e+03 5.035713043562258795e-01
1.670000000000000000e+02 3.339999999999999858e+00 3.359999999999999876e+00 3.349999999999999645e+00 2.820530261973330788e+00 1.875000000000000000e+03 4.059677426176815516e+03 4.618593556005196055e-01
1.680000000000000000e+02 3.359999999999999876e+00 3.379999999999999893e+00 3.370000000000000107e+00 2.854308666184747434e+00 1.901000000000000000e+03 4.108295739874104584e+03 4.627222868960876312e-01
1.690000000000000000e+02 3.379999999999999893e+00 3.399999999999999911e+00 3.389999999999999680e+00 2.888288132325932178e+00 1.946000000000000000e+03 4.157203448295739690e+03 4.681031429428284540e-01
1.700000000000000000e+02 3.399999999999999911e+00 3.419999999999999929e+00 3.410000000000000142e+00 2.922468660397004925e+00 1.841000000000000000e+03 4.206400551441814059e+03 4.376663557085562206e-01
1.710000000000000000e+02 3.419999999999999929e+00 3.439999999999999947e+00 3.429999999999999716e+00 2.956850250397905278e+00 1.918000000000000000e+03 4.255887049312302224e+03 4.506698551386424945e-01
1.720000000000000000e+02 3.439999999999999947e+00 3.459999999999999964e+00 3.450000000000000178e+00 2.991432902328604371e+00 1.830000000000000000e+03 4.305662941907072309e+03 4.250216574522326374e-01
1.730000000000000000e+02 3.459999999999999964e+00 3.479999999999999982e+00 3.469999999999999751e+00 3.026216616189161268e+00 2.036000000000000000e+03 4.355728229226341682e+03 4.674304485616705973e-01
1.740000000000000000e+02 3.479999999999999982e+00 3.500000000000000000e+00 3.490000000000000213e+00 3.061201391979546216e+00 1.977000000000000000e+03 4.406082911269948454e+03 4.486978660667501617e-01
1.750000000000000000e+02 3.500000000000000000e+00 3.520000000000000018e+00 3.509999999999999787e+00 3.096387229699729016e+00 2.049000000000000000e+03 4.456726988037895353e+03 4.597544353736791045e-01
1.760000000000000000e+02 3.520000000000000018e+00 3.540000000000000036e+00 3.530000000000000249e+00 3.131774129349800262e+00 2.164000000000000000e+03 4.507660459530356093e+03 4.800716512320146734e-01
1.770000000000000000e+02 3.540000000000000036e+00 3.560000000000000053e+00 3.549999999999999822e+00 3.167362090929639606e+00 2.279000000000000000e+03 4.558883325747071467e+03 4.999031203823441905e-01
1.780000000000000000e+02 3.560000000000000053e+00 3.580000000000000071e+00 3.570000000000000284e+00 3.203151114439336755e+00 2.309000000000000000e+03 4.610395586688218827e+03 5.008247029098477077e-01
1.790000000000000000e+02 3.580000000000000071e+00 3.600000000000000089e+00 3.589999999999999858e+00 3.239141199878861954e+00 2.450000000000000000e+03 4.662197242353782713e+03 5.255032922551940988e-01
1.800000000000000000e+02 3.600000000000000089e+00 3.620000000000000107e+00 3.610000000000000320e+00 3.275332347248215203e+00 2.587000000000000000e+03 4.714288292743778584e+03 5.487572756171709143e-01
1.810000000000000000e+02 3.620000000000000107e+00 3.640000000000000124e+00 3.629999999999999893e+00 3.311724556547396947e+00 2.633000000000000000e+03 4.766668737858016357e+03 5.523773823609952061e-01
1.820000000000000000e+02 3.640000000000000124e+00 3.660000000000000142e+00 3.650000000000000355e+00 3.348317827776406297e+00 2.767000000000000000e+03 4.819338577696747052e+03 5.741451768517167320e-01
1.830000000000000000e+02 3.660000000000000142e+00 3.680000000000000160e+00 3.669999999999999929e+00 3.385112160935244141e+00 2.863000000000000000e+03 4.872297812259909733e+03 5.876077592785855508e-01
1.840000000000000000e+02 3.680000000000000160e+00 3.700000000000000178e+00 3.690000000000000391e+00 3.422107556023939789e+00 3.083000000000000000e+03 4.925546441547353425e+03 6.259204002209103335e-01
1.850000000000000000e+02 3.700000000000000178e+00 3.720000000000000195e+00 3.709999999999999964e+00 3.459304013042433290e+00 3.266000000000000000e+03 4.979084465559260025e+03 6.559438833767919919e-01
1.860000000000000000e+02 3.720000000000000195e+00 3.740000000000000213e+00 3.730000000000000426e+00 3.496701531990785039e+00 3.336000000000000000e+03 5.032911884295535856e+03 6.628369573505745738e-01
1.870000000000000000e+02 3.740000000000000213e+00 3.760000000000000231e+00 3.750000000000000000e+00 3.534300112868905330e+00 3.594000000000000000e+03 5.087028697756186375e+03 7.065027963347760842e-01
1.880000000000000000e+02 3.760000000000000231e+00 3.780000000000000249e+00 3.770000000000000462e+00 3.572099755676942934e+00 3.665000000000000000e+03 5.141434905941310717e+03 7.128360208868578241e-01
1.890000000000000000e+02 3.780000000000000249e+00 3.800000000000000266e+00 3.790000000000000036e+00 3.610100460414749080e+00 3.958000000000000000e+03 5.196130508850649676e+03 7.617206675733562138e-01
1.900000000000000000e+02 3.800000000000000266e+00 3.820000000000000284e+00 3.810000000000000497e+00 3.648302227082383720e+00 4.194000000000000000e+03 5.251115506484490652e+03 7.986874398060600511e-01
1.910000000000000000e+02 3.820000000000000284e+00 3.839999999999999858e+00 3.830000000000000071e+00 3.686705055679786458e+00 4.140000000000000000e+03 5.306389898842610819e+03 7.801914444513369240e-01
1.920000000000000000e+02 3.839999999999999858e+00 3.859999999999999876e+00 3.849999999999999645e+00 3.725308946207195770e+00 4.448000000000000000e+03 5.361953685925366699e+03 8.295483811573362010e-01
1.930000000000000000e+02 3.859999999999999876e+00 3.879999999999999893e+00 3.870000000000000107e+00 3.764113898664344315e+00 4.795000000000000000e+03 5.417806867732371757e+03 8.850444685576162041e-01
1.940000000000000000e+02 3.879999999999999893e+00 3.899999999999999911e+00 3.889999999999999680e+00 3.803119913051290713e+00 4.814000000000000000e+03 5.473949444263721489e+03 8.794381550316840990e-01
1.950000000000000000e+02 3.899999999999999911e+00 3.919999999999999929e+00 3.910000000000000142e+00 3.842326989368095358e+00 5.044000000000000000e+03 5.530381415519472284e+03 9.120528262020810573e-01
1.960000000000000000e+02 3.919999999999999929e+00 3.939999999999999947e+00 3.929999999999999716e+00 3.881735127614728054e+00 5.124000000000000000e+03 5.587102781499625053e+03 9.171121778834853133e-01
1.970000000000000000e+02 3.939999999999999947e+00 3.959999999999999964e+00 3.950000000000000178e+00 3.921344327791188356e+00 5.500000000000000000e+03 5.644113542204207988e+03 9.744665763495737876e-01
1.980000000000000000e+02 3.959999999999999964e+00 3.979999999999999982e+00 3.969999999999999751e+00 3.961154589897506906e+00 5.770000000000000000e+03 5.701413697633234733e+03 1.012029701053834607e+00
1.990000000000000000e+02 3.979999999999999982e+00 4.000000000000000000e+00 3.990000000000000213e+00 4.001165913933593998e+00 6.072000000000000000e+03 5.759003247786440625e+03 1.054349118892034642e+00
2.000000000000000000e+02 4.000000000000000000e+00 4.020000000000000462e+00 4.009999999999999787e+00 4.041378299899628601e+00 6.250000000000000000e+03 5.816882192664278591e+03 1.074458755221470829e+00
2.010000000000000000e+02 4.020000000000000462e+00 4.040000000000000036e+00 4.030000000000000249e+00 4.081791747795223024e+00 6.567000000000000000e+03 5.875050532266142000e+03 1.117777619772566844e+00
2.020000000000000000e+02 4.040000000000000036e+00 4.060000000000000497e+00 4.050000000000000711e+00 4.122406257621031855e+00 6.763000000000000000e+03 5.933508266592895779e+03 1.139797855861657050e+00
2.030000000000000000e+02 4.060000000000000497e+00 4.080000000000000071e+00 4.070000000000000284e+00 4.163221829376341887e+00 6.873000000000000000e+03 5.992255395643515840e+03 1.146980485010168582e+00
2.040000000000000000e+02 4.080000000000000071e+00 4.099999999999999645e+00 4.089999999999999858e+00 4.204238463061510167e+00 7.228000000000000000e+03 6.051291919418736143e+03 1.194455679258371372e+00
2.050000000000000000e+02 4.099999999999999645e+00 4.120000000000000107e+00 4.109999999999999432e+00 4.245456158676833347e+00 7.452000000000000000e+03 6.110617837918612167e+03 1.219516618067263636e+00
2.060000000000000000e+02 4.120000000000000107e+00 4.139999999999999680e+00 4.129999999999999893e+00 4.286874916221598220e+00 7.776000000000000000e+03 6.170233151142530005e+03 1.260244112260187954e+00
2.070000000000000000e+02 4.139999999999999680e+00 4.160000000000000142e+00 4.150000000000000355e+00 4.328494735696518880e+00 7.834000000000000000e+03 6.230137859091089013e+03 1.257436059551802154e+00
2.080000000000000000e+02 4.160000000000000142e+00 4.179999999999999716e+00 4.169999999999999929e+00 4.370315617100938965e+00 8.139000000000000000e+03 6.290331961763688923e+03 1.293890378039441291e+00
2.090000000000000000e+02 4.179999999999999716e+00 4.200000000000000178e+00 4.189999999999999503e+00 4.412337560435515726e+00 8.410000000000000000e+03 6.350815459161150102e+03 1.324239391630950946e+00
2.100000000000000000e+02 4.200000000000000178e+00 4.219999999999999751e+00 4.209999999999999964e+00 4.454560565699592800e+00 8.642000000000000000e+03 6.411588351282569420e+03 1.347871935395113185e+00
2.110000000000000000e+02 4.219999999999999751e+00 4.240000000000000213e+00 4.230000000000000426e+00 4.496984632893824774e+00 8.732000000000000000e+03 6.472650638128744504e+03 1.349060916182004410e+00
2.120000000000000000e+02 4.240000000000000213e+00 4.259999999999999787e+00 4.250000000000000000e+00 4.539609762017557948e+00 9.070000000000000000e+03 6.534002319698886822e+03 1.388123168039827382e+00
2.130000000000000000e+02 4.259999999999999787e+00 4.280000000000000249e+00 4.269999999999999574e+00 4.582435953071506418e+00 9.303000000000000000e+03 6.595643395993914964e+03 1.410476498115481592e+00
2.140000000000000000e+02 4.280000000000000249e+00 4.299999999999999822e+00 4.290000000000000036e+00 4.625463206054895693e+00 9.271000000000000000e+03 6.657573867012873961e+03 1.392549325804134153e+00
2.150000000000000000e+02 4.299999999999999822e+00 4.320000000000000284e+00 4.310000000000000497e+00 4.668691520968440756e+00 9.633000000000000000e+03 6.719793732756566897e+03 1.433526144268775004e+00
2.160000000000000000e+02 4.320000000000000284e+00 4.339999999999999858e+00 4.330000000000000071e+00 4.712120897811486131e+00 9.695000000000000000e+03 6.782302993224182501e+03 1.429455453359386841e+00
2.170000000000000000e+02 4.339999999999999858e+00 4.360000000000000320e+00 4.349999999999999645e+00 4.755751336584746802e+00 9.740000000000000000e+03 6.845101648416881289e+03 1.422915319636289588e+00
2.180000000000000000e+02 4.360000000000000320e+00 4.379999999999999893e+00 4.370000000000000107e+00 4.799582837287448278e+00 1.007200000000000000e+04 6.908189698333334491e+03 1.457979650215738054e+00
2.190000000000000000e+02 4.379999999999999893e+00 4.400000000000000355e+00 4.390000000000000568e+00 4.843615399920365050e+00 1.010800000000000000e+04 6.971567142974679882e+03 1.449889213243242603e+00
2.200000000000000000e+02 4.400000000000000355e+00 4.419999999999999929e+00 4.410000000000000142e+00 4.887849024482663118e+00 1.028800000000000000e+04 7.035233982339780596e+03 1.462353636826505765e+00
2.210000000000000000e+02 4.419999999999999929e+00 4.440000000000000391e+00 4.429999999999999716e+00 4.932283710975235991e+00 1.014800000000000000e+04 7.099190216429974498e+03 1.429458810177254957e+00
2.220000000000000000e+02 4.440000000000000391e+00 4.459999999999999964e+00 4.450000000000000178e+00 4.976919459397250556e+00 1.037000000000000000e+04 7.163435845243959193e+03 1.447629353292105625e+00
2.230000000000000000e+02 4.459999999999999964e+00 4.480000000000000426e+00 4.470000000000000639e+00 5.021756269749539037e+00 1.047500000000000000e+04 7.227970868783023434e+03 1.449231076074284141e+00
2.240000000000000000e+02 4.480000000000000426e+00 4.500000000000000000e+00 4.490000000000000213e+00 5.066794142031149306e+00 1.051500000000000000e+04 7.292795287045621990e+03 1.441833972589092516e+00
2.250000000000000000e+02 4.500000000000000000e+00 4.520000000000000462e+00 4.509999999999999787e+00 5.112033076243093888e+00 1.074400000000000000e+04 7.357909100033431969e+03 1.460197435702376811e+00
2.260000000000000000e+02 4.520000000000000462e+00 4.540000000000000036e+00 4.530000000000000249e+00 5.157473072384361146e+00 1.083300000000000000e+04 7.423312307744913596e+03 1.459321600776203320e+00
2.270000000000000000e+02 4.540000000000000036e+00 4.560000000000000497e+00 4.550000000000000711e+00 5.203114130455902320e+00 1.077000000000000000e+04 7.489004910181352898e+03 1.438108283966820666e+00
2.280000000000000000e+02 4.560000000000000497e+00 4.580000000000000071e+00 4.570000000000000284e+00 5.248956250456885186e+00 1.068500000000000000e+04 7.554986907341569349e+03 1.414297619710874088e+00
2.290000000000000000e+02 4.580000000000000071e+00 4.600000000000000533e+00 4.589999999999999858e+00 5.294999432388141969e+00 1.065700000000000000e+04 7.621258299227006319e+03 1.398325523369401635e+00
2.300000000000000000e+02 4.600000000000000533e+00 4.620000000000000107e+00 4.610000000000000320e+00 5.341243676248780936e+00 1.063200000000000000e+04 7.687819085836087652e+03 1.382966987293993810e+00
2.310000000000000000e+02 4.620000000000000107e+00 4.639999999999999680e+00 4.629999999999999893e+00 5.387688982039396279e+00 1.071300000000000000e+04 7.754669267169836530e+03 1.381490251989798024e+00
2.320000000000000000e+02 4.639999999999999680e+00 4.660000000000000142e+00 4.650000000000000355e+00 5.434335349760167411e+00 1.044600000000000000e+04 7.821808843228216574e+03 1.335496713019737713e+00
2.330000000000000000e+02 4.660000000000000142e+00 4.679999999999999716e+00 4.669999999999999929e+00 5.481182779410260331e+00 1.068300000000000000e+04 7.889237814010476541e+03 1.354123205796647245e+00
2.340000000000000000e+02 4.679999999999999716e+00 4.700000000000000178e+00 4.689999999999999503e+00 5.528231270990628943e+00 1.050400000000000000e+04 7.956956179517717828e+03 1.320102783403372060e+00
2.350000000000000000e+02 4.700000000000000178e+00 4.719999999999999751e+00 4.709999999999999964e+00 5.575480824500437471e+00 1.027100000000000000e+04 8.024963939748771736e+03 1.279881140540245488e+00
2.360000000000000000e+02 4.719999999999999751e+00 4.740000000000000213e+00 4.730000000000000426e+00 5.622931439940461296e+00 1.038000000000000000e+04 8.093261094704726020e+03 1.282548515182766691e+00
2.370000000000000000e+02 4.740000000000000213e+00 4.759999999999999787e+00 4.750000000000000000e+00 5.670583117309867305e+00 1.041600000000000000e+04 8.161847644384520208e+03 1.276181626248116929e+00
2.380000000000000000e+02 4.759999999999999787e+00 4.780000000000000249e+00 4.769999999999999574e+00 5.718435856609547230e+00 1.050600000000000000e+04 8.230723588789240239e+03 1.276436984751842196e+00
2.390000000000000000e+02 4.780000000000000249e+00 4.799999999999999822e+00 4.790000000000000036e+00 5.766489657838667959e+00 1.024000000000000000e+04 8.299888927917781984e+03 1.233751450041264519e+00
2.400000000000000000e+02 4.799999999999999822e+00 4.820000000000000284e+00 4.810000000000000497e+00 5.814744520998064381e+00 1.014900000000000000e+04 8.369343661771481493e+03 1.212639892702390254e+00
2.410000000000000000e+02 4.820000000000000284e+00 4.839999999999999858e+00 4.830000000000000071e+00 5.863200446086781703e+00 1.010500000000000000e+04 8.439087790348799899e+03 1.197404299023454799e+00
2.420000000000000000e+02 4.839999999999999858e+00 4.860000000000000320e+00 4.849999999999999645e+00 5.911857433105774717e+00 9.977000000000000000e+03 8.509121313651117816e+03 1.172506494177486314e+00
2.430000000000000000e+02 4.860000000000000320e+00 4.879999999999999893e+00 4.870000000000000107e+00 5.960715482054208536e+00 9.715000000000000000e+03 8.579444231677223797e+03 1.132357730601016188e+00
2.440000000000000000e+02 4.879999999999999893e+00 4.900000000000000355e+00 4.890000000000000568e+00 6.009774592932916271e+00 9.880000000000000000e+03 8.650056544428420239e+03 1.142189065384063618e+00
2.450000000000000000e+02 4.900000000000000355e+00 4.919999999999999929e+00 4.910000000000000142e+00 6.059034765740887174e+00 9.756000000000000000e+03 8.720958251903075507e+03 1.118684405795780323e+00
2.460000000000000000e+02 4.919999999999999929e+00 4.940000000000000391e+00 4.929999999999999716e+00 6.108496000479311405e+00 9.686000000000000000e+03 8.792149354103125006e+03 1.101664633970274032e+00
2.470000000000000000e+02 4.940000000000000391e+00 4.959999999999999964e+00 4.950000000000000178e+00 6.158158297146997917e+00 9.592000000000000000e+03 8.863629851026664255e+03 1.082175154109009885e+00
2.480000000000000000e+02 4.959999999999999964e+00 4.980000000000000426e+00 4.970000000000000639e+00 6.208021655745077361e+00 9.640000000000000000e+03 8.935399742675463131e+03 1.078854922847980236e+00
2.490000000000000000e+02 4.980000000000000426e+00 5.000000000000000000e+00 4.990000000000000213e+00 6.258086076272360465e+00 9.582000000000000000e+03 9.007459029047791773e+03 1.063785021846826551e+00
2.500000000000000000e+02 5.000000000000000000e+00 5.020000000000000462e+00 5.009999999999999787e+00 6.308351558730096897e+00 9.477000000000000000e+03 9.079807710145358215e+03 1.043744570648873715e+00
2.510000000000000000e+02 5.020000000000000462e+00 5.040000000000000036e+00 5.030000000000000249e+00 6.358818103117095610e+00 9.199000000000000000e+03 9.152445785966572657e+03 1.005086532618943096e+00
2.520000000000000000e+02 5.040000000000000036e+00 5.060000000000000497e+00 5.050000000000000711e+00 6.409485709434369127e+00 9.273000000000000000e+03 9.225373256512735679e+03 1.005162581736586347e+00
2.530000000000000000e+02 5.060000000000000497e+00 5.080000000000000071e+00 5.070000000000000284e+00 6.460354377681202465e+00 9.060000000000000000e+03 9.298590121782757706e+03 9.743412583350846701e-01
2.540000000000000000e+02 5.080000000000000071e+00 5.100000000000000533e+00 5.089999999999999858e+00 6.511424107858072574e+00 8.918000000000000000e+03 9.372096381777837450e+03 9.515480461062333362e-01
2.550000000000000000e+02 5.100000000000000533e+00 5.120000000000000107e+00 5.110000000000000320e+00 6.562694899964383488e+00 9.091000000000000000e+03 9.445892036496361470e+03 9.624289548170616992e-01
2.560000000000000000e+02 5.120000000000000107e+00 5.139999999999999680e+00 5.129999999999999893e+00 6.614166754000850190e+00 8.948000000000000000e+03 9.519977085940048710e+03 9.399182287124624446e-01
2.570000000000000000e+02 5.139999999999999680e+00 5.160000000000000142e+00 5.150000000000000355e+00 6.665839669967472680e+00 8.872000000000000000e+03 9.594351530108409861e+03 9.247107500864888419e-01
2.580000000000000000e+02 5.160000000000000142e+00 5.179999999999999716e+00 5.169999999999999929e+00 6.717713647863178927e+00 8.791000000000000000e+03 9.669015368999998827e+03 9.091928872287224905e-01
2.590000000000000000e+02 5.179999999999999716e+00 5.200000000000000178e+00 5.189999999999999503e+00 6.769788687689278106e+00 8.938000000000000000e+03 9.743968602616983844e+03 9.172853859154963541e-01
2.600000000000000000e+02 5.200000000000000178e+00 5.219999999999999751e+00 5.209999999999999964e+00 6.822064789444818977e+00 8.936000000000000000e+03 9.819211230957776934e+03 9.100527313056256951e-01
2.610000000000000000e+02 5.219999999999999751e+00 5.240000000000000213e+00 5.230000000000000426e+00 6.874541953130634653e+00 8.713000000000000000e+03 9.894743254023494956e+03 8.805685783162727764e-01
2.620000000000000000e+02 5.240000000000000213e+00 5.259999999999999787e+00 5.250000000000000000e+00 6.927220178745772117e+00 8.663000000000000000e+03 9.970564671813015593e+03 8.688575105972154988e-01
2.630000000000000000e+02 5.259999999999999787e+00 5.280000000000000249e+00 5.269999999999999574e+00 6.980099466291303401e+00 8.734000000000000000e+03 1.004667548432759031e+04 8.693423026975131140e-01
2.640000000000000000e+02 5.280000000000000249e+00 5.299999999999999822e+00 5.290000000000000036e+00 7.033179815766037457e+00 8.675000000000000000e+03 1.012307569156587670e+04 8.569529917896047122e-01
2.650000000000000000e+02 5.299999999999999822e+00 5.320000000000000284e+00 5.310000000000000497e+00 7.086461227171284349e+00 8.812000000000000000e+03 1.019976529352915713e+04 8.639414482988573285e-01
2.660000000000000000e+02 5.320000000000000284e+00 5.339999999999999858e+00 5.330000000000000071e+00 7.139943700505614999e+00 8.843000000000000000e+03 1.027674429021605465e+04 8.604865266929870860e-01
2.670000000000000000e+02 5.339999999999999858e+00 5.360000000000000320e+00 5.349999999999999645e+00 7.193627235770458483e+00 8.634000000000000000e+03 1.035401268162817723e+04 8.338796045053999961e-01
2.680000000000000000e+02 5.360000000000000320e+00 5.379999999999999893e+00 5.370000000000000107e+00 7.247511832964505629e+00 8.647000000000000000e+03 1.043157046776379138e+04 8.289260017675604830e-01
2.690000000000000000e+02 5.379999999999999893e+00 5.400000000000000355e+00 5.390000000000000568e+00 7.301597492089064723e+00 8.755000000000000000e+03 1.050941764862495620e+04 8.330623344430028165e-01
2.700000000000000000e+02 5.400000000000000355e+00 5.419999999999999929e+00 5.410000000000000142e+00 7.355884213142826589e+00 8.821000000000000000e+03 1.058755422420933792e+04 8.331480352497310227e-01
2.710000000000000000e+02 5.419999999999999929e+00 5.440000000000000391e+00 5.429999999999999716e+00 7.410371996126863259e+00 8.779000000000000000e+03 1.066598019451889195e+04 8.230842210368450873e-01
2.720000000000000000e+02 5.440000000000000391e+00 5.459999999999999964e+00 5.450000000000000178e+00 7.465060841040341622e+00 9.010000000000000000e+03 1.074469555955241412e+04 8.385533075425102290e-01
2.730000000000000000e+02 5.459999999999999964e+00 5.480000000000000426e+00 5.470000000000000639e+00 7.519950747884212916e+00 8.960000000000000000e+03 1.082370031931085578e+04 8.278130154817961994e-01
2.740000000000000000e+02 5.480000000000000426e+00 5.500000000000000000e+00 5.490000000000000213e+00 7.575041716657167967e+00 8.996000000000000000e+03 1.090299447379281082e+04 8.250944290234583089e-01
2.750000000000000000e+02 5.500000000000000000e+00 5.520000000000000462e+00 5.509999999999999787e+00 7.630333747360755758e+00 8.930000000000000000e+03 1.098257802300030380e+04 8.131059921721762729e-01
2.760000000000000000e+02 5.520000000000000462e+00 5.540000000000000036e+00 5.530000000000000249e+00 7.685826839993307402e+00 8.985000000000000000e+03 1.106245096693096275e+04 8.122069898306354396e-01
2.770000000000000000e+02 5.540000000000000036e+00 5.560000000000000497e+00 5.550000000000000711e+00 7.741520994556610802e+00 9.011000000000000000e+03 1.114261330558719601e+04 8.086971837640323235e-01
2.780000000000000000e+02 5.560000000000000497e+00 5.580000000000000071e+00 5.570000000000000284e+00 7.797416211048878942e+00 9.023000000000000000e+03 1.122306503896660070e+04 8.039693228785584900e-01
2.790000000000000000e+02 5.580000000000000071e+00 5.600000000000000533e+00 5.589999999999999858e+00 7.853512489471659030e+00 9.125000000000000000e+03 1.130380616707143236e+04 8.072502186548097258e-01
2.800000000000000000e+02 5.600000000000000533e+00 5.620000000000000107e+00 5.610000000000000320e+00 7.909809829823761795e+00 9.441000000000000000e+03 1.138483668989988109e+04 8.292609070427540141e-01
2.810000000000000000e+02 5.620000000000000107e+00 5.639999999999999680e+00 5.629999999999999893e+00 7.966308232105781428e+00 9.505000000000000000e+03 1.146615660745277637e+04 8.289612923847504700e-01
2.820000000000000000e+02 5.639999999999999680e+00 5.660000000000000142e+00 5.650000000000000355e+00 8.023007696318314785e+00 9.348000000000000000e+03 1.154776591973119321e+04 8.095072297947654150e-01
2.830000000000000000e+02 5.660000000000000142e+00 5.679999999999999716e+00 5.669999999999999929e+00 8.079908222459573963e+00 9.411000000000000000e+03 1.162966462673225033e+04 8.092236794488149032e-01
2.840000000000000000e+02 5.679999999999999716e+00 5.700000000000000178e+00 5.689999999999999503e+00 8.137009810531703025e+00 9.692000000000000000e+03 1.171185272845940381e+04 8.275377282066371798e-01
2.850000000000000000e+02 5.700000000000000178e+00 5.719999999999999751e+00 5.709999999999999964e+00 8.194312460532797715e+00 9.748000000000000000e+03 1.179433022490962321e+04 8.264988188487571996e-01
2.860000000000000000e+02 5.719999999999999751e+00 5.740000000000000213e+00 5.730000000000000426e+00 8.251816172464524257e+00 9.936000000000000000e+03 1.187709711608541693e+04 8.365680521836816874e-01
2.870000000000000000e+02 5.740000000000000213e+00 5.759999999999999787e+00 5.750000000000000000e+00 8.309520946325214652e+00 1.001700000000000000e+04 1.196015340198432568e+04 8.375310636348581861e-01
2.880000000000000000e+02 5.759999999999999787e+00 5.780000000000000249e+00 5.769999999999999574e+00 8.367426782116536899e+00 1.001800000000000000e+04 1.204349908260871962e+04 8.318180564705136559e-01
2.890000000000000000e+02 5.780000000000000249e+00 5.799999999999999822e+00 5.790000000000000036e+00 8.425533679836943790e+00 1.007400000000000000e+04 1.212713415795636138e+04 8.306991469530876637e-01
2.900000000000000000e+02 5.799999999999999822e+00 5.820000000000000284e+00 5.810000000000000497e+00 8.483841639488101549e+00 1.032900000000000000e+04 1.221105862802977936e+04 8.458726073340092633e-01
2.910000000000000000e+02 5.820000000000000284e+00 5.839999999999999858e+00 5.830000000000000071e+00 8.542350661067985129e+00 1.062500000000000000e+04 1.229527249282599587e+04 8.641532756756257205e-01
2.920000000000000000e+02 5.839999999999999858e+00 5.860000000000000320e+00 5.849999999999999645e+00 8.601060744578738593e+00 1.035000000000000000e+04 1.237977575234814685e+04 8.360409919409770296e-01
2.930000000000000000e+02 5.860000000000000320e+00 5.879999999999999893e+00 5.870000000000000107e+00 8.659971890018576701e+00 1.060100000000000000e+04 1.246456840659363115e+04 8.504907393658474035e-01
2.940000000000000000e+02 5.879999999999999893e+00 5.900000000000000355e+00 5.890000000000000568e+00 8.719084097388808630e+00 1.069700000000000000e+04 1.254965045556440236e+04 8.523743380642961887e-01
2.950000000000000000e+02 5.900000000000000355e+00 5.919999999999999929e+00 5.910000000000000142e+00 8.778397366688125203e+00 1.098500000000000000e+04 1.263502189925819948e+04 8.694088611468832051e-01
2.960000000000000000e+02 5.919999999999999929e+00 5.940000000000000391e+00 5.929999999999999716e+00 8.837911697918190868e+00 1.117500000000000000e+04 1.272068273767801111e+04 8.784905834417379156e-01
2.970000000000000000e+02 5.940000000000000391e+00 5.959999999999999964e+00 5.950000000000000178e+00 8.897627091077222161e+00 1.132500000000000000e+04 1.280663297082093777e+04 8.843073761700878110e-01
2.980000000000000000e+02 5.959999999999999964e+00 5.980000000000000426e+00 5.970000000000000639e+00 8.957543546166885307e+00 1.114400000000000000e+04 1.289287259868917499e+04 8.643535344584896141e-01
2.990000000000000000e+02 5.980000000000000426e+00 6.000000000000000000e+00 5.990000000000000213e+00 9.017661063185631320e+00 1.144900000000000000e+04 1.297940162128078737e+04 8.820899710221179468e-01
3.000000000000000000e+02 6.000000000000000000e+00 6.020000000000000462e+00 6.009999999999999787e+00 9.077979642134891947e+00 1.158400000000000000e+04 1.306622003859790129e+04 8.865609155349144510e-01
3.010000000000000000e+02 6.020000000000000462e+00 6.040000000000000036e+00 6.030000000000000249e+00 9.138499283013235441e+00 1.184800000000000000e+04 1.315332785063823576e+04 9.007606390214855097e-01
3.020000000000000000e+02 6.040000000000000036e+00 6.060000000000000497e+00 6.050000000000000711e+00 9.199219985822329804e+00 1.194100000000000000e+04 1.324072505740426823e+04 9.018388304439977077e-01
3.030000000000000000e+02 6.060000000000000497e+00 6.080000000000000071e+00 6.070000000000000284e+00 9.260141750560270779e+00 1.214900000000000000e+04 1.332841165889332842e+04 9.115114621998960942e-01
3.040000000000000000e+02 6.080000000000000071e+00 6.100000000000000533e+00 6.089999999999999858e+00 9.321264577228841830e+00 1.234400000000000000e+04 1.341638765510803751e+04 9.200688230933945500e-01
3.050000000000000000e+02 6.100000000000000533e+00 6.120000000000000107e+00 6.110000000000000320e+00 9.382588465826616542e+00 1.229600000000000000e+04 1.350465304604589255e+04 9.105009923672359173e-01
3.060000000000000000e+02 6.120000000000000107e+00 6.140000000000000568e+00 6.130000000000000782e+00 9.444113416354905866e+00 1.271800000000000000e+04 1.359320783170954201e+04 9.356143272033330405e-01
3.070000000000000000e+02 6.140000000000000568e+00 6.160000000000000142e+00 6.150000000000000355e+00 9.505839428812157266e+00 1.291000000000000000e+04 1.368205201209612096e+04 9.435719136710224442e-01
3.080000000000000000e+02 6.160000000000000142e+00 6.179999999999999716e+00 6.169999999999999929e+00 9.567766503199804262e+00 1.294100000000000000e+04 1.377118558720779401e+04 9.397157505466368077e-01
3.090000000000000000e+02 6.179999999999999716e+00 6.200000000000000178e+00 6.189999999999999503e+00 9.629894639517605270e+00 1.310500000000000000e+04 1.386060855704475580e+04 9.454851816978330215e-01
3.100000000000000000e+02 6.200000000000000178e+00 6.219999999999999751e+00 6.209999999999999964e+00 9.692223837764371908e+00 1.345600000000000000e+04 1.395032092160443608e+04 9.645656236596753530e-01
3.110000000000000000e+02 6.219999999999999751e+00 6.240000000000000213e+00 6.230000000000000426e+00 9.754754097941770397e+00 1.345900000000000000e+04 1.404032268088970523e+04 9.585962022310965391e-01
3.120000000000000000e+02 6.240000000000000213e+00 6.259999999999999787e+00 6.250000000000000000e+00 9.817485420048372546e+00 1.372500000000000000e+04 1.413061383489851687e+04 9.712953846423311166e-01
3.130000000000000000e+02 6.259999999999999787e+00 6.280000000000000249e+00 6.269999999999999574e+00 9.880417804085366740e+00 1.374800000000000000e+04 1.422119438363253357e+04 9.667261152004825719e-01
3.140000000000000000e+02 6.280000000000000249e+00 6.299999999999999822e+00 6.290000000000000036e+00 9.943551250051564594e+00 1.420300000000000000e+04 1.431206432709012552e+04 9.923795530401797738e-01
3.150000000000000000e+02 6.299999999999999822e+00 6.320000000000000284e+00 6.310000000000000497e+00 1.000688575794839430e+01 1.420200000000000000e+04 1.440322366527307713e+04 9.860292619243122836e-01
3.160000000000000000e+02 6.320000000000000284e+00 6.339999999999999858e+00 6.330000000000000071e+00 1.007042132777407062e+01 1.442200000000000000e+04 1.449467239817928930e+04 9.949862683210130010e-01
3.170000000000000000e+02 6.339999999999999858e+00 6.360000000000000320e+00 6.349999999999999645e+00 1.013415795953073584e+01 1.453100000000000000e+04 1.458641052581124313e+04 9.962012226576790752e-01
3.180000000000000000e+02 6.360000000000000320e+00 6.379999999999999893e+00 6.370000000000000107e+00 1.019809565321600786e+01 1.497000000000000000e+04 1.467843804816597003e+04 1.019863281834027191e+00
3.190000000000000000e+02 6.379999999999999893e+00 6.400000000000000355e+00 6.390000000000000568e+00 1.026223440883214977e+01 1.513400000000000000e+04 1.477075496524659684e+04 1.024592177963013162e+00
3.200000000000000000e+02 6.400000000000000355e+00 6.419999999999999929e+00 6.410000000000000142e+00 1.032657422637713829e+01 1.519300000000000000e+04 1.486336127705021863e+04 1.022177939216128761e+00
3.210000000000000000e+02 6.419999999999999929e+00 6.440000000000000391e+00 6.429999999999999716e+00 1.039111510585311393e+01 1.542900000000000000e+04 1.495625698357982401e+04 1.031608377479685590e+00
3.220000000000000000e+02 6.440000000000000391e+00 6.459999999999999964e+00 6.450000000000000178e+00 1.045585704725769993e+01 1.542900000000000000e+04 1.504944208483203693e+04 1.025220729979785084e+00
3.230000000000000000e+02 6.459999999999999964e+00 6.480000000000000426e+00 6.470000000000000639e+00 1.052080005059303502e+01 1.560700000000000000e+04 1.514291658080995512e+04 1.030646897954794250e+00
3.240000000000000000e+02 6.480000000000000426e+00 6.500000000000000000e+00 6.490000000000000213e+00 1.058594411585769279e+01 1.586100000000000000e+04 1.523668047151173414e+04 1.040974773321234004e+00
3.250000000000000000e+02 6.500000000000000000e+00 6.520000000000000462e+00 6.509999999999999787e+00 1.065128924305262359e+01 1.613400000000000000e+04 1.533073375693848175e+04 1.052395811955052052e+00
3.260000000000000000e+02 6.520000000000000462e+00 6.540000000000000036e+00 6.530000000000000249e+00 1.071683543217687884e+01 1.593900000000000000e+04 1.542507643708852993e+04 1.033317407859048132e+00
3.270000000000000000e+02 6.540000000000000036e+00 6.560000000000000497e+00 6.550000000000000711e+00 1.078258268323140712e+01 1.619500000000000000e+04 1.551970851196403055e+04 1.043511866702611757e+00
3.280000000000000000e+02 6.560000000000000497e+00 6.580000000000000071e+00 6.570000000000000284e+00 1.084853099621525807e+01 1.622300000000000000e+04 1.561462998156303729e+04 1.038961539220288666e+00
3.290000000000000000e+02 6.580000000000000071e+00 6.600000000000000533e+00 6.589999999999999858e+00 1.091468037112985989e+01 1.663900000000000000e+04 1.570984084588773658e+04 1.059145039292710866e+00
3.300000000000000000e+02 6.600000000000000533e+00 6.620000000000000107e+00 6.610000000000000320e+00 1.098103080797283049e+01 1.647400000000000000e+04 1.580534110493478693e+04 1.042305881956349767e+00
3.310000000000000000e+02 6.620000000000000107e+00 6.640000000000000568e+00 6.630000000000000782e+00 1.104758230674726782e+01 1.691000000000000000e+04 1.590113075870870125e+04 1.063446383568587672e+00
3.320000000000000000e+02 6.640000000000000568e+00 6.660000000000000142e+00 6.650000000000000355e+00 1.111433486745007393e+01 1.676500000000000000e+04 1.599720980720454463e+04 1.047995256800949848e+00
3.330000000000000000e+02 6.660000000000000142e+00 6.679999999999999716e+00 6.669999999999999929e+00 1.118128849008339287e+01 1.698800000000000000e+04 1.609357825042590775e+04 1.055576313462198712e+00
3.340000000000000000e+02 6.679999999999999716e+00 6.700000000000000178e+00 6.689999999999999503e+00 1.124844317464722288e+01 1.704600000000000000e+04 1.619023608837279789e+04 1.052856790163904988e+00
3.350000000000000000e+02 6.700000000000000178e+00 6.719999999999999751e+00 6.709999999999999964e+00 1.131579892113942520e+01 1.746100000000000000e+04 1.628718332104184083e+04 1.072069961749719802e+00
3.360000000000000000e+02 6.719999999999999751e+00 6.740000000000000213e+00 6.730000000000000426e+00 1.138335572956285269e+01 1.749100000000000000e+04 1.638441994843729844e+04 1.067538555227781849e+00
3.370000000000000000e+02 6.740000000000000213e+00 6.759999999999999787e+00 6.750000000000000000e+00 1.145111359991512678e+01 1.758100000000000000e+04 1.648194597055558916e+04 1.066682297794679712e+00
3.380000000000000000e+02 6.759999999999999787e+00 6.780000000000000249e+00 6.769999999999999574e+00 1.151907253219791372e+01 1.744500000000000000e+04 1.657976138739931048e+04 1.052186433349895811e+00
3.390000000000000000e+02 6.780000000000000249e+00 6.799999999999999822e+00 6.790000000000000036e+00 1.158723252640954549e+01 1.760700000000000000e+04 1.667786619896615230e+04 1.055710592107486967e+00
3.400000000000000000e+02 6.799999999999999822e+00 6.820000000000000284e+00 6.810000000000000497e+00 1.165559358255240419e+01 1.760000000000000000e+04 1.677626040525962890e+04 1.049101502649667728e+00
3.410000000000000000e+02 6.820000000000000284e+00 6.839999999999999858e+00 6.830000000000000071e+00 1.172415570062363344e+01 1.767500000000000000e+04 1.687494400627505456e+04 1.047410882870333682e+00
3.420000000000000000e+02 6.839999999999999858e+00 6.860000000000000320e+00 6.849999999999999645e+00 1.179291888062608962e+01 1.797700000000000000e+04 1.697391700201674030e+04 1.059095552185395972e+00
3.430000000000000000e+02 6.860000000000000320e+00 6.879999999999999893e+00 6.870000000000000107e+00 1.186188312255715438e+01 1.790600000000000000e+04 1.707317939248122275e+04 1.048779467981548752e+00
3.440000000000000000e+02 6.879999999999999893e+00 6.900000000000000355e+00 6.890000000000000568e+00 1.193104842641920627e+01 1.788400000000000000e+04 1.717273117767177609e+04 1.041418503263652484e+00
3.450000000000000000e+02 6.900000000000000355e+00 6.919999999999999929e+00 6.910000000000000142e+00 1.200041479220962870e+01 1.809000000000000000e+04 1.727257235758477327e+04 1.047325182693837453e+00
3.460000000000000000e+02 6.919999999999999929e+00 6.940000000000000391e+00 6.929999999999999716e+00 1.206998221993151610e+01 1.803800000000000000e+04 1.737270293222426335e+04 1.038295541595988025e+00
3.470000000000000000e+02 6.940000000000000391e+00 6.959999999999999964e+00 6.950000000000000178e+00 1.213975070958177227e+01 1.838300000000000000e+04 1.747312290158625910e+04 1.052072952473260603e+00
3.480000000000000000e+02 6.959999999999999964e+00 6.980000000000000426e+00 6.970000000000000639e+00 1.220972026116325715e+01 1.825300000000000000e+04 1.757383226567452584e+04 1.038646535602370191e+00
3.490000000000000000e+02 6.980000000000000426e+00 7.000000000000000000e+00 6.990000000000000213e+00 1.227989087467311080e+01 1.838000000000000000e+04 1.767483102448491627e+04 1.039896787388700616e+00
3.500000000000000000e+02 7.000000000000000000e+00 7.020000000000000462e+00 7.009999999999999787e+00 1.235026255011419138e+01 1.858700000000000000e+04 1.777611917802170865e+04 1.045616302065574654e+00
3.510000000000000000e+02 7.020000000000000462e+00 7.040000000000000036e+00 7.030000000000000249e+00 1.242083528748364252e+01 1.866200000000000000e+04 1.787769672628133412e+04 1.043870487665544244e+00
3.520000000000000000e+02 7.040000000000000036e+00 7.060000000000000497e+00 7.050000000000000711e+00 1.249160908678455684e+01 1.839600000000000000e+04 1.797956366926708870e+04 1.023161648324354855e+00
3.530000000000000000e+02 7.060000000000000497e+00 7.080000000000000071e+00 7.070000000000000284e+00 1.256258394801384348e+01 1.887700000000000000e+04 1.808172000697540716e+04 1.043982541081146964e+00
3.540000000000000000e+02 7.080000000000000071e+00 7.100000000000000533e+00 7.089999999999999858e+00 1.263375987117387922e+01 1.848200000000000000e+04 1.818416573940930539e+04 1.016378769576721242e+00
3.550000000000000000e+02 7.100000000000000533e+00 7.120000000000000107e+00 7.110000000000000320e+00 1.270513685626323586e+01 1.865700000000000000e+04 1.828690086656708809e+04 1.020238483061366885e+00
3.560000000000000000e+02 7.120000000000000107e+00 7.140000000000000568e+00 7.130000000000000782e+00 1.277671490328286907e+01 1.882400000000000000e+04 1.838992538844980299e+04 1.023603935436455226e+00
3.570000000000000000e+02 7.140000000000000568e+00 7.160000000000000142e+00 7.150000000000000355e+00 1.284849401223182319e+01 1.841800000000000000e+04 1.849323930505622775e+04 9.959315237414542166e-01
3.580000000000000000e+02 7.160000000000000142e+00 7.179999999999999716e+00 7.169999999999999929e+00 1.292047418311057783e+01 1.882200000000000000e+04 1.859684261638684984e+04 1.012107290912638513e+00
3.590000000000000000e+02 7.179999999999999716e+00 7.200000000000000178e+00 7.189999999999999503e+00 1.299265541592031958e+01 1.871300000000000000e+04 1.870073532244341914e+04 1.000655839321027196e+00
3.600000000000000000e+02 7.200000000000000178e+00 7.219999999999999751e+00 7.209999999999999964e+00 1.306503771065819208e+01 1.878700000000000000e+04 1.880491742322229766e+04 9.990471947938377451e-01
3.610000000000000000e+02 7.219999999999999751e+00 7.240000000000000213e+00 7.230000000000000426e+00 1.313762106732753132e+01 1.903400000000000000e+04 1.890938891872765817e+04 1.006589905248018280e+00
3.620000000000000000e+02 7.240000000000000213e+00 7.259999999999999787e+00 7.250000000000000000e+00 1.321040548592500130e+01 1.906800000000000000e+04 1.901414980895496046e+04 1.002832111432070405e+00
3.630000000000000000e+02 7.259999999999999787e+00 7.280000000000000249e+00 7.269999999999999574e+00 1.328339096645417428e+01 1.898300000000000000e+04 1.911920009390944688e+04 9.928762660968837306e-01
3.640000000000000000e+02 7.280000000000000249e+00 7.299999999999999822e+00 7.290000000000000036e+00 1.335657750891147977e+01 1.897500000000000000e+04 1.922453977358589691e+04 9.870197270506959608e-01
3.650000000000000000e+02 7.299999999999999822e+00 7.320000000000000284e+00 7.310000000000000497e+00 1.342996511329977238e+01 1.901800000000000000e+04 1.933016884798829415e+04 9.838506921257037519e-01
3.660000000000000000e+02 7.320000000000000284e+00 7.339999999999999858e+00 7.330000000000000071e+00 1.350355377961691161e+01 1.911500000000000000e+04 1.943608731711390283e+04 9.834798376918599816e-01
3.670000000000000000e+02 7.339999999999999858e+00 7.360000000000000320e+00 7.349999999999999645e+00 1.357734350786504152e+01 1.907100000000000000e+04 1.954229518096517859e+04 9.758833250341937271e-01
3.680000000000000000e+02 7.360000000000000320e+00 7.379999999999999893e+00 7.370000000000000107e+00 1.365133429804201448e+01 1.920700000000000000e+04 1.964879243953950208e+04 9.775155424487829148e-01
3.690000000000000000e+02 7.379999999999999893e+00 7.400000000000000355e+00 7.390000000000000568e+00 1.372552615014950206e+01 1.913900000000000000e+04 1.975557909283950721e+04 9.687896219117672070e-01
3.700000000000000000e+02 7.400000000000000355e+00 7.419999999999999929e+00 7.410000000000000142e+00 1.379991906418607250e+01 1.936200000000000000e+04 1.986265514086290204e+04 9.747941482489459464e-01
3.710000000000000000e+02 7.419999999999999929e+00 7.440000000000000391e+00 7.429999999999999716e+00 1.387451304015339559e+01 1.927600000000000000e+04 1.997002058361135641e+04 9.652468769020241535e-01
3.720000000000000000e+02 7.440000000000000391e+00 7.459999999999999964e+00 7.450000000000000178e+00 1.394930807804956174e+01 1.952900000000000000e+04 2.007767542108336420e+04 9.726723632304959954e-01
3.730000000000000000e+02 7.459999999999999964e+00 7.480000000000000426e+00 7.470000000000000639e+00 1.402430417787671857e+01 1.971300000000000000e+04 2.018561965328122096e+04 9.765863193006117937e-01
3.740000000000000000e+02 7.480000000000000426e+00 7.500000000000000000e+00 7.490000000000000213e+00 1.409950133963224594e+01 1.951500000000000000e+04 2.029385328020145971e+04 9.616212224732449965e-01
3.750000000000000000e+02 7.500000000000000000e+00 7.520000000000000462e+00 7.509999999999999787e+00 1.417489956331899847e+01 1.963700000000000000e+04 2.040237630184788941e+04 9.624859236725984424e-01
3.760000000000000000e+02 7.520000000000000462e+00 7.540000000000000036e+00 7.530000000000000249e+00 1.425049884893459762e+01 1.957300000000000000e+04 2.051118871821737412e+04 9.542596613435619934e-01
3.770000000000000000e+02 7.540000000000000036e+00 7.560000000000000497e+00 7.550000000000000711e+00 1.432629919648094763e+01 1.979000000000000000e+04 2.062029052931270417e+04 9.597342952984873055e-01
3.780000000000000000e+02 7.560000000000000497e+00 7.580000000000000071e+00 7.570000000000000284e+00 1.440230060595590444e+01 1.951300000000000000e+04 2.072968173513054717e+04 9.413072641116028150e-01
3.790000000000000000e+02 7.580000000000000071e+00 7.600000000000000533e+00 7.589999999999999858e+00 1.447850307736208997e+01 1.985600000000000000e+04 2.083936233567482486e+04 9.528122636463107753e-01
3.800000000000000000e+02 7.600000000000000533e+00 7.620000000000000107e+00 7.610000000000000320e+00 1.455490661069664426e+01 2.015500000000000000e+04 2.094933233094134994e+04 9.620831672153984382e-01
3.810000000000000000e+02 7.620000000000000107e+00 7.640000000000000568e+00 7.630000000000000782e+00 1.463151120596242549e+01 2.016000000000000000e+04 2.105959172093454254e+04 9.572835156134440471e-01
3.820000000000000000e+02 7.640000000000000568e+00 7.660000000000000142e+00 7.650000000000000355e+00 1.470831686315681353e+01 2.016600000000000000e+04 2.117014050565007710e+04 9.525680755221211937e-01
3.830000000000000000e+02 7.660000000000000142e+00 7.679999999999999716e+00 7.669999999999999929e+00 1.478532358228147814e+01 2.067800000000000000e+04 2.128097868509094769e+04 9.716658385869545445e-01
3.840000000000000000e+02 7.679999999999999716e+00 7.700000000000000178e+00 7.689999999999999503e+00 1.486253136333689184e+01 2.072200000000000000e+04 2.139210625925692148e+04 9.686750686848824010e-01
3.850000000000000000e+02 7.700000000000000178e+00 7.719999999999999751e+00 7.709999999999999964e+00 1.493994020632067610e+01 2.063800000000000000e+04 2.150352322814584113e+04 9.597497015273774856e-01
3.860000000000000000e+02 7.719999999999999751e+00 7.740000000000000213e+00 7.730000000000000426e+00 1.501755011123568728e+01 2.103300000000000000e+04 2.161522959176101358e+04 9.730639182299992695e-01
3.870000000000000000e+02 7.740000000000000213e+00 7.759999999999999787e+00 7.750000000000000000e+00 1.509536107807906724e+01 2.090500000000000000e+04 2.172722535009800049e+04 9.621569097365535450e-01
3.880000000000000000e+02 7.759999999999999787e+00 7.780000000000000249e+00 7.769999999999999574e+00 1.517337310685367413e+01 2.107600000000000000e+04 2.183951050316194232e+04 9.650399443224059182e-01
3.890000000000000000e+02 7.780000000000000249e+00 7.799999999999999822e+00 7.790000000000000036e+00 1.525158619755665157e+01 2.106200000000000000e+04 2.195208505094748034e+04 9.594532797735737528e-01
3.900000000000000000e+02 7.799999999999999822e+00 7.820000000000000284e+00 7.810000000000000497e+00 1.533000035019109397e+01 2.122700000000000000e+04 2.206494899346038437e+04 9.620235245633816934e-01
3.910000000000000000e+02 7.820000000000000284e+00 7.839999999999999858e+00 7.830000000000000071e+00 1.540861556475366889e+01 2.144800000000000000e+04 2.217810233069530295e+04 9.670800359828435333e-01
3.920000000000000000e+02 7.839999999999999858e+00 7.860000000000000320e+00 7.849999999999999645e+00 1.548743184124770700e+01 2.163300000000000000e+04 2.229154506265667442e+04 9.704576304241968598e-01
3.930000000000000000e+02 7.860000000000000320e+00 7.879999999999999893e+00 7.870000000000000107e+00 1.556644917967011565e+01 2.174900000000000000e+04 2.240527718934039513e+04 9.707088118663120824e-01
3.940000000000000000e+02 7.879999999999999893e+00 7.900000000000000355e+00 7.890000000000000568e+00 1.564566758002375124e+01 2.200000000000000000e+04 2.251929871075072151e+04 9.769398364744454888e-01
3.950000000000000000e+02 7.900000000000000355e+00 7.919999999999999929e+00 7.910000000000000142e+00 1.572508704230575738e+01 2.201900000000000000e+04 2.263360962688297877e+04 9.728452669717790879e-01
3.960000000000000000e+02 7.919999999999999929e+00 7.940000000000000391e+00 7.929999999999999716e+00 1.580470756651922670e+01 2.211200000000000000e+04 2.274820993774200542e+04 9.720325274171811580e-01
3.970000000000000000e+02 7.940000000000000391e+00 7.959999999999999964e+00 7.950000000000000178e+00 1.588452915266082854e+01 2.256100000000000000e+04 2.286309964332303207e+04 9.867865841449342534e-01
3.980000000000000000e+02 7.959999999999999964e+00 7.980000000000000426e+00 7.970000000000000639e+00 1.596455180073365732e+01 2.257700000000000000e+04 2.297827874363068258e+04 9.825366056305713247e-01
3.990000000000000000e+02 7.980000000000000426e+00 8.000000000000000000e+00 7.990000000000000213e+00 1.604477551073509645e+01 2.277500000000000000e+04 2.309374723866087515e+04 9.861976821965355855e-01
