bin_index  r_left_A  r_right_A  r_center_A  shell_volume_A3  counts  normalization  g_r
0.000000000000000000e+00 0.000000000000000000e+00 5.000000000000000278e-02 2.500000000000000139e-02 5.235987755982989206e-04 0.000000000000000000e+00 2.261925029349347027e-01 0.000000000000000000e+00
1.000000000000000000e+00 5.000000000000000278e-02 1.000000000000000056e-01 7.500000000000001110e-02 3.665191429188092553e-03 0.000000000000000000e+00 1.583347520544538867e+00 0.000000000000000000e+00
2.000000000000000000e+00 1.000000000000000056e-01 1.500000000000000222e-01 1.250000000000000000e-01 9.948376736367682202e-03 0.000000000000000000e+00 4.297657555763747972e+00 0.000000000000000000e+00
3.000000000000000000e+00 1.500000000000000222e-01 2.000000000000000111e-01 1.750000000000000167e-01 1.937315469713705995e-02 0.000000000000000000e+00 8.369122608592585166e+00 0.000000000000000000e+00
4.000000000000000000e+00 2.000000000000000111e-01 2.500000000000000000e-01 2.250000000000000056e-01 3.193952531149622104e-02 0.000000000000000000e+00 1.379774267903099272e+01 0.000000000000000000e+00
5.000000000000000000e+00 2.500000000000000000e-01 3.000000000000000444e-01 2.750000000000000222e-01 4.764748857944525046e-02 0.000000000000000000e+00 2.058351776707905145e+01 0.000000000000000000e+00
6.000000000000000000e+00 3.000000000000000444e-01 3.500000000000000333e-01 3.250000000000000666e-01 6.649704450098394004e-02 0.000000000000000000e+00 2.872644787273662104e+01 0.000000000000000000e+00
7.000000000000000000e+00 3.500000000000000333e-01 4.000000000000000222e-01 3.750000000000000000e-01 8.848819307611252571e-02 0.000000000000000000e+00 3.822653299600389687e+01 0.000000000000000000e+00
8.000000000000000000e+00 4.000000000000000222e-01 4.500000000000000111e-01 4.250000000000000444e-01 1.136209343048308340e-01 0.000000000000000000e+00 4.908377313688072974e+01 0.000000000000000000e+00
9.000000000000000000e+00 4.500000000000000111e-01 5.000000000000000000e-01 4.749999999999999778e-01 1.418952681871389343e-01 0.000000000000000000e+00 6.129816829536724043e+01 0.000000000000000000e+00
1.000000000000000000e+01 5.000000000000000000e-01 5.500000000000000444e-01 5.250000000000000222e-01 1.733111947230371319e-01 0.000000000000000000e+00 7.486971847146348580e+01 0.000000000000000000e+00
1.100000000000000000e+01 5.500000000000000444e-01 6.000000000000000888e-01 5.750000000000000666e-01 2.078687139125248717e-01 0.000000000000000000e+00 8.979842366516911056e+01 0.000000000000000000e+00
1.200000000000000000e+01 6.000000000000000888e-01 6.500000000000000222e-01 6.250000000000000000e-01 2.455678257556017097e-01 0.000000000000000000e+00 1.060842838764834681e+02 0.000000000000000000e+00
1.300000000000000000e+01 6.500000000000000222e-01 7.000000000000000666e-01 6.750000000000000444e-01 2.864085302522697551e-01 0.000000000000000000e+00 1.237272991054089601e+02 0.000000000000000000e+00
1.400000000000000000e+01 7.000000000000000666e-01 7.500000000000000000e-01 7.250000000000000888e-01 3.303908274025262326e-01 0.000000000000000000e+00 1.427274693519430286e+02 0.000000000000000000e+00
1.500000000000000000e+01 7.500000000000000000e-01 8.000000000000000444e-01 7.750000000000000222e-01 3.775147172063739731e-01 0.000000000000000000e+00 1.630847946160886011e+02 0.000000000000000000e+00
1.600000000000000000e+01 8.000000000000000444e-01 8.500000000000000888e-01 8.250000000000000666e-01 4.277801996638102011e-01 0.000000000000000000e+00 1.847992748978410589e+02 0.000000000000000000e+00
1.700000000000000000e+01 8.500000000000000888e-01 9.000000000000000222e-01 8.750000000000000000e-01 4.811872747748364154e-01 0.000000000000000000e+00 2.078709101972038411e+02 0.000000000000000000e+00
1.800000000000000000e+01 9.000000000000000222e-01 9.500000000000000666e-01 9.250000000000000444e-01 5.377359425394534487e-01 0.000000000000000000e+00 2.322997005141783120e+02 0.000000000000000000e+00
1.900000000000000000e+01 9.500000000000000666e-01 1.000000000000000000e+00 9.750000000000000888e-01 5.974262029576580257e-01 0.000000000000000000e+00 2.580856458487593841e+02 0.000000000000000000e+00
2.000000000000000000e+01 1.000000000000000000e+00 1.050000000000000044e+00 1.024999999999999911e+00 6.602580560294553091e-01 0.000000000000000000e+00 2.852287462009521164e+02 0.000000000000000000e+00
2.100000000000000000e+01 1.050000000000000044e+00 1.100000000000000089e+00 1.075000000000000178e+00 7.262315017548416352e-01 0.000000000000000000e+00 3.137290015707535531e+02 0.000000000000000000e+00
2.200000000000000000e+01 1.100000000000000089e+00 1.150000000000000133e+00 1.125000000000000000e+00 7.953465401338160046e-01 0.000000000000000000e+00 3.435864119581653995e+02 0.000000000000000000e+00
2.300000000000000000e+01 1.150000000000000133e+00 1.200000000000000178e+00 1.175000000000000266e+00 8.676031711663829693e-01 0.000000000000000000e+00 3.748009773631870303e+02 0.000000000000000000e+00
2.400000000000000000e+01 1.200000000000000178e+00 1.250000000000000000e+00 1.225000000000000089e+00 9.430013948525325373e-01 0.000000000000000000e+00 4.073726977858162854e+02 0.000000000000000000e+00
2.500000000000000000e+01 1.250000000000000000e+00 1.300000000000000044e+00 1.274999999999999911e+00 1.021541211192281251e+00 0.000000000000000000e+00 4.413015732260593040e+02 0.000000000000000000e+00
2.600000000000000000e+01 1.300000000000000044e+00 1.350000000000000089e+00 1.325000000000000178e+00 1.103222620185617009e+00 0.000000000000000000e+00 4.765876036839085259e+02 0.000000000000000000e+00
2.700000000000000000e+01 1.350000000000000089e+00 1.400000000000000133e+00 1.375000000000000000e+00 1.188045621832541032e+00 0.000000000000000000e+00 5.132307891593642353e+02 0.000000000000000000e+00
2.800000000000000000e+01 1.400000000000000133e+00 1.450000000000000178e+00 1.425000000000000266e+00 1.276010216133056652e+00 0.000000000000000000e+00 5.512311296524361524e+02 0.000000000000000000e+00
2.900000000000000000e+01 1.450000000000000178e+00 1.500000000000000000e+00 1.475000000000000089e+00 1.367116403087152987e+00 0.000000000000000000e+00 5.905886251631053483e+02 0.000000000000000000e+00
3.000000000000000000e+01 1.500000000000000000e+00 1.550000000000000044e+00 1.524999999999999911e+00 1.461364182694854019e+00 0.000000000000000000e+00 6.313032756914017227e+02 0.000000000000000000e+00
3.100000000000000000e+01 1.550000000000000044e+00 1.600000000000000089e+00 1.575000000000000178e+00 1.558753554956137544e+00 0.000000000000000000e+00 6.733750812372996961e+02 0.000000000000000000e+00
3.200000000000000000e+01 1.600000000000000089e+00 1.650000000000000133e+00 1.625000000000000000e+00 1.659284519871011110e+00 0.000000000000000000e+00 7.168040418008093866e+02 0.000000000000000000e+00
3.300000000000000000e+01 1.650000000000000133e+00 1.700000000000000178e+00 1.675000000000000266e+00 1.762957077439470721e+00 0.000000000000000000e+00 7.615901573819212445e+02 0.000000000000000000e+00
3.400000000000000000e+01 1.700000000000000178e+00 1.750000000000000000e+00 1.725000000000000089e+00 1.869771227661520374e+00 0.000000000000000000e+00 8.077334279806508448e+02 0.000000000000000000e+00
3.500000000000000000e+01 1.750000000000000000e+00 1.800000000000000044e+00 1.774999999999999911e+00 1.979726970537170949e+00 0.000000000000000000e+00 8.552338535969914801e+02 0.000000000000000000e+00
3.600000000000000000e+01 1.800000000000000044e+00 1.850000000000000089e+00 1.825000000000000178e+00 2.092824306066400464e+00 0.000000000000000000e+00 9.040914342309365566e+02 0.000000000000000000e+00
3.700000000000000000e+01 1.850000000000000089e+00 1.900000000000000133e+00 1.875000000000000000e+00 2.209063234249227126e+00 0.000000000000000000e+00 9.543061698824941459e+02 0.000000000000000000e+00
3.800000000000000000e+01 1.900000000000000133e+00 1.950000000000000178e+00 1.925000000000000266e+00 2.328443755085636280e+00 0.000000000000000000e+00 1.005878060551650492e+03 0.000000000000000000e+00
3.900000000000000000e+01 1.950000000000000178e+00 2.000000000000000000e+00 1.975000000000000089e+00 2.450965868575627926e+00 0.000000000000000000e+00 1.058807106238419692e+03 0.000000000000000000e+00
4.000000000000000000e+01 2.000000000000000000e+00 2.050000000000000266e+00 2.025000000000000355e+00 2.576629574719239368e+00 0.000000000000000000e+00 1.113093306942813570e+03 0.000000000000000000e+00
4.100000000000000000e+01 2.050000000000000266e+00 2.100000000000000089e+00 2.075000000000000178e+00 2.705434873516403549e+00 0.000000000000000000e+00 1.168736662664796768e+03 0.000000000000000000e+00
4.200000000000000000e+01 2.100000000000000089e+00 2.149999999999999911e+00 2.125000000000000000e+00 2.837381764967172426e+00 0.000000000000000000e+00 1.225737173404411124e+03 0.000000000000000000e+00
4.300000000000000000e+01 2.149999999999999911e+00 2.200000000000000178e+00 2.174999999999999822e+00 2.972470249071560655e+00 0.000000000000000000e+00 1.284094839161633445e+03 0.000000000000000000e+00
4.400000000000000000e+01 2.200000000000000178e+00 2.250000000000000000e+00 2.225000000000000089e+00 3.110700325829479862e+00 0.000000000000000000e+00 1.343809659936438038e+03 0.000000000000000000e+00
4.500000000000000000e+01 2.250000000000000000e+00 2.300000000000000266e+00 2.275000000000000355e+00 3.252071995241048175e+00 0.000000000000000000e+00 1.404881635728882429e+03 0.000000000000000000e+00
4.600000000000000000e+01 2.300000000000000266e+00 2.350000000000000089e+00 2.325000000000000178e+00 3.396585257306154126e+00 2.000000000000000000e+00 1.467310766538909547e+03 1.363037773325685492e-03
4.700000000000000000e+01 2.350000000000000089e+00 2.400000000000000355e+00 2.375000000000000000e+00 3.544240112024910072e+00 3.100000000000000000e+01 1.531097052366576918e+03 2.024692030598851042e-02
4.800000000000000000e+01 2.400000000000000355e+00 2.450000000000000178e+00 2.425000000000000266e+00 3.695036559397181009e+00 1.150000000000000000e+02 1.596240493211830199e+03 7.204428185417474650e-02
4.900000000000000000e+01 2.450000000000000178e+00 2.500000000000000000e+00 2.475000000000000089e+00 3.848974599423079290e+00 3.670000000000000000e+02 1.662741089074697129e+03 2.207198717896799722e-01
5.000000000000000000e+01 2.500000000000000000e+00 2.550000000000000266e+00 2.525000000000000355e+00 4.006054232102604473e+00 9.610000000000000000e+02 1.730598839955194308e+03 5.552991125458518473e-01
5.100000000000000000e+01 2.550000000000000266e+00 2.600000000000000089e+00 2.575000000000000178e+00 4.166275457435645535e+00 2.000000000000000000e+03 1.799813745853263981e+03 1.111226094704500067e+00
5.200000000000000000e+01 2.600000000000000089e+00 2.650000000000000355e+00 2.625000000000000000e+00 4.329638275422365901e+00 3.376000000000000000e+03 1.870385806768988459e+03 1.804975202325714623e+00
5.300000000000000000e+01 2.650000000000000355e+00 2.700000000000000178e+00 2.675000000000000266e+00 4.496142686062571059e+00 5.088000000000000000e+03 1.942315022702273836e+03 2.619554470068015117e+00
5.400000000000000000e+01 2.700000000000000178e+00 2.750000000000000000e+00 2.725000000000000089e+00 4.665788689356426211e+00 6.383000000000000000e+03 2.015601393653198329e+03 3.166796778420093883e+00
5.500000000000000000e+01 2.750000000000000000e+00 2.800000000000000266e+00 2.775000000000000355e+00 4.838576285303901159e+00 6.933000000000000000e+03 2.090244919621746703e+03 3.316836192217419210e+00
5.600000000000000000e+01 2.800000000000000266e+00 2.850000000000000089e+00 2.825000000000000178e+00 5.014505473904891986e+00 6.472000000000000000e+03 2.166245600607863253e+03 2.987657539008463647e+00
5.700000000000000000e+01 2.850000000000000089e+00 2.900000000000000355e+00 2.875000000000000000e+00 5.193576255159561228e+00 5.477000000000000000e+03 2.243603436611634606e+03 2.441162244015613325e+00
5.800000000000000000e+01 2.900000000000000355e+00 2.950000000000000178e+00 2.925000000000000266e+00 5.375788629067717039e+00 4.222000000000000000e+03 2.322318427632962539e+03 1.818010807546017515e+00
5.900000000000000000e+01 2.950000000000000178e+00 3.000000000000000000e+00 2.975000000000000089e+00 5.561142595629506857e+00 3.315000000000000000e+03 2.402390573671922539e+03 1.379875544105721330e+00
6.000000000000000000e+01 3.000000000000000000e+00 3.050000000000000266e+00 3.025000000000000355e+00 5.749638154844945781e+00 2.494000000000000000e+03 2.483819874728525519e+03 1.004098576299775836e+00
6.100000000000000000e+01 3.050000000000000266e+00 3.100000000000000089e+00 3.075000000000000178e+00 5.941275306713886373e+00 2.094000000000000000e+03 2.566606330802686443e+03 8.158633347347497011e-01
6.200000000000000000e+01 3.100000000000000089e+00 3.150000000000000355e+00 3.125000000000000000e+00 6.136054051236490281e+00 1.885000000000000000e+03 2.650749941894499898e+03 7.111195100707176087e-01
6.300000000000000000e+01 3.150000000000000355e+00 3.200000000000000178e+00 3.175000000000000266e+00 6.333974388412610068e+00 1.610000000000000000e+03 2.736250708003900854e+03 5.883963758476274952e-01
6.400000000000000000e+01 3.200000000000000178e+00 3.250000000000000000e+00 3.225000000000000089e+00 6.535036318242334552e+00 1.572000000000000000e+03 2.823108629130929785e+03 5.568329832507815658e-01
6.500000000000000000e+01 3.250000000000000000e+00 3.300000000000000266e+00 3.275000000000000355e+00 6.739239840725753439e+00 1.448000000000000000e+03 2.911323705275559860e+03 4.973682580800286579e-01
6.600000000000000000e+01 3.300000000000000266e+00 3.350000000000000089e+00 3.325000000000000178e+00 6.946584955862598498e+00 1.481000000000000000e+03 3.000895936437771979e+03 4.935192793649579857e-01
6.700000000000000000e+01 3.350000000000000089e+00 3.400000000000000355e+00 3.375000000000000000e+00 7.157071663653167271e+00 1.544000000000000000e+03 3.091825322617624352e+03 4.993813811877338416e-01
6.800000000000000000e+01 3.400000000000000355e+00 3.450000000000000178e+00 3.425000000000000266e+00 7.370699964097251033e+00 1.641000000000000000e+03 3.184111863815072866e+03 5.153713406393394258e-01
6.900000000000000000e+01 3.450000000000000178e+00 3.500000000000000000e+00 3.475000000000000089e+00 7.587469857194911071e+00 1.701000000000000000e+03 3.277755560030124798e+03 5.189526701571262057e-01
7.000000000000000000e+01 3.500000000000000000e+00 3.550000000000000266e+00 3.525000000000000355e+00 7.807381342946263736e+00 1.895000000000000000e+03 3.372756411262813344e+03 5.618549841524078658e-01
7.100000000000000000e+01 3.550000000000000266e+00 3.600000000000000089e+00 3.575000000000000178e+00 8.030434421351102969e+00 2.158000000000000000e+03 3.469114417513074841e+03 6.220607741000997448e-01
7.200000000000000000e+01 3.600000000000000089e+00 3.650000000000000355e+00 3.625000000000000000e+00 8.256629092409607296e+00 2.392000000000000000e+03 3.566829578780987049e+03 6.706235740081248897e-01
7.300000000000000000e+01 3.650000000000000355e+00 3.700000000000000178e+00 3.675000000000000266e+00 8.485965356121596415e+00 2.629000000000000000e+03 3.665901895066457200e+03 7.171495788084476519e-01
7.400000000000000000e+01 3.700000000000000178e+00 3.750000000000000000e+00 3.725000000000000089e+00 8.718443212487249738e+00 2.881000000000000000e+03 3.766331366369593979e+03 7.649353494822803690e-01
7.500000000000000000e+01 3.750000000000000000e+00 3.800000000000000266e+00 3.775000000000000355e+00 8.954062661506567267e+00 3.175000000000000000e+03 3.868117992690344636e+03 8.208126034417402295e-01
7.600000000000000000e+01 3.800000000000000266e+00 3.850000000000000089e+00 3.825000000000000178e+00 9.192823703179280770e+00 3.585000000000000000e+03 3.971261774028621403e+03 9.027357560373612255e-01
7.700000000000000000e+01 3.850000000000000089e+00 3.900000000000000355e+00 3.875000000000000000e+00 9.434726337505809468e+00 3.760000000000000000e+03 4.075762710384595266e+03 9.225267188445326338e-01
7.800000000000000000e+01 3.900000000000000355e+00 3.950000000000000178e+00 3.925000000000000266e+00 9.679770564485702167e+00 4.309000000000000000e+03 4.181620801758102061e+03 1.030461680836374017e+00
7.900000000000000000e+01 3.950000000000000178e+00 4.000000000000000000e+00 3.975000000000000089e+00 9.927956384119321243e+00 4.601000000000000000e+03 4.288836048149284579e+03 1.072785237846855866e+00
8.000000000000000000e+01 4.000000000000000000e+00 4.049999999999999822e+00 4.025000000000000355e+00 1.017928379640648373e+01 5.005000000000000000e+03 4.397408449558040957e+03 1.138170369528221704e+00
8.100000000000000000e+01 4.049999999999999822e+00 4.100000000000000533e+00 4.075000000000000178e+00 1.043375280134743122e+01 5.410000000000000000e+03 4.507338005984491247e+03 1.200264988518062070e+00
8.200000000000000000e+01 4.100000000000000533e+00 4.150000000000000355e+00 4.125000000000000000e+00 1.069136339894165388e+01 5.650000000000000000e+03 4.618624717428418080e+03 1.223307877489954620e+00
8.300000000000000000e+01 4.150000000000000355e+00 4.200000000000000178e+00 4.175000000000000711e+00 1.095211558918957273e+01 5.947000000000000000e+03 4.731268583889983347e+03 1.256956753681157446e+00
8.400000000000000000e+01 4.200000000000000178e+00 4.250000000000000000e+00 4.224999999999999645e+00 1.121600937209112558e+01 6.250000000000000000e+03 4.845269605369219789e+03 1.289917901178119664e+00
8.500000000000000000e+01 4.250000000000000000e+00 4.299999999999999822e+00 4.275000000000000355e+00 1.148304474764625205e+01 6.550000000000000000e+03 4.960627781866031000e+03 1.320397394850717276e+00
8.600000000000000000e+01 4.299999999999999822e+00 4.350000000000000533e+00 4.325000000000000178e+00 1.175322171585519371e+01 6.748000000000000000e+03 5.077343113380565228e+03 1.329041557624237146e+00
8.700000000000000000e+01 4.350000000000000533e+00 4.400000000000000355e+00 4.375000000000000000e+00 1.202654027671729331e+01 6.796000000000000000e+03 5.195415599912504149e+03 1.308076297132889865e+00
8.800000000000000000e+01 4.400000000000000355e+00 4.450000000000000178e+00 4.425000000000000711e+00 1.230300043023314593e+01 7.154000000000000000e+03 5.314845241462116974e+03 1.346041074571708629e+00
8.900000000000000000e+01 4.450000000000000178e+00 4.500000000000000000e+00 4.474999999999999645e+00 1.258260217640269296e+01 7.277000000000000000e+03 5.435632038029385512e+03 1.338758758703279872e+00
9.000000000000000000e+01 4.500000000000000000e+00 4.549999999999999822e+00 4.525000000000000355e+00 1.286534551522575498e+01 7.155000000000000000e+03 5.557775989614254286e+03 1.287385460185955344e+00
9.100000000000000000e+01 4.549999999999999822e+00 4.600000000000000533e+00 4.575000000000000178e+00 1.315123044670263042e+01 7.451000000000000000e+03 5.681277096216799691e+03 1.311500895628145091e+00
9.200000000000000000e+01 4.600000000000000533e+00 4.650000000000000355e+00 4.625000000000000000e+00 1.344025697083272242e+01 7.262000000000000000e+03 5.806135357836853473e+03 1.250745901092038315e+00
9.300000000000000000e+01 4.650000000000000355e+00 4.700000000000000178e+00 4.675000000000000711e+00 1.373242508761651060e+01 7.383000000000000000e+03 5.932350774474482023e+03 1.244531936946028594e+00
9.400000000000000000e+01 4.700000000000000178e+00 4.750000000000000000e+00 4.724999999999999645e+00 1.402773479705399140e+01 7.405000000000000000e+03 6.059923346129816309e+03 1.221962651512616960e+00
9.500000000000000000e+01 4.750000000000000000e+00 4.800000000000000711e+00 4.775000000000000355e+00 1.432618609914528740e+01 7.082000000000000000e+03 6.188853072802856332e+03 1.144315419463116879e+00
9.600000000000000000e+01 4.800000000000000711e+00 4.850000000000000533e+00 4.825000000000001066e+00 1.462777899388962055e+01 7.217000000000000000e+03 6.319139954493256482e+03 1.142085798379622208e+00
9.700000000000000000e+01 4.850000000000000533e+00 4.900000000000000355e+00 4.875000000000000000e+00 1.493251348128782752e+01 7.122000000000000000e+03 6.450783991201388744e+03 1.104051850087388376e+00
9.800000000000000000e+01 4.900000000000000355e+00 4.950000000000000178e+00 4.925000000000000711e+00 1.524038956133960809e+01 7.006000000000000000e+03 6.583785182927057576e+03 1.064129494711920643e+00
9.900000000000000000e+01 4.950000000000000178e+00 5.000000000000000000e+00 4.974999999999999645e+00 1.555140723404502445e+01 7.007000000000000000e+03 6.718143529670464886e+03 1.042996472024423138e+00
1.000000000000000000e+02 5.000000000000000000e+00 5.050000000000000711e+00 5.025000000000000355e+00 1.586556649940425423e+01 6.919000000000000000e+03 6.853859031431546100e+03 1.009504276097556108e+00
1.010000000000000000e+02 5.050000000000000711e+00 5.100000000000000533e+00 5.075000000000001066e+00 1.618286735741658333e+01 6.856000000000000000e+03 6.990931688209998356e+03 9.806990406675613059e-01
1.020000000000000000e+02 5.100000000000000533e+00 5.150000000000000355e+00 5.125000000000000000e+00 1.650330980808278269e+01 6.817000000000000000e+03 7.129361500006186361e+03 9.561866094171385111e-01
1.030000000000000000e+02 5.150000000000000355e+00 5.200000000000000178e+00 5.175000000000000711e+00 1.682689385140238159e+01 6.637000000000000000e+03 7.269148466819910936e+03 9.130367924516389344e-01
1.040000000000000000e+02 5.200000000000000178e+00 5.250000000000000000e+00 5.224999999999999645e+00 1.715361948737584896e+01 6.794000000000000000e+03 7.410292588651338519e+03 9.168328940755762213e-01
1.050000000000000000e+02 5.250000000000000000e+00 5.300000000000000711e+00 5.275000000000000355e+00 1.748348671600307469e+01 6.554000000000000000e+03 7.552793865500523680e+03 8.677583575976048902e-01
1.060000000000000000e+02 5.300000000000000711e+00 5.350000000000000533e+00 5.325000000000001066e+00 1.781649553728321678e+01 6.595000000000000000e+03 7.696652297366996208e+03 8.568660432089587609e-01
1.070000000000000000e+02 5.350000000000000533e+00 5.400000000000000355e+00 5.375000000000000000e+00 1.815264595121735169e+01 6.854000000000000000e+03 7.841867884251224496e+03 8.740264566003268509e-01
1.080000000000000000e+02 5.400000000000000355e+00 5.450000000000000178e+00 5.425000000000000711e+00 1.849193795780512417e+01 6.889000000000000000e+03 7.988440626153100311e+03 8.623710586827575408e-01
1.090000000000000000e+02 5.450000000000000178e+00 5.500000000000000000e+00 5.474999999999999645e+00 1.883437155704628907e+01 6.905000000000000000e+03 8.136370523072477226e+03 8.486584995630848116e-01
1.100000000000000000e+02 5.500000000000000000e+00 5.550000000000000711e+00 5.525000000000000355e+00 1.917994674894156759e+01 7.058000000000000000e+03 8.285657575009714492e+03 8.518334164915962736e-01
1.110000000000000000e+02 5.550000000000000711e+00 5.600000000000000533e+00 5.575000000000001066e+00 1.952866353348964523e+01 7.137000000000000000e+03 8.436301781964166366e+03 8.459868061213833279e-01
1.120000000000000000e+02 5.600000000000000533e+00 5.650000000000000355e+00 5.625000000000000000e+00 1.988052191069171570e+01 7.028000000000000000e+03 8.588303143936467677e+03 8.183223021141171616e-01
1.130000000000000000e+02 5.650000000000000355e+00 5.700000000000000178e+00 5.675000000000000711e+00 2.023552188054742018e+01 7.299000000000000000e+03 8.741661660926421973e+03 8.349671130175573275e-01
1.140000000000000000e+02 5.700000000000000178e+00 5.750000000000000000e+00 5.724999999999999645e+00 2.059366344305664143e+01 7.424000000000000000e+03 8.896377332933856451e+03 8.344969780583380015e-01
1.150000000000000000e+02 5.750000000000000000e+00 5.800000000000000711e+00 5.775000000000000355e+00 2.095494659821985195e+01 7.633000000000000000e+03 9.052450159959116718e+03 8.431971306246299758e-01
1.160000000000000000e+02 5.800000000000000711e+00 5.850000000000000533e+00 5.825000000000001066e+00 2.131937134603586514e+01 7.787000000000000000e+03 9.209880142001704371e+03 8.455050315462139254e-01
1.170000000000000000e+02 5.850000000000000533e+00 5.900000000000000355e+00 5.875000000000000000e+00 2.168693768650587117e+01 7.998000000000000000e+03 9.368667279062003217e+03 8.536966637586435036e-01
1.180000000000000000e+02 5.900000000000000355e+00 5.950000000000000178e+00 5.925000000000000711e+00 2.205764561962939041e+01 8.167000000000000000e+03 9.528811571139885928e+03 8.570848462084785790e-01
1.190000000000000000e+02 5.950000000000000178e+00 6.000000000000000000e+00 5.974999999999999645e+00 2.243149514540666445e+01 8.428000000000000000e+03 9.690313018235461641e+03 8.697345466694408334e-01
1.200000000000000000e+02 6.000000000000000000e+00 6.050000000000000711e+00 6.025000000000000355e+00 2.280848626383781053e+01 8.688000000000000000e+03 9.853171620348815850e+03 8.817465415965659581e-01
1.210000000000000000e+02 6.050000000000000711e+00 6.100000000000000533e+00 6.075000000000001066e+00 2.318861897492175927e+01 8.865000000000000000e+03 1.001738737747943196e+04 8.849612844093291963e-01
1.220000000000000000e+02 6.100000000000000533e+00 6.150000000000000355e+00 6.125000000000000000e+00 2.357189327865981809e+01 9.269000000000000000e+03 1.018296028962783203e+04 9.102461107936584694e-01
1.230000000000000000e+02 6.150000000000000355e+00 6.200000000000000178e+00 6.175000000000000711e+00 2.395830917505127289e+01 9.626000000000000000e+03 1.034989035679373046e+04 9.300581617931281686e-01
1.240000000000000000e+02 6.200000000000000178e+00 6.250000000000000000e+00 6.224999999999999645e+00 2.434786666409636169e+01 9.866000000000000000e+03 1.051817757897731826e+04 9.379951922202924841e-01
1.250000000000000000e+02 6.250000000000000000e+00 6.300000000000000711e+00 6.275000000000000355e+00 2.474056574579556056e+01 1.014400000000000000e+04 1.068782195617879006e+04 9.491176070850995128e-01
1.260000000000000000e+02 6.300000000000000711e+00 6.350000000000000533e+00 6.325000000000001066e+00 2.513640642014756210e+01 1.065300000000000000e+04 1.085882348839738734e+04 9.810455074974457901e-01
1.270000000000000000e+02 6.350000000000000533e+00 6.400000000000000355e+00 6.375000000000000000e+00 2.553538868715331844e+01 1.091800000000000000e+04 1.103118217563380313e+04 9.897397963489529271e-01
1.280000000000000000e+02 6.400000000000000355e+00 6.450000000000000178e+00 6.425000000000000711e+00 2.593751254681282603e+01 1.125100000000000000e+04 1.120489801788784098e+04 1.004114449059559488e+00
1.290000000000000000e+02 6.450000000000000178e+00 6.500000000000000000e+00 6.474999999999999645e+00 2.634277799912585039e+01 1.174900000000000000e+04 1.137997101515945542e+04 1.032427937149308583e+00
1.300000000000000000e+02 6.500000000000000000e+00 6.550000000000000711e+00 6.525000000000000355e+00 2.675118504409310560e+01 1.175300000000000000e+04 1.155640116744893749e+04 1.017012115597442756e+00
1.310000000000000000e+02 6.550000000000000711e+00 6.600000000000000533e+00 6.575000000000001066e+00 2.716273368171292191e+01 1.219700000000000000e+04 1.173418847475553230e+04 1.039441289548070690e+00
1.320000000000000000e+02 6.600000000000000533e+00 6.650000000000000355e+00 6.625000000000000000e+00 2.757742391198649301e+01 1.278700000000000000e+04 1.191333293707995108e+04 1.073335234357530865e+00
1.330000000000000000e+02 6.650000000000000355e+00 6.700000000000000178e+00 6.675000000000000711e+00 2.799525573491429498e+01 1.289300000000000000e+04 1.209383455442218292e+04 1.066080401710605363e+00
1.340000000000000000e+02 6.700000000000000178e+00 6.750000000000000000e+00 6.724999999999999645e+00 2.841622915049513409e+01 1.322600000000000000e+04 1.227569332678172032e+04 1.077413686373624779e+00
1.350000000000000000e+02 6.750000000000000000e+00 6.800000000000000711e+00 6.775000000000000355e+00 2.884034415873020407e+01 1.314800000000000000e+04 1.245890925415925994e+04 1.055309074958604043e+00
1.360000000000000000e+02 6.800000000000000711e+00 6.850000000000000533e+00 6.825000000000001066e+00 2.926760075961807317e+01 1.353400000000000000e+04 1.264348233655398690e+04 1.070432942423734657e+00
1.370000000000000000e+02 6.850000000000000533e+00 6.900000000000000355e+00 6.875000000000000000e+00 2.969799895315993865e+01 1.365000000000000000e+04 1.282941257396662331e+04 1.063961418443936324e+00
1.380000000000000000e+02 6.900000000000000355e+00 6.950000000000000178e+00 6.925000000000000711e+00 3.013153873935507576e+01 1.387700000000000000e+04 1.301669996639653255e+04 1.066092023003095246e+00
1.390000000000000000e+02 6.950000000000000178e+00 7.000000000000000000e+00 6.974999999999999645e+00 3.056822011820420926e+01 1.404600000000000000e+04 1.320534451384438944e+04 1.063660246445995661e+00
1.400000000000000000e+02 7.000000000000000000e+00 7.050000000000000711e+00 7.025000000000000355e+00 3.100804308970733203e+01 1.427800000000000000e+04 1.339534621630992842e+04 1.065892569660899625e+00
1.410000000000000000e+02 7.050000000000000711e+00 7.100000000000000533e+00 7.075000000000001066e+00 3.145100765386278141e+01 1.443600000000000000e+04 1.358670507379261653e+04 1.062509263400851056e+00
1.420000000000000000e+02 7.100000000000000533e+00 7.150000000000000355e+00 7.125000000000000000e+00 3.189711381067269613e+01 1.451700000000000000e+04 1.377942108629323047e+04 1.053527569052988611e+00
1.430000000000000000e+02 7.150000000000000355e+00 7.200000000000000178e+00 7.175000000000000711e+00 3.234636156013613117e+01 1.463600000000000000e+04 1.397349425381146466e+04 1.047411601862420882e+00
1.440000000000000000e+02 7.200000000000000178e+00 7.250000000000000000e+00 7.224999999999999645e+00 3.279875090225284140e+01 1.499800000000000000e+04 1.416892457634718812e+04 1.058513645067800324e+00
1.450000000000000000e+02 7.250000000000000000e+00 7.300000000000000711e+00 7.275000000000000355e+00 3.325428183702401697e+01 1.523600000000000000e+04 1.436571205390080468e+04 1.060580912580861623e+00
1.460000000000000000e+02 7.300000000000000711e+00 7.350000000000000533e+00 7.325000000000001066e+00 3.371295436444751914e+01 1.529800000000000000e+04 1.456385668647156854e+04 1.050408578533348347e+00
1.470000000000000000e+02 7.350000000000000533e+00 7.400000000000000355e+00 7.375000000000000000e+00 3.417476848452525218e+01 1.554900000000000000e+04 1.476335847406018911e+04 1.053215637032739904e+00
1.480000000000000000e+02 7.400000000000000355e+00 7.450000000000000178e+00 7.425000000000000711e+00 3.463972419725649843e+01 1.524600000000000000e+04 1.496421741666629532e+04 1.018830425640559811e+00
1.490000000000000000e+02 7.450000000000000178e+00 7.500000000000000000e+00 7.474999999999999645e+00 3.510782150264149948e+01 1.577400000000000000e+04 1.516643351429020186e+04 1.040059944556993798e+00
1.500000000000000000e+02 7.500000000000000000e+00 7.550000000000000711e+00 7.525000000000000355e+00 3.557906040068048981e+01 1.592400000000000000e+04 1.537000676693193236e+04 1.036043785892141855e+00
1.510000000000000000e+02 7.550000000000000711e+00 7.600000000000000533e+00 7.575000000000001066e+00 3.605344089137204833e+01 1.601600000000000000e+04 1.557493717459079744e+04 1.028318754706038840e+00
1.520000000000000000e+02 7.600000000000000533e+00 7.650000000000000355e+00 7.625000000000000000e+00 3.653096297471759613e+01 1.625700000000000000e+04 1.578122473726741191e+04 1.030148183721700805e+00
1.530000000000000000e+02 7.650000000000000355e+00 7.700000000000000178e+00 7.675000000000000711e+00 3.701162665071665714e+01 1.598200000000000000e+04 1.598886945496152839e+04 9.995703601820704609e-01
1.540000000000000000e+02 7.700000000000000178e+00 7.750000000000000000e+00 7.724999999999999645e+00 3.749543191936971454e+01 1.636400000000000000e+04 1.619787132767343246e+04 1.010256203976799272e+00
1.550000000000000000e+02 7.750000000000000000e+00 7.800000000000000711e+00 7.775000000000000355e+00 3.798237878067676121e+01 1.669100000000000000e+04 1.640823035540322962e+04 1.017233402900371564e+00
1.560000000000000000e+02 7.800000000000000711e+00 7.850000000000000533e+00 7.825000000000001066e+00 3.847246723463612739e+01 1.660000000000000000e+04 1.661994653815007041e+04 9.987998434228242406e-01
1.570000000000000000e+02 7.850000000000000533e+00 7.900000000000000355e+00 7.875000000000000000e+00 3.896569728124948995e+01 1.680100000000000000e+04 1.683301987591468787e+04 9.980977937321571236e-01
1.580000000000000000e+02 7.900000000000000355e+00 7.950000000000000178e+00 7.925000000000000711e+00 3.946206892051684889e+01 1.698700000000000000e+04 1.704745036869710748e+04 9.964539935656239189e-01
1.590000000000000000e+02 7.950000000000000178e+00 8.000000000000000000e+00 7.974999999999999645e+00 3.996158215243772105e+01 1.743500000000000000e+04 1.726323801649713641e+04 1.009949580915163514e+00
