bin_index  r_left_A  r_right_A  r_center_A  shell_volume_A3  counts  normalization  g_r
0.000000000000000000e+00 0.000000000000000000e+00 2.000000000000000042e-02 1.000000000000000021e-02 3.351032163829113108e-05 0.000000000000000000e+00 1.249089923476081644e-02 0.000000000000000000e+00
1.000000000000000000e+00 2.000000000000000042e-02 4.000000000000000083e-02 2.999999999999999889e-02 2.345722514680378837e-04 0.000000000000000000e+00 8.743629464332584866e-02 0.000000000000000000e+00
2.000000000000000000e+00 4.000000000000000083e-02 5.999999999999999778e-02 5.000000000000000278e-02 6.366961111275311856e-04 0.000000000000000000e+00 2.373270854604572766e-01 0.000000000000000000e+00
3.000000000000000000e+00 5.999999999999999778e-02 8.000000000000000167e-02 7.000000000000000666e-02 1.239881900616772318e-03 0.000000000000000000e+00 4.621632716861515666e-01 0.000000000000000000e+00
4.000000000000000000e+00 8.000000000000000167e-02 1.000000000000000056e-01 8.999999999999999667e-02 2.044129619935759409e-03 0.000000000000000000e+00 7.619448533204125074e-01 0.000000000000000000e+00
5.000000000000000000e+00 1.000000000000000056e-01 1.199999999999999956e-01 1.100000000000000006e-01 3.049439269084490076e-03 0.000000000000000000e+00 1.136671830363237712e+00 0.000000000000000000e+00
6.000000000000000000e+00 1.199999999999999956e-01 1.400000000000000133e-01 1.300000000000000044e-01 4.255810848062977110e-03 0.000000000000000000e+00 1.586344202814640392e+00 0.000000000000000000e+00
7.000000000000000000e+00 1.400000000000000133e-01 1.600000000000000033e-01 1.500000000000000222e-01 5.663244356871199696e-03 0.000000000000000000e+00 2.110961970674579913e+00 0.000000000000000000e+00
8.000000000000000000e+00 1.600000000000000033e-01 1.799999999999999933e-01 1.699999999999999845e-01 7.271739795509169109e-03 0.000000000000000000e+00 2.710525133943104237e+00 0.000000000000000000e+00
9.000000000000000000e+00 1.799999999999999933e-01 2.000000000000000111e-01 1.900000000000000022e-01 9.081297163976905298e-03 0.000000000000000000e+00 3.385033692620194490e+00 0.000000000000000000e+00
1.000000000000000000e+01 2.000000000000000111e-01 2.200000000000000011e-01 2.100000000000000200e-01 1.109191646227435275e-02 0.000000000000000000e+00 4.134487646705835573e+00 0.000000000000000000e+00
1.100000000000000000e+01 2.200000000000000011e-01 2.399999999999999911e-01 2.299999999999999822e-01 1.330359769040156959e-02 0.000000000000000000e+00 4.958886996200080333e+00 0.000000000000000000e+00
1.200000000000000000e+01 2.399999999999999911e-01 2.600000000000000089e-01 2.500000000000000000e-01 1.571634084835855233e-02 0.000000000000000000e+00 5.858231741102831514e+00 0.000000000000000000e+00
1.300000000000000000e+01 2.600000000000000089e-01 2.800000000000000266e-01 2.700000000000000178e-01 1.833014593614526455e-02 0.000000000000000000e+00 6.832521881414221454e+00 0.000000000000000000e+00
1.400000000000000000e+01 2.800000000000000266e-01 2.999999999999999889e-01 2.900000000000000355e-01 2.114501295376165768e-02 0.000000000000000000e+00 7.881757417134076960e+00 0.000000000000000000e+00
1.500000000000000000e+01 2.999999999999999889e-01 3.200000000000000067e-01 3.099999999999999978e-01 2.416094190120793989e-02 0.000000000000000000e+00 9.005938348262596094e+00 0.000000000000000000e+00
1.600000000000000000e+01 3.200000000000000067e-01 3.400000000000000244e-01 3.300000000000000155e-01 2.737793277848384749e-02 0.000000000000000000e+00 1.020506467479962076e+01 0.000000000000000000e+00
1.700000000000000000e+01 3.400000000000000244e-01 3.599999999999999867e-01 3.499999999999999778e-01 3.079598558558950191e-02 0.000000000000000000e+00 1.147913639674517761e+01 0.000000000000000000e+00
1.800000000000000000e+01 3.599999999999999867e-01 3.800000000000000044e-01 3.699999999999999956e-01 3.441510032252501766e-02 0.000000000000000000e+00 1.282815351409936966e+01 0.000000000000000000e+00
1.900000000000000000e+01 3.800000000000000044e-01 4.000000000000000222e-01 3.900000000000000133e-01 3.823527698929021779e-02 0.000000000000000000e+00 1.425211602686215251e+01 0.000000000000000000e+00
2.000000000000000000e+01 4.000000000000000222e-01 4.199999999999999845e-01 4.100000000000000311e-01 4.225651558588498780e-02 0.000000000000000000e+00 1.575102393503335563e+01 0.000000000000000000e+00
2.100000000000000000e+01 4.199999999999999845e-01 4.400000000000000022e-01 4.299999999999999933e-01 4.647881611230982729e-02 0.000000000000000000e+00 1.732487723861330409e+01 0.000000000000000000e+00
2.200000000000000000e+01 4.400000000000000022e-01 4.600000000000000200e-01 4.500000000000000111e-01 5.090217856856425749e-02 0.000000000000000000e+00 1.897367593760167992e+01 0.000000000000000000e+00
2.300000000000000000e+01 4.600000000000000200e-01 4.799999999999999822e-01 4.699999999999999734e-01 5.552660295464829227e-02 0.000000000000000000e+00 2.069742003199867852e+01 0.000000000000000000e+00
2.400000000000000000e+01 4.799999999999999822e-01 5.000000000000000000e-01 4.899999999999999911e-01 6.035208927056238959e-02 0.000000000000000000e+00 2.249610952180428569e+01 0.000000000000000000e+00
2.500000000000000000e+01 5.000000000000000000e-01 5.200000000000000178e-01 5.100000000000000089e-01 6.537863751630602904e-02 0.000000000000000000e+00 2.436974440701845523e+01 0.000000000000000000e+00
2.600000000000000000e+01 5.200000000000000178e-01 5.400000000000000355e-01 5.300000000000000266e-01 7.060624769187943961e-02 0.000000000000000000e+00 2.631832468764114097e+01 0.000000000000000000e+00
2.700000000000000000e+01 5.400000000000000355e-01 5.600000000000000533e-01 5.500000000000000444e-01 7.603491979728267680e-02 0.000000000000000000e+00 2.834185036367235355e+01 0.000000000000000000e+00
2.800000000000000000e+01 5.600000000000000533e-01 5.799999999999999600e-01 5.700000000000000622e-01 8.166465383251506061e-02 0.000000000000000000e+00 3.044032143511197930e+01 0.000000000000000000e+00
2.900000000000000000e+01 5.799999999999999600e-01 5.999999999999999778e-01 5.899999999999999689e-01 8.749544979757820085e-02 0.000000000000000000e+00 3.261373790196048361e+01 0.000000000000000000e+00
3.000000000000000000e+01 5.999999999999999778e-01 6.199999999999999956e-01 6.099999999999999867e-01 9.352730769247058484e-02 0.000000000000000000e+00 3.486209976421762491e+01 0.000000000000000000e+00
3.100000000000000000e+01 6.199999999999999956e-01 6.400000000000000133e-01 6.300000000000000044e-01 9.976022751719292037e-02 0.000000000000000000e+00 3.718540702188304437e+01 0.000000000000000000e+00
3.200000000000000000e+01 6.400000000000000133e-01 6.600000000000000311e-01 6.500000000000000222e-01 1.061942092717445135e-01 0.000000000000000000e+00 3.958365967495714699e+01 0.000000000000000000e+00
3.300000000000000000e+01 6.600000000000000311e-01 6.800000000000000488e-01 6.700000000000000400e-01 1.128292529561262802e-01 0.000000000000000000e+00 4.205685772343964146e+01 0.000000000000000000e+00
3.400000000000000000e+01 6.800000000000000488e-01 7.000000000000000666e-01 6.900000000000000577e-01 1.196653585703377626e-01 0.000000000000000000e+00 4.460500116733106069e+01 0.000000000000000000e+00
3.500000000000000000e+01 7.000000000000000666e-01 7.199999999999999734e-01 7.099999999999999645e-01 1.267025261143782666e-01 0.000000000000000000e+00 4.722809000663043122e+01 0.000000000000000000e+00
3.600000000000000000e+01 7.199999999999999734e-01 7.399999999999999911e-01 7.299999999999999822e-01 1.339407555882496381e-01 0.000000000000000000e+00 4.992612424133896809e+01 0.000000000000000000e+00
3.700000000000000000e+01 7.399999999999999911e-01 7.600000000000000089e-01 7.500000000000000000e-01 1.413800469919505032e-01 0.000000000000000000e+00 5.269910387145604602e+01 0.000000000000000000e+00
3.800000000000000000e+01 7.600000000000000089e-01 7.800000000000000266e-01 7.700000000000000178e-01 1.490204003254806120e-01 0.000000000000000000e+00 5.554702889698126000e+01 0.000000000000000000e+00
3.900000000000000000e+01 7.800000000000000266e-01 8.000000000000000444e-01 7.900000000000000355e-01 1.568618155888411303e-01 0.000000000000000000e+00 5.846989931791601691e+01 0.000000000000000000e+00
4.000000000000000000e+01 8.000000000000000444e-01 8.200000000000000622e-01 8.100000000000000533e-01 1.649042927820304483e-01 0.000000000000000000e+00 6.146771513425790090e+01 0.000000000000000000e+00
4.100000000000000000e+01 8.200000000000000622e-01 8.399999999999999689e-01 8.300000000000000711e-01 1.731478319050494818e-01 0.000000000000000000e+00 6.454047634600917149e+01 0.000000000000000000e+00
4.200000000000000000e+01 8.399999999999999689e-01 8.599999999999999867e-01 8.499999999999999778e-01 1.815924329578998409e-01 0.000000000000000000e+00 6.768818295316906131e+01 0.000000000000000000e+00
4.300000000000000000e+01 8.599999999999999867e-01 8.800000000000000044e-01 8.699999999999999956e-01 1.902380959405787497e-01 0.000000000000000000e+00 7.091083495573712980e+01 0.000000000000000000e+00
4.400000000000000000e+01 8.800000000000000044e-01 9.000000000000000222e-01 8.900000000000000133e-01 1.990848208530880958e-01 0.000000000000000000e+00 7.420843235371457070e+01 0.000000000000000000e+00
4.500000000000000000e+01 9.000000000000000222e-01 9.200000000000000400e-01 9.100000000000000311e-01 2.081326076954259918e-01 0.000000000000000000e+00 7.758097514709957920e+01 0.000000000000000000e+00
4.600000000000000000e+01 9.200000000000000400e-01 9.400000000000000577e-01 9.300000000000000488e-01 2.173814564675947414e-01 0.000000000000000000e+00 8.102846333589394590e+01 0.000000000000000000e+00
4.700000000000000000e+01 9.400000000000000577e-01 9.599999999999999645e-01 9.499999999999999556e-01 2.268313671695915967e-01 0.000000000000000000e+00 8.455089692009569546e+01 0.000000000000000000e+00
4.800000000000000000e+01 9.599999999999999645e-01 9.799999999999999822e-01 9.699999999999999734e-01 2.364823398014207212e-01 0.000000000000000000e+00 8.814827589970711585e+01 0.000000000000000000e+00
4.900000000000000000e+01 9.799999999999999822e-01 1.000000000000000000e+00 9.899999999999999911e-01 2.463343743630783955e-01 0.000000000000000000e+00 9.182060027472684283e+01 0.000000000000000000e+00
5.000000000000000000e+01 1.000000000000000000e+00 1.020000000000000018e+00 1.010000000000000009e+00 2.563874708545660352e-01 0.000000000000000000e+00 9.556787004515560113e+01 0.000000000000000000e+00
5.100000000000000000e+01 1.020000000000000018e+00 1.040000000000000036e+00 1.030000000000000027e+00 2.666416292758821971e-01 0.000000000000000000e+00 9.939008521099202653e+01 0.000000000000000000e+00
5.200000000000000000e+01 1.040000000000000036e+00 1.060000000000000053e+00 1.050000000000000044e+00 2.770968496270292403e-01 0.000000000000000000e+00 1.032872457722374833e+02 0.000000000000000000e+00
5.300000000000000000e+01 1.060000000000000053e+00 1.080000000000000071e+00 1.070000000000000062e+00 2.877531319080062766e-01 0.000000000000000000e+00 1.072593517288917155e+02 0.000000000000000000e+00
5.400000000000000000e+01 1.080000000000000071e+00 1.100000000000000089e+00 1.090000000000000080e+00 2.986104761188131951e-01 0.000000000000000000e+00 1.113064030809539844e+02 0.000000000000000000e+00
5.500000000000000000e+01 1.100000000000000089e+00 1.120000000000000107e+00 1.110000000000000098e+00 3.096688822594482748e-01 0.000000000000000000e+00 1.154283998284243609e+02 0.000000000000000000e+00
5.600000000000000000e+01 1.120000000000000107e+00 1.140000000000000124e+00 1.130000000000000115e+00 3.209283503299141804e-01 0.000000000000000000e+00 1.196253419713046071e+02 0.000000000000000000e+00
5.700000000000000000e+01 1.140000000000000124e+00 1.159999999999999920e+00 1.149999999999999911e+00 3.323888803302063044e-01 0.000000000000000000e+00 1.238972295095910425e+02 0.000000000000000000e+00
5.800000000000000000e+01 1.159999999999999920e+00 1.179999999999999938e+00 1.169999999999999929e+00 3.440504722603358601e-01 0.000000000000000000e+00 1.282440624432902609e+02 0.000000000000000000e+00
5.900000000000000000e+01 1.179999999999999938e+00 1.199999999999999956e+00 1.189999999999999947e+00 3.559131261202897467e-01 0.000000000000000000e+00 1.326658407723944038e+02 0.000000000000000000e+00
6.000000000000000000e+01 1.199999999999999956e+00 1.219999999999999973e+00 1.209999999999999964e+00 3.679768419100754584e-01 0.000000000000000000e+00 1.371625644969093969e+02 0.000000000000000000e+00
6.100000000000000000e+01 1.219999999999999973e+00 1.239999999999999991e+00 1.229999999999999982e+00 3.802416196296892759e-01 0.000000000000000000e+00 1.417342336168311761e+02 0.000000000000000000e+00
6.200000000000000000e+01 1.239999999999999991e+00 1.260000000000000009e+00 1.250000000000000000e+00 3.927074592791348628e-01 0.000000000000000000e+00 1.463808481321632087e+02 0.000000000000000000e+00
6.300000000000000000e+01 1.260000000000000009e+00 1.280000000000000027e+00 1.270000000000000018e+00 4.053743608584085556e-01 0.000000000000000000e+00 1.511024080429021410e+02 0.000000000000000000e+00
6.400000000000000000e+01 1.280000000000000027e+00 1.300000000000000044e+00 1.290000000000000036e+00 4.182423243675102986e-01 0.000000000000000000e+00 1.558989133490499341e+02 0.000000000000000000e+00
6.500000000000000000e+01 1.300000000000000044e+00 1.320000000000000062e+00 1.310000000000000053e+00 4.313113498064457541e-01 0.000000000000000000e+00 1.607703640506070997e+02 0.000000000000000000e+00
6.600000000000000000e+01 1.320000000000000062e+00 1.340000000000000080e+00 1.330000000000000071e+00 4.445814371752093153e-01 0.000000000000000000e+00 1.657167601475731828e+02 0.000000000000000000e+00
6.700000000000000000e+01 1.340000000000000080e+00 1.360000000000000098e+00 1.350000000000000089e+00 4.580525864738009267e-01 0.000000000000000000e+00 1.707381016399466773e+02 0.000000000000000000e+00
6.800000000000000000e+01 1.360000000000000098e+00 1.380000000000000115e+00 1.370000000000000107e+00 4.717247977022261951e-01 0.000000000000000000e+00 1.758343885277284642e+02 0.000000000000000000e+00
6.900000000000000000e+01 1.380000000000000115e+00 1.400000000000000133e+00 1.390000000000000124e+00 4.855980708604759055e-01 0.000000000000000000e+00 1.810056208109193676e+02 0.000000000000000000e+00
7.000000000000000000e+01 1.400000000000000133e+00 1.419999999999999929e+00 1.410000000000000142e+00 4.996724059485536107e-01 0.000000000000000000e+00 1.862517984895169434e+02 0.000000000000000000e+00
7.100000000000000000e+01 1.419999999999999929e+00 1.439999999999999947e+00 1.429999999999999938e+00 5.139478029664724668e-01 0.000000000000000000e+00 1.915729215635274443e+02 0.000000000000000000e+00
7.200000000000000000e+01 1.439999999999999947e+00 1.459999999999999964e+00 1.449999999999999956e+00 5.284242619142119901e-01 0.000000000000000000e+00 1.969689900329437648e+02 0.000000000000000000e+00
7.300000000000000000e+01 1.459999999999999964e+00 1.479999999999999982e+00 1.469999999999999973e+00 5.431017827917851148e-01 0.000000000000000000e+00 2.024400038977683209e+02 0.000000000000000000e+00
7.400000000000000000e+01 1.479999999999999982e+00 1.500000000000000000e+00 1.489999999999999991e+00 5.579803655991864009e-01 0.000000000000000000e+00 2.079859631580026473e+02 0.000000000000000000e+00
7.500000000000000000e+01 1.500000000000000000e+00 1.520000000000000018e+00 1.510000000000000009e+00 5.730600103364176245e-01 0.000000000000000000e+00 2.136068678136458914e+02 0.000000000000000000e+00
7.600000000000000000e+01 1.520000000000000018e+00 1.540000000000000036e+00 1.530000000000000027e+00 5.883407170034768985e-01 0.000000000000000000e+00 2.193027178646948130e+02 0.000000000000000000e+00
7.700000000000000000e+01 1.540000000000000036e+00 1.560000000000000053e+00 1.550000000000000044e+00 6.038224856003679974e-01 0.000000000000000000e+00 2.250735133111552386e+02 0.000000000000000000e+00
7.800000000000000000e+01 1.560000000000000053e+00 1.580000000000000071e+00 1.570000000000000062e+00 6.195053161270890341e-01 0.000000000000000000e+00 2.309192541530252925e+02 0.000000000000000000e+00
7.900000000000000000e+01 1.580000000000000071e+00 1.600000000000000089e+00 1.590000000000000080e+00 6.353892085836400083e-01 0.000000000000000000e+00 2.368399403903019333e+02 0.000000000000000000e+00
8.000000000000000000e+01 1.600000000000000089e+00 1.620000000000000107e+00 1.610000000000000098e+00 6.514741629700153691e-01 0.000000000000000000e+00 2.428355720229850192e+02 0.000000000000000000e+00
8.100000000000000000e+01 1.620000000000000107e+00 1.640000000000000124e+00 1.630000000000000115e+00 6.677601792862282171e-01 0.000000000000000000e+00 2.489061490510799786e+02 0.000000000000000000e+00
8.200000000000000000e+01 1.640000000000000124e+00 1.660000000000000142e+00 1.650000000000000133e+00 6.842472575322690043e-01 0.000000000000000000e+00 2.550516714745832871e+02 0.000000000000000000e+00
8.300000000000000000e+01 1.660000000000000142e+00 1.679999999999999938e+00 1.669999999999999929e+00 7.009353977081267395e-01 0.000000000000000000e+00 2.612721392934888627e+02 0.000000000000000000e+00
8.400000000000000000e+01 1.679999999999999938e+00 1.699999999999999956e+00 1.689999999999999947e+00 7.178245998138349515e-01 0.000000000000000000e+00 2.675675525078129340e+02 0.000000000000000000e+00
8.500000000000000000e+01 1.699999999999999956e+00 1.719999999999999973e+00 1.709999999999999964e+00 7.349148638493637753e-01 0.000000000000000000e+00 2.739379111175409776e+02 0.000000000000000000e+00
8.600000000000000000e+01 1.719999999999999973e+00 1.739999999999999991e+00 1.729999999999999982e+00 7.522061898147206493e-01 0.000000000000000000e+00 2.803832151226742440e+02 0.000000000000000000e+00
8.700000000000000000e+01 1.739999999999999991e+00 1.760000000000000009e+00 1.750000000000000000e+00 7.696985777099094594e-01 0.000000000000000000e+00 2.869034645232226239e+02 0.000000000000000000e+00
8.800000000000000000e+01 1.760000000000000009e+00 1.780000000000000027e+00 1.770000000000000018e+00 7.873920275349299835e-01 0.000000000000000000e+00 2.934986593191767952e+02 0.000000000000000000e+00
8.900000000000000000e+01 1.780000000000000027e+00 1.800000000000000044e+00 1.790000000000000036e+00 8.052865392897747832e-01 0.000000000000000000e+00 3.001687995105376672e+02 0.000000000000000000e+00
9.000000000000000000e+01 1.800000000000000044e+00 1.820000000000000062e+00 1.810000000000000053e+00 8.233821129744515188e-01 0.000000000000000000e+00 3.069138850973096169e+02 0.000000000000000000e+00
9.100000000000000000e+01 1.820000000000000062e+00 1.840000000000000080e+00 1.830000000000000071e+00 8.416787485889563047e-01 0.000000000000000000e+00 3.137339160794884378e+02 0.000000000000000000e+00
9.200000000000000000e+01 1.840000000000000080e+00 1.860000000000000098e+00 1.850000000000000089e+00 8.601764461332966905e-01 0.000000000000000000e+00 3.206288924570752101e+02 0.000000000000000000e+00
9.300000000000000000e+01 1.860000000000000098e+00 1.880000000000000115e+00 1.870000000000000107e+00 8.788752056074613517e-01 0.000000000000000000e+00 3.275988142300723780e+02 0.000000000000000000e+00
9.400000000000000000e+01 1.880000000000000115e+00 1.900000000000000133e+00 1.890000000000000124e+00 8.977750270114615017e-01 0.000000000000000000e+00 3.346436813984818173e+02 0.000000000000000000e+00
9.500000000000000000e+01 1.900000000000000133e+00 1.919999999999999929e+00 1.910000000000000142e+00 9.168759103452712722e-01 0.000000000000000000e+00 3.417634939622865318e+02 0.000000000000000000e+00
9.600000000000000000e+01 1.919999999999999929e+00 1.939999999999999947e+00 1.929999999999999938e+00 9.361778556089425107e-01 0.000000000000000000e+00 3.489582519215164211e+02 0.000000000000000000e+00
9.700000000000000000e+01 1.939999999999999947e+00 1.959999999999999964e+00 1.949999999999999956e+00 9.556808628024232588e-01 0.000000000000000000e+00 3.562279552761442574e+02 0.000000000000000000e+00
9.800000000000000000e+01 1.959999999999999964e+00 1.979999999999999982e+00 1.969999999999999973e+00 9.753849319257432704e-01 0.000000000000000000e+00 3.635726040261866387e+02 0.000000000000000000e+00
9.900000000000000000e+01 1.979999999999999982e+00 2.000000000000000000e+00 1.989999999999999991e+00 9.952900629788838938e-01 0.000000000000000000e+00 3.709921981716307187e+02 0.000000000000000000e+00
1.000000000000000000e+02 2.000000000000000000e+00 2.020000000000000018e+00 2.009999999999999787e+00 1.015396255961863892e+00 0.000000000000000000e+00 3.784867377124896279e+02 0.000000000000000000e+00
1.010000000000000000e+02 2.020000000000000018e+00 2.040000000000000036e+00 2.030000000000000249e+00 1.035703510874664390e+00 0.000000000000000000e+00 3.860562226487530779e+02 0.000000000000000000e+00
1.020000000000000000e+02 2.040000000000000036e+00 2.060000000000000053e+00 2.049999999999999822e+00 1.056211827717292939e+00 0.000000000000000000e+00 3.937006529804265256e+02 0.000000000000000000e+00
1.030000000000000000e+02 2.060000000000000053e+00 2.080000000000000071e+00 2.070000000000000284e+00 1.076921206489764637e+00 0.000000000000000000e+00 4.014200287075112215e+02 0.000000000000000000e+00
1.040000000000000000e+02 2.080000000000000071e+00 2.100000000000000089e+00 2.089999999999999858e+00 1.097831647192056836e+00 0.000000000000000000e+00 4.092143498300014812e+02 0.000000000000000000e+00
1.050000000000000000e+02 2.100000000000000089e+00 2.120000000000000107e+00 2.110000000000000320e+00 1.118943149824177308e+00 0.000000000000000000e+00 4.170836163478972480e+02 0.000000000000000000e+00
1.060000000000000000e+02 2.120000000000000107e+00 2.140000000000000124e+00 2.129999999999999893e+00 1.140255714386133157e+00 0.000000000000000000e+00 4.250278282612064800e+02 0.000000000000000000e+00
1.070000000000000000e+02 2.140000000000000124e+00 2.160000000000000142e+00 2.150000000000000355e+00 1.161769340877917056e+00 0.000000000000000000e+00 4.330469855699225832e+02 0.000000000000000000e+00
1.080000000000000000e+02 2.160000000000000142e+00 2.180000000000000160e+00 2.169999999999999929e+00 1.183484029299529006e+00 0.000000000000000000e+00 4.411410882740508441e+02 0.000000000000000000e+00
1.090000000000000000e+02 2.180000000000000160e+00 2.200000000000000178e+00 2.190000000000000391e+00 1.205399779650976555e+00 0.000000000000000000e+00 4.493101363735859195e+02 0.000000000000000000e+00
1.100000000000000000e+02 2.200000000000000178e+00 2.220000000000000195e+00 2.209999999999999964e+00 1.227516591932237500e+00 0.000000000000000000e+00 4.575541298685228639e+02 0.000000000000000000e+00
1.110000000000000000e+02 2.220000000000000195e+00 2.240000000000000213e+00 2.230000000000000426e+00 1.249834466143348699e+00 0.000000000000000000e+00 4.658730687588770820e+02 0.000000000000000000e+00
1.120000000000000000e+02 2.240000000000000213e+00 2.260000000000000231e+00 2.250000000000000000e+00 1.272353402284280399e+00 1.000000000000000000e+00 4.742669530446365229e+02 2.108517141201451429e-03
1.130000000000000000e+02 2.260000000000000231e+00 2.280000000000000249e+00 2.270000000000000462e+00 1.295073400355032822e+00 3.000000000000000000e+00 4.827357827258014140e+02 6.214579708718276363e-03
1.140000000000000000e+02 2.280000000000000249e+00 2.300000000000000266e+00 2.290000000000000036e+00 1.317994460355628394e+00 9.000000000000000000e+00 4.912795578023773260e+02 1.831950842868237256e-02
1.150000000000000000e+02 2.300000000000000266e+00 2.319999999999999840e+00 2.310000000000000053e+00 1.341116582286022041e+00 5.000000000000000000e+01 4.998982782743551638e+02 1.000203484848949664e-01
1.160000000000000000e+02 2.319999999999999840e+00 2.339999999999999858e+00 2.330000000000000071e+00 1.364439766146303468e+00 8.400000000000000000e+01 5.085919441417573807e+02 1.651618767610426031e-01
1.170000000000000000e+02 2.339999999999999858e+00 2.359999999999999876e+00 2.349999999999999645e+00 1.387964011936383191e+00 1.600000000000000000e+02 5.173605554045602730e+02 3.092620771502088139e-01
1.180000000000000000e+02 2.359999999999999876e+00 2.379999999999999893e+00 2.370000000000000107e+00 1.411689319656290964e+00 2.470000000000000000e+02 5.262041120627710598e+02 4.693996005309348241e-01
1.190000000000000000e+02 2.379999999999999893e+00 2.399999999999999911e+00 2.389999999999999680e+00 1.435615689306027010e+00 3.070000000000000000e+02 5.351226141163884904e+02 5.737002920478855295e-01
1.200000000000000000e+02 2.399999999999999911e+00 2.419999999999999929e+00 2.410000000000000142e+00 1.459743120885605761e+00 4.050000000000000000e+02 5.441160615654191588e+02 7.443264932022353175e-01
1.210000000000000000e+02 2.419999999999999929e+00 2.439999999999999947e+00 2.429999999999999716e+00 1.484071614394997907e+00 4.270000000000000000e+02 5.531844544098531742e+02 7.718944315879792128e-01
1.220000000000000000e+02 2.439999999999999947e+00 2.459999999999999964e+00 2.450000000000000178e+00 1.508601169834225431e+00 5.680000000000000000e+02 5.623277926496955388e+02 1.010087012280820984e+00
1.230000000000000000e+02 2.459999999999999964e+00 2.479999999999999982e+00 2.469999999999999751e+00 1.533331787203288554e+00 6.800000000000000000e+02 5.715460762849530738e+02 1.189755346445551476e+00
1.240000000000000000e+02 2.479999999999999982e+00 2.500000000000000000e+00 2.490000000000000213e+00 1.558263466502179728e+00 7.180000000000000000e+02 5.808393053156183896e+02 1.236142240081102628e+00
1.250000000000000000e+02 2.500000000000000000e+00 2.520000000000000018e+00 2.509999999999999787e+00 1.583396207730899174e+00 8.840000000000000000e+02 5.902074797416865977e+02 1.497778375134954709e+00
1.260000000000000000e+02 2.520000000000000018e+00 2.540000000000000036e+00 2.530000000000000249e+00 1.608730010889446449e+00 1.041000000000000000e+03 5.996505995631634960e+02 1.736010938300325046e+00
1.270000000000000000e+02 2.540000000000000036e+00 2.560000000000000053e+00 2.549999999999999822e+00 1.634264875977821996e+00 1.244000000000000000e+03 6.091686647800537457e+02 2.042127364593118610e+00
1.280000000000000000e+02 2.560000000000000053e+00 2.580000000000000071e+00 2.570000000000000284e+00 1.660000802996025593e+00 1.517000000000000000e+03 6.187616753923487067e+02 2.451670910351857469e+00
1.290000000000000000e+02 2.580000000000000071e+00 2.600000000000000089e+00 2.589999999999999858e+00 1.685937791944057018e+00 1.761000000000000000e+03 6.284296314000480379e+02 2.802223052526586322e+00
1.300000000000000000e+02 2.600000000000000089e+00 2.620000000000000107e+00 2.610000000000000320e+00 1.712075842821931815e+00 1.869000000000000000e+03 6.381725328031644722e+02 2.928675090089575050e+00
1.310000000000000000e+02 2.620000000000000107e+00 2.640000000000000124e+00 2.629999999999999893e+00 1.738414955629634440e+00 2.178000000000000000e+03 6.479903796016910746e+02 3.361161011894621797e+00
1.320000000000000000e+02 2.640000000000000124e+00 2.660000000000000142e+00 2.650000000000000355e+00 1.764955130367165337e+00 2.403000000000000000e+03 6.578831717956228431e+02 3.652624209008515255e+00
1.330000000000000000e+02 2.660000000000000142e+00 2.680000000000000160e+00 2.669999999999999929e+00 1.791696367034509185e+00 2.409000000000000000e+03 6.678509093849609144e+02 3.607092490475909852e+00
1.340000000000000000e+02 2.680000000000000160e+00 2.700000000000000178e+00 2.690000000000000391e+00 1.818638665631696183e+00 2.574000000000000000e+03 6.778935923697056296e+02 3.797056099913992178e+00
1.350000000000000000e+02 2.700000000000000178e+00 2.720000000000000195e+00 2.709999999999999964e+00 1.845782026158711231e+00 2.518000000000000000e+03 6.880112207498642647e+02 3.659824032020333462e+00
1.360000000000000000e+02 2.720000000000000195e+00 2.740000000000000213e+00 2.730000000000000426e+00 1.873126448615569206e+00 2.546000000000000000e+03 6.982037945254344322e+02 3.646499804158903402e+00
1.370000000000000000e+02 2.740000000000000213e+00 2.760000000000000231e+00 2.750000000000000000e+00 1.900671933002240577e+00 2.404000000000000000e+03 7.084713136964039677e+02 3.393221367647594633e+00
1.380000000000000000e+02 2.760000000000000231e+00 2.780000000000000249e+00 2.770000000000000462e+00 1.928418479318739776e+00 2.229000000000000000e+03 7.188137782627843535e+02 3.100942229275300388e+00
1.390000000000000000e+02 2.780000000000000249e+00 2.800000000000000266e+00 2.790000000000000036e+00 1.956366087565067247e+00 2.034000000000000000e+03 7.292311882245699053e+02 2.789238903717350393e+00
1.400000000000000000e+02 2.800000000000000266e+00 2.819999999999999840e+00 2.810000000000000053e+00 1.984514757741207891e+00 1.913000000000000000e+03 7.397235435817616462e+02 2.586101276075656319e+00
1.410000000000000000e+02 2.819999999999999840e+00 2.839999999999999858e+00 2.830000000000000071e+00 2.012864489847220995e+00 1.685000000000000000e+03 7.502908443343764020e+02 2.245795764034485220e+00
1.420000000000000000e+02 2.839999999999999858e+00 2.859999999999999876e+00 2.849999999999999645e+00 2.041415283883062592e+00 1.504000000000000000e+03 7.609330904823988249e+02 1.976520693884568303e+00
1.430000000000000000e+02 2.859999999999999876e+00 2.879999999999999893e+00 2.870000000000000107e+00 2.070167139848717142e+00 1.330000000000000000e+03 7.716502820258194788e+02 1.723578713025725406e+00
1.440000000000000000e+02 2.879999999999999893e+00 2.899999999999999911e+00 2.889999999999999680e+00 2.099120057744200185e+00 1.082000000000000000e+03 7.824424189646549621e+02 1.382849362169968011e+00
1.450000000000000000e+02 2.899999999999999911e+00 2.919999999999999929e+00 2.910000000000000142e+00 2.128274037569495736e+00 9.060000000000000000e+02 7.933095012988935650e+02 1.142051114371625653e+00
1.460000000000000000e+02 2.919999999999999929e+00 2.939999999999999947e+00 2.929999999999999716e+00 2.157629079324664634e+00 8.220000000000000000e+02 8.042515290285463152e+02 1.022068308645794010e+00
1.470000000000000000e+02 2.939999999999999947e+00 2.959999999999999964e+00 2.950000000000000178e+00 2.187185183009616729e+00 7.130000000000000000e+02 8.152685021536026397e+02 8.745585020352785177e-01
1.480000000000000000e+02 2.959999999999999964e+00 2.979999999999999982e+00 2.969999999999999751e+00 2.216942348624426629e+00 6.510000000000000000e+02 8.263604206740737936e+02 7.877918444702012302e-01
1.490000000000000000e+02 2.979999999999999982e+00 3.000000000000000000e+00 2.990000000000000213e+00 2.246900576169064578e+00 5.020000000000000000e+02 8.375272845899518188e+02 5.993834579917908245e-01
1.500000000000000000e+02 3.000000000000000000e+00 3.020000000000000018e+00 3.009999999999999787e+00 2.277059865643515923e+00 5.020000000000000000e+02 8.487690939012311446e+02 5.914447210755959805e-01
1.510000000000000000e+02 3.020000000000000018e+00 3.040000000000000036e+00 3.030000000000000249e+00 2.307420217047825073e+00 4.390000000000000000e+02 8.600858486079309841e+02 5.104141647145243876e-01
1.520000000000000000e+02 3.040000000000000036e+00 3.060000000000000053e+00 3.049999999999999822e+00 2.337981630381932519e+00 4.030000000000000000e+02 8.714775487100322380e+02 4.624330260676522419e-01
1.530000000000000000e+02 3.060000000000000053e+00 3.080000000000000071e+00 3.070000000000000284e+00 2.368744105645882669e+00 3.850000000000000000e+02 8.829441942075440011e+02 4.360411479295624448e-01
1.540000000000000000e+02 3.080000000000000071e+00 3.100000000000000089e+00 3.089999999999999858e+00 2.399707642839676414e+00 3.480000000000000000e+02 8.944857851004599070e+02 3.890503413208696859e-01
1.550000000000000000e+02 3.100000000000000089e+00 3.120000000000000107e+00 3.110000000000000320e+00 2.430872241963268010e+00 3.240000000000000000e+02 9.061023213887855263e+02 3.575755103500941612e-01
1.560000000000000000e+02 3.120000000000000107e+00 3.140000000000000124e+00 3.129999999999999893e+00 2.462237903016717411e+00 3.210000000000000000e+02 9.177938030725216549e+02 3.497517622426520312e-01
1.570000000000000000e+02 3.140000000000000124e+00 3.160000000000000142e+00 3.150000000000000355e+00 2.493804625999994862e+00 3.500000000000000000e+02 9.295602301516736361e+02 3.765221323451967139e-01
1.580000000000000000e+02 3.160000000000000142e+00 3.180000000000000160e+00 3.169999999999999929e+00 2.525572410913100807e+00 3.570000000000000000e+02 9.414016026262262358e+02 3.792217890898823551e-01
1.590000000000000000e+02 3.180000000000000160e+00 3.200000000000000178e+00 3.190000000000000391e+00 2.557541257756019704e+00 3.820000000000000000e+02 9.533179204961844562e+02 4.007057790345281978e-01
1.600000000000000000e+02 3.200000000000000178e+00 3.220000000000000195e+00 3.209999999999999964e+00 2.589711166528781749e+00 3.240000000000000000e+02 9.653091837615546638e+02 3.356437558559814405e-01
1.610000000000000000e+02 3.220000000000000195e+00 3.240000000000000213e+00 3.230000000000000426e+00 2.622082137231341648e+00 3.990000000000000000e+02 9.773753924223251488e+02 4.082361834495538133e-01
1.620000000000000000e+02 3.240000000000000213e+00 3.260000000000000231e+00 3.250000000000000000e+00 2.654654169863789548e+00 3.800000000000000000e+02 9.895165464785211498e+02 3.840259178609384261e-01
1.630000000000000000e+02 3.260000000000000231e+00 3.280000000000000249e+00 3.270000000000000462e+00 2.687427264426035745e+00 3.940000000000000000e+02 1.001732645930117656e+03 3.933185182700794646e-01
1.640000000000000000e+02 3.280000000000000249e+00 3.300000000000000266e+00 3.290000000000000036e+00 2.720401420918139745e+00 4.160000000000000000e+02 1.014023690777128309e+03 4.102468253785920838e-01
1.650000000000000000e+02 3.300000000000000266e+00 3.320000000000000284e+00 3.310000000000000497e+00 2.753576639340012289e+00 4.060000000000000000e+02 1.026389681019533782e+03 3.955612644085742535e-01
1.660000000000000000e+02 3.320000000000000284e+00 3.339999999999999858e+00 3.330000000000000071e+00 2.786952919691683128e+00 4.020000000000000000e+02 1.038830616657327027e+03 3.869735773609812579e-01
1.670000000000000000e+02 3.339999999999999858e+00 3.359999999999999876e+00 3.349999999999999645e+00 2.820530261973330788e+00 4.610000000000000000e+02 1.051346497690588421e+03 4.384853147964472564e-01
1.680000000000000000e+02 3.359999999999999876e+00 3.379999999999999893e+00 3.370000000000000107e+00 2.854308666184747434e+00 4.390000000000000000e+02 1.063937324119236564e+03 4.126182906153979535e-01
1.690000000000000000e+02 3.379999999999999893e+00 3.399999999999999911e+00 3.389999999999999680e+00 2.888288132325932178e+00 4.230000000000000000e+02 1.076603095943265544e+03 3.929024555046339295e-01
1.700000000000000000e+02 3.399999999999999911e+00 3.419999999999999929e+00 3.410000000000000142e+00 2.922468660397004925e+00 4.310000000000000000e+02 1.089343813162727884e+03 3.956510284376274500e-01
1.710000000000000000e+02 3.419999999999999929e+00 3.439999999999999947e+00 3.429999999999999716e+00 2.956850250397905278e+00 4.670000000000000000e+02 1.102159475777594480e+03 4.237136369675745806e-01
1.720000000000000000e+02 3.439999999999999947e+00 3.459999999999999964e+00 3.450000000000000178e+00 2.991432902328604371e+00 5.090000000000000000e+02 1.115050083787859649e+03 4.564817378165752504e-01
1.730000000000000000e+02 3.459999999999999964e+00 3.479999999999999982e+00 3.469999999999999751e+00 3.026216616189161268e+00 5.450000000000000000e+02 1.128015637193553857e+03 4.831493305854629439e-01
1.740000000000000000e+02 3.479999999999999982e+00 3.500000000000000000e+00 3.490000000000000213e+00 3.061201391979546216e+00 5.660000000000000000e+02 1.141056135994645501e+03 4.960316869131283224e-01
1.750000000000000000e+02 3.500000000000000000e+00 3.520000000000000018e+00 3.509999999999999787e+00 3.096387229699729016e+00 5.460000000000000000e+02 1.154171580191132080e+03 4.730665781162119998e-01
1.760000000000000000e+02 3.520000000000000018e+00 3.540000000000000036e+00 3.530000000000000249e+00 3.131774129349800262e+00 5.380000000000000000e+02 1.167361969783051109e+03 4.608681916372390219e-01
1.770000000000000000e+02 3.540000000000000036e+00 3.560000000000000053e+00 3.549999999999999822e+00 3.167362090929639606e+00 5.730000000000000000e+02 1.180627304770359842e+03 4.853352092440826882e-01
1.780000000000000000e+02 3.560000000000000053e+00 3.580000000000000071e+00 3.570000000000000284e+00 3.203151114439336755e+00 5.980000000000000000e+02 1.193967585153086929e+03 5.008511181007700985e-01
1.790000000000000000e+02 3.580000000000000071e+00 3.600000000000000089e+00 3.589999999999999858e+00 3.239141199878861954e+00 5.750000000000000000e+02 1.207382810931213271e+03 4.762366954325961133e-01
1.800000000000000000e+02 3.600000000000000089e+00 3.620000000000000107e+00 3.610000000000000320e+00 3.275332347248215203e+00 6.460000000000000000e+02 1.220872982104760922e+03 5.291295732389038609e-01
1.810000000000000000e+02 3.620000000000000107e+00 3.640000000000000124e+00 3.629999999999999893e+00 3.311724556547396947e+00 6.750000000000000000e+02 1.234438098673703280e+03 5.468074913802717374e-01
1.820000000000000000e+02 3.640000000000000124e+00 3.660000000000000142e+00 3.650000000000000355e+00 3.348317827776406297e+00 6.630000000000000000e+02 1.248078160638063764e+03 5.312167305780352011e-01
1.830000000000000000e+02 3.660000000000000142e+00 3.680000000000000160e+00 3.669999999999999929e+00 3.385112160935244141e+00 7.040000000000000000e+02 1.261793167997834416e+03 5.579361323671457873e-01
1.840000000000000000e+02 3.680000000000000160e+00 3.700000000000000178e+00 3.690000000000000391e+00 3.422107556023939789e+00 7.090000000000000000e+02 1.275583120753018193e+03 5.558242253797260890e-01
1.850000000000000000e+02 3.700000000000000178e+00 3.720000000000000195e+00 3.709999999999999964e+00 3.459304013042433290e+00 7.460000000000000000e+02 1.289448018903596676e+03 5.785421273781284901e-01
1.860000000000000000e+02 3.720000000000000195e+00 3.740000000000000213e+00 3.730000000000000426e+00 3.496701531990785039e+00 7.990000000000000000e+02 1.303387862449599879e+03 6.130178307003347760e-01
1.870000000000000000e+02 3.740000000000000213e+00 3.760000000000000231e+00 3.750000000000000000e+00 3.534300112868905330e+00 8.200000000000000000e+02 1.317402651390981873e+03 6.224368830093074401e-01
1.880000000000000000e+02 3.760000000000000231e+00 3.780000000000000249e+00 3.770000000000000462e+00 3.572099755676942934e+00 8.450000000000000000e+02 1.331492385727807005e+03 6.346262352361216053e-01
1.890000000000000000e+02 3.780000000000000249e+00 3.800000000000000266e+00 3.790000000000000036e+00 3.610100460414749080e+00 8.510000000000000000e+02 1.345657065460022523e+03 6.324048093999934395e-01
1.900000000000000000e+02 3.800000000000000266e+00 3.820000000000000284e+00 3.810000000000000497e+00 3.648302227082383720e+00 9.590000000000000000e+02 1.359896690587646617e+03 7.052006278400392292e-01
1.910000000000000000e+02 3.820000000000000284e+00 3.839999999999999858e+00 3.830000000000000071e+00 3.686705055679786458e+00 9.550000000000000000e+02 1.374211261110642909e+03 6.949440941330703447e-01
1.920000000000000000e+02 3.839999999999999858e+00 3.859999999999999876e+00 3.849999999999999645e+00 3.725308946207195770e+00 1.042000000000000000e+03 1.388600777029131677e+03 7.503956624807072151e-01
1.930000000000000000e+02 3.859999999999999876e+00 3.879999999999999893e+00 3.870000000000000107e+00 3.764113898664344315e+00 1.005000000000000000e+03 1.403065238342989232e+03 7.162888599441735726e-01
1.940000000000000000e+02 3.879999999999999893e+00 3.899999999999999911e+00 3.889999999999999680e+00 3.803119913051290713e+00 1.077000000000000000e+03 1.417604645052241040e+03 7.597322735636993229e-01
1.950000000000000000e+02 3.899999999999999911e+00 3.919999999999999929e+00 3.910000000000000142e+00 3.842326989368095358e+00 1.131000000000000000e+03 1.432218997156907335e+03 7.896837021748377428e-01
1.960000000000000000e+02 3.919999999999999929e+00 3.939999999999999947e+00 3.929999999999999716e+00 3.881735127614728054e+00 1.146000000000000000e+03 1.446908294656992439e+03 7.920336100303257965e-01
1.970000000000000000e+02 3.939999999999999947e+00 3.959999999999999964e+00 3.950000000000000178e+00 3.921344327791218110e+00 1.211000000000000000e+03 1.461672537552489075e+03 8.285029436400098701e-01
1.980000000000000000e+02 3.959999999999999964e+00 3.979999999999999982e+00 3.969999999999999751e+00 3.961154589897477152e+00 1.264000000000000000e+03 1.476511725843374734e+03 8.560717655513441215e-01
1.990000000000000000e+02 3.979999999999999982e+00 4.000000000000000000e+00 3.990000000000000213e+00 4.001165913933593998e+00 1.343000000000000000e+03 1.491425859529681475e+03 9.004805645675961756e-01
2.000000000000000000e+02 4.000000000000000000e+00 4.020000000000000462e+00 4.009999999999999787e+00 4.041378299899628601e+00 1.468000000000000000e+03 1.506414938611416346e+03 9.744990987364832158e-01
2.010000000000000000e+02 4.020000000000000462e+00 4.040000000000000036e+00 4.030000000000000249e+00 4.081791747795282532e+00 1.476000000000000000e+03 1.521478963088496130e+03 9.701087138292224799e-01
2.020000000000000000e+02 4.040000000000000036e+00 4.060000000000000497e+00 4.050000000000000711e+00 4.122406257621031855e+00 1.576000000000000000e+03 1.536617932961080896e+03 1.025629055989883742e+00
2.030000000000000000e+02 4.060000000000000497e+00 4.080000000000000071e+00 4.070000000000000284e+00 4.163221829376282379e+00 1.678000000000000000e+03 1.551831848228949866e+03 1.081302720984262056e+00
2.040000000000000000e+02 4.080000000000000071e+00 4.099999999999999645e+00 4.089999999999999858e+00 4.204238463061510167e+00 1.732000000000000000e+03 1.567120708892272887e+03 1.105211608890213082e+00
2.050000000000000000e+02 4.099999999999999645e+00 4.120000000000000107e+00 4.109999999999999432e+00 4.245456158676833347e+00 1.866000000000000000e+03 1.582484514951119763e+03 1.179158457710177021e+00
2.060000000000000000e+02 4.120000000000000107e+00 4.139999999999999680e+00 4.129999999999999893e+00 4.286874916221598220e+00 1.954000000000000000e+03 1.597923266405224695e+03 1.222837191923380029e+00
2.070000000000000000e+02 4.139999999999999680e+00 4.160000000000000142e+00 4.150000000000000355e+00 4.328494735696518880e+00 2.015000000000000000e+03 1.613436963254858483e+03 1.248886721880382966e+00
2.080000000000000000e+02 4.160000000000000142e+00 4.179999999999999716e+00 4.169999999999999929e+00 4.370315617100938965e+00 2.112000000000000000e+03 1.629025605499781932e+03 1.296480542030548744e+00
2.090000000000000000e+02 4.179999999999999716e+00 4.200000000000000178e+00 4.189999999999999503e+00 4.412337560435515726e+00 2.224000000000000000e+03 1.644689193140235375e+03 1.352231174908905320e+00
2.100000000000000000e+02 4.200000000000000178e+00 4.219999999999999751e+00 4.209999999999999964e+00 4.454560565699592800e+00 2.259000000000000000e+03 1.660427726175961197e+03 1.360492820246128609e+00
2.110000000000000000e+02 4.219999999999999751e+00 4.240000000000000213e+00 4.230000000000000426e+00 4.496984632893824774e+00 2.264000000000000000e+03 1.676241204607231793e+03 1.350640942232707475e+00
2.120000000000000000e+02 4.240000000000000213e+00 4.259999999999999787e+00 4.250000000000000000e+00 4.539609762017617456e+00 2.382000000000000000e+03 1.692129628433798189e+03 1.407693571446256398e+00
2.130000000000000000e+02 4.259999999999999787e+00 4.280000000000000249e+00 4.269999999999999574e+00 4.582435953071446910e+00 2.416000000000000000e+03 1.708092997655868203e+03 1.414442892345815217e+00
2.140000000000000000e+02 4.280000000000000249e+00 4.299999999999999822e+00 4.290000000000000036e+00 4.625463206054895693e+00 2.419000000000000000e+03 1.724131312273244930e+03 1.403025386048223799e+00
2.150000000000000000e+02 4.299999999999999822e+00 4.320000000000000284e+00 4.310000000000000497e+00 4.668691520968440756e+00 2.397000000000000000e+03 1.740244572286150515e+03 1.377392602265711030e+00
2.160000000000000000e+02 4.320000000000000284e+00 4.339999999999999858e+00 4.330000000000000071e+00 4.712120897811486131e+00 2.543000000000000000e+03 1.756432777694328479e+03 1.447820851611639315e+00
2.170000000000000000e+02 4.339999999999999858e+00 4.360000000000000320e+00 4.349999999999999645e+00 4.755751336584746802e+00 2.449000000000000000e+03 1.772695928498063040e+03 1.381511606491330646e+00
2.180000000000000000e+02 4.360000000000000320e+00 4.379999999999999893e+00 4.370000000000000107e+00 4.799582837287448278e+00 2.588000000000000000e+03 1.789034024697064751e+03 1.446590709999617363e+00
2.190000000000000000e+02 4.379999999999999893e+00 4.400000000000000355e+00 4.390000000000000568e+00 4.843615399920365050e+00 2.587000000000000000e+03 1.805447066291606234e+03 1.432886096912110441e+00
2.200000000000000000e+02 4.400000000000000355e+00 4.419999999999999929e+00 4.410000000000000142e+00 4.887849024482663118e+00 2.622000000000000000e+03 1.821935053281408955e+03 1.439129235302668119e+00
2.210000000000000000e+02 4.419999999999999929e+00 4.440000000000000391e+00 4.429999999999999716e+00 4.932283710975235991e+00 2.517000000000000000e+03 1.838497985666777822e+03 1.369052356664479220e+00
2.220000000000000000e+02 4.440000000000000391e+00 4.459999999999999964e+00 4.450000000000000178e+00 4.976919459397310064e+00 2.579000000000000000e+03 1.855135863447420661e+03 1.390194675665109569e+00
2.230000000000000000e+02 4.459999999999999964e+00 4.480000000000000426e+00 4.470000000000000639e+00 5.021756269749479529e+00 2.571000000000000000e+03 1.871848686623594858e+03 1.373508456304511016e+00
2.240000000000000000e+02 4.480000000000000426e+00 4.500000000000000000e+00 4.490000000000000213e+00 5.066794142031149306e+00 2.591000000000000000e+03 1.888636455195028248e+03 1.371889223504606514e+00
2.250000000000000000e+02 4.500000000000000000e+00 4.520000000000000462e+00 4.509999999999999787e+00 5.112033076243093888e+00 2.547000000000000000e+03 1.905499169162057797e+03 1.336657628205653703e+00
2.260000000000000000e+02 4.520000000000000462e+00 4.540000000000000036e+00 4.530000000000000249e+00 5.157473072384361146e+00 2.606000000000000000e+03 1.922436828524293105e+03 1.355571200745475657e+00
2.270000000000000000e+02 4.540000000000000036e+00 4.560000000000000497e+00 4.550000000000000711e+00 5.203114130455902320e+00 2.519000000000000000e+03 1.939449433282110249e+03 1.298822210454398052e+00
2.280000000000000000e+02 4.560000000000000497e+00 4.580000000000000071e+00 4.570000000000000284e+00 5.248956250456885186e+00 2.550000000000000000e+03 1.956536983435184766e+03 1.303323178447076458e+00
2.290000000000000000e+02 4.580000000000000071e+00 4.600000000000000533e+00 4.589999999999999858e+00 5.294999432388141969e+00 2.484000000000000000e+03 1.973699478983841118e+03 1.258550263831901717e+00
2.300000000000000000e+02 4.600000000000000533e+00 4.620000000000000107e+00 4.610000000000000320e+00 5.341243676248780936e+00 2.546000000000000000e+03 1.990936919927733697e+03 1.278794910334182688e+00
2.310000000000000000e+02 4.620000000000000107e+00 4.639999999999999680e+00 4.629999999999999893e+00 5.387688982039396279e+00 2.679000000000000000e+03 2.008249306267089423e+03 1.333997722115335405e+00
2.320000000000000000e+02 4.639999999999999680e+00 4.660000000000000142e+00 4.650000000000000355e+00 5.434335349760167411e+00 2.590000000000000000e+03 2.025636638001983329e+03 1.278610364470246230e+00
2.330000000000000000e+02 4.660000000000000142e+00 4.679999999999999716e+00 4.669999999999999929e+00 5.481182779410260331e+00 2.459000000000000000e+03 2.043098915132082084e+03 1.203563851846610522e+00
2.340000000000000000e+02 4.679999999999999716e+00 4.700000000000000178e+00 4.689999999999999503e+00 5.528231270990628943e+00 2.521000000000000000e+03 2.060636137657767904e+03 1.223408613451527183e+00
2.350000000000000000e+02 4.700000000000000178e+00 4.719999999999999751e+00 4.709999999999999964e+00 5.575480824500437471e+00 2.568000000000000000e+03 2.078248305578724285e+03 1.235656005640238364e+00
2.360000000000000000e+02 4.719999999999999751e+00 4.740000000000000213e+00 4.730000000000000426e+00 5.622931439940461296e+00 2.510000000000000000e+03 2.095935418895209295e+03 1.197555982580345235e+00
2.370000000000000000e+02 4.740000000000000213e+00 4.759999999999999787e+00 4.750000000000000000e+00 5.670583117309867305e+00 2.509000000000000000e+03 2.113697477606952816e+03 1.187019441798546016e+00
2.380000000000000000e+02 4.759999999999999787e+00 4.780000000000000249e+00 4.769999999999999574e+00 5.718435856609547230e+00 2.584000000000000000e+03 2.131534481714272260e+03 1.212272202100073581e+00
2.390000000000000000e+02 4.780000000000000249e+00 4.799999999999999822e+00 4.790000000000000036e+00 5.766489657838667959e+00 2.418000000000000000e+03 2.149446431216837937e+03 1.124940805633908969e+00
2.400000000000000000e+02 4.799999999999999822e+00 4.820000000000000284e+00 4.810000000000000497e+00 5.814744520998064381e+00 2.544000000000000000e+03 2.167433326114984993e+03 1.173738527200738346e+00
2.410000000000000000e+02 4.820000000000000284e+00 4.839999999999999858e+00 4.830000000000000071e+00 5.863200446086781703e+00 2.448000000000000000e+03 2.185495166408361001e+03 1.120112291999729726e+00
2.420000000000000000e+02 4.839999999999999858e+00 4.860000000000000320e+00 4.849999999999999645e+00 5.911857433105774717e+00 2.436000000000000000e+03 2.203631952097306112e+03 1.105447757590162672e+00
2.430000000000000000e+02 4.860000000000000320e+00 4.879999999999999893e+00 4.870000000000000107e+00 5.960715482054208536e+00 2.375000000000000000e+03 2.221843683181527922e+03 1.068932084636648572e+00
2.440000000000000000e+02 4.879999999999999893e+00 4.900000000000000355e+00 4.890000000000000568e+00 6.009774592932916271e+00 2.405000000000000000e+03 2.240130359661287002e+03 1.073598234865064560e+00
2.450000000000000000e+02 4.900000000000000355e+00 4.919999999999999929e+00 4.910000000000000142e+00 6.059034765740887174e+00 2.415000000000000000e+03 2.258491981536277763e+03 1.069297575436713332e+00
2.460000000000000000e+02 4.919999999999999929e+00 4.940000000000000391e+00 4.929999999999999716e+00 6.108496000479311405e+00 2.366000000000000000e+03 2.276928548806907656e+03 1.039119124418623086e+00
2.470000000000000000e+02 4.940000000000000391e+00 4.959999999999999964e+00 4.950000000000000178e+00 6.158158297146997917e+00 2.322000000000000000e+03 2.295440061472723301e+03 1.011570739298780053e+00
2.480000000000000000e+02 4.959999999999999964e+00 4.980000000000000426e+00 4.970000000000000639e+00 6.208021655745077361e+00 2.338000000000000000e+03 2.314026519534150339e+03 1.010360071616930311e+00
2.490000000000000000e+02 4.980000000000000426e+00 5.000000000000000000e+00 4.990000000000000213e+00 6.258086076272360465e+00 2.183000000000000000e+03 2.332687922990770403e+03 9.358302833759033490e-01
2.500000000000000000e+02 5.000000000000000000e+00 5.020000000000000462e+00 5.009999999999999787e+00 6.308351558730096897e+00 2.277000000000000000e+03 2.351424271843031420e+03 9.683492797389990914e-01
2.510000000000000000e+02 5.020000000000000462e+00 5.040000000000000036e+00 5.030000000000000249e+00 6.358818103117095610e+00 2.200000000000000000e+03 2.370235566090467728e+03 9.281777859863696856e-01
2.520000000000000000e+02 5.040000000000000036e+00 5.060000000000000497e+00 5.050000000000000711e+00 6.409485709434369127e+00 2.323000000000000000e+03 2.389121805733505880e+03 9.723238030079403016e-01
2.530000000000000000e+02 5.060000000000000497e+00 5.080000000000000071e+00 5.070000000000000284e+00 6.460354377681202465e+00 2.189000000000000000e+03 2.408082990771829827e+03 9.090218270668445344e-01
2.540000000000000000e+02 5.080000000000000071e+00 5.100000000000000533e+00 5.089999999999999858e+00 6.511424107858072574e+00 2.180000000000000000e+03 2.427119121205651027e+03 8.981841809713497771e-01
2.550000000000000000e+02 5.100000000000000533e+00 5.120000000000000107e+00 5.110000000000000320e+00 6.562694899964502504e+00 2.115000000000000000e+03 2.446230197034776666e+03 8.645956552100939607e-01
2.560000000000000000e+02 5.120000000000000107e+00 5.139999999999999680e+00 5.129999999999999893e+00 6.614166754000731174e+00 2.129000000000000000e+03 2.465416218259297693e+03 8.635458727951325075e-01
2.570000000000000000e+02 5.139999999999999680e+00 5.160000000000000142e+00 5.150000000000000355e+00 6.665839669967472680e+00 2.086000000000000000e+03 2.484677184879478318e+03 8.395456813039410271e-01
2.580000000000000000e+02 5.160000000000000142e+00 5.179999999999999716e+00 5.169999999999999929e+00 6.717713647863178927e+00 2.157000000000000000e+03 2.504013096894760110e+03 8.614172196922240676e-01
2.590000000000000000e+02 5.179999999999999716e+00 5.200000000000000178e+00 5.189999999999999503e+00 6.769788687689278106e+00 2.160000000000000000e+03 2.523423954305647840e+03 8.559798270577768653e-01
2.600000000000000000e+02 5.200000000000000178e+00 5.219999999999999751e+00 5.209999999999999964e+00 6.822064789444818977e+00 2.094000000000000000e+03 2.542909757111794079e+03 8.234661077309874955e-01
2.610000000000000000e+02 5.219999999999999751e+00 5.240000000000000213e+00 5.230000000000000426e+00 6.874541953130634653e+00 2.128000000000000000e+03 2.562470505313527156e+03 8.304485829543750697e-01
2.620000000000000000e+02 5.240000000000000213e+00 5.259999999999999787e+00 5.250000000000000000e+00 6.927220178745772117e+00 2.128000000000000000e+03 2.582106198910481453e+03 8.241334151546162445e-01
2.630000000000000000e+02 5.259999999999999787e+00 5.280000000000000249e+00 5.269999999999999574e+00 6.980099466291303401e+00 2.115000000000000000e+03 2.601816837903063970e+03 8.128935016442532246e-01
2.640000000000000000e+02 5.280000000000000249e+00 5.299999999999999822e+00 5.290000000000000036e+00 7.033179815766037457e+00 2.142000000000000000e+03 2.621602422290788581e+03 8.170575300766979021e-01
2.650000000000000000e+02 5.299999999999999822e+00 5.320000000000000284e+00 5.310000000000000497e+00 7.086461227171284349e+00 2.127000000000000000e+03 2.641462952074196892e+03 8.052355980725691698e-01
2.660000000000000000e+02 5.320000000000000284e+00 5.339999999999999858e+00 5.330000000000000071e+00 7.139943700505614999e+00 2.205000000000000000e+03 2.661398427252724105e+03 8.285117994437798394e-01
2.670000000000000000e+02 5.339999999999999858e+00 5.360000000000000320e+00 5.349999999999999645e+00 7.193627235770458483e+00 2.193000000000000000e+03 2.681408847826928650e+03 8.178536450259177304e-01
2.680000000000000000e+02 5.360000000000000320e+00 5.379999999999999893e+00 5.370000000000000107e+00 7.247511832964505629e+00 2.251000000000000000e+03 2.701494213796303484e+03 8.332425768318630910e-01
2.690000000000000000e+02 5.379999999999999893e+00 5.400000000000000355e+00 5.390000000000000568e+00 7.301597492089064723e+00 2.267000000000000000e+03 2.721654525161349284e+03 8.329492149138966184e-01
2.700000000000000000e+02 5.400000000000000355e+00 5.419999999999999929e+00 5.410000000000000142e+00 7.355884213142826589e+00 2.209000000000000000e+03 2.741889781921547637e+03 8.056487224850839013e-01
2.710000000000000000e+02 5.419999999999999929e+00 5.440000000000000391e+00 5.429999999999999716e+00 7.410371996126863259e+00 2.252000000000000000e+03 2.762199984077346016e+03 8.152921631241818456e-01
2.720000000000000000e+02 5.440000000000000391e+00 5.459999999999999964e+00 5.450000000000000178e+00 7.465060841040341622e+00 2.335000000000000000e+03 2.782585131628380623e+03 8.391477311723964938e-01
2.730000000000000000e+02 5.459999999999999964e+00 5.480000000000000426e+00 5.470000000000000639e+00 7.519950747884212916e+00 2.321000000000000000e+03 2.803045224575066186e+03 8.280280245395815752e-01
2.740000000000000000e+02 5.480000000000000426e+00 5.500000000000000000e+00 5.490000000000000213e+00 7.575041716657167967e+00 2.335000000000000000e+03 2.823580262916852462e+03 8.269642732195142676e-01
2.750000000000000000e+02 5.500000000000000000e+00 5.520000000000000462e+00 5.509999999999999787e+00 7.630333747360755758e+00 2.345000000000000000e+03 2.844190246654357907e+03 8.244877440102471589e-01
2.760000000000000000e+02 5.520000000000000462e+00 5.540000000000000036e+00 5.530000000000000249e+00 7.685826839993307402e+00 2.442000000000000000e+03 2.864875175786953605e+03 8.523931585707590353e-01
2.770000000000000000e+02 5.540000000000000036e+00 5.560000000000000497e+00 5.550000000000000711e+00 7.741520994556610802e+00 2.429000000000000000e+03 2.885635050315301669e+03 8.417557860390533220e-01
2.780000000000000000e+02 5.560000000000000497e+00 5.580000000000000071e+00 5.570000000000000284e+00 7.797416211048878942e+00 2.460000000000000000e+03 2.906469870238737258e+03 8.463875800638992475e-01
2.790000000000000000e+02 5.580000000000000071e+00 5.600000000000000533e+00 5.589999999999999858e+00 7.853512489471659030e+00 2.518000000000000000e+03 2.927379635557830625e+03 8.601549212868591088e-01
2.800000000000000000e+02 5.600000000000000533e+00 5.620000000000000107e+00 5.610000000000000320e+00 7.909809829823761795e+00 2.585000000000000000e+03 2.948364346272137936e+03 8.767573123275724800e-01
2.810000000000000000e+02 5.620000000000000107e+00 5.639999999999999680e+00 5.629999999999999893e+00 7.966308232105900444e+00 2.635000000000000000e+03 2.969424002381930222e+03 8.873774839451451513e-01
2.820000000000000000e+02 5.639999999999999680e+00 5.660000000000000142e+00 5.650000000000000355e+00 8.023007696318195769e+00 2.630000000000000000e+03 2.990558603887294794e+03 8.794343627245355677e-01
2.830000000000000000e+02 5.660000000000000142e+00 5.679999999999999716e+00 5.669999999999999929e+00 8.079908222459573963e+00 2.692000000000000000e+03 3.011768150787740524e+03 8.938271026260424801e-01
2.840000000000000000e+02 5.679999999999999716e+00 5.700000000000000178e+00 5.689999999999999503e+00 8.137009810531703025e+00 2.763000000000000000e+03 3.033052643083951352e+03 9.109634171039752149e-01
2.850000000000000000e+02 5.700000000000000178e+00 5.719999999999999751e+00 5.709999999999999964e+00 8.194312460532797715e+00 2.768000000000000000e+03 3.054412080775245613e+03 9.062300458481191701e-01
2.860000000000000000e+02 5.719999999999999751e+00 5.740000000000000213e+00 5.730000000000000426e+00 8.251816172464524257e+00 2.672000000000000000e+03 3.075846463862254041e+03 8.687039588591313199e-01
2.870000000000000000e+02 5.740000000000000213e+00 5.759999999999999787e+00 5.750000000000000000e+00 8.309520946325214652e+00 2.813000000000000000e+03 3.097355792344333622e+03 9.081940172817183354e-01
2.880000000000000000e+02 5.759999999999999787e+00 5.780000000000000249e+00 5.769999999999999574e+00 8.367426782116536899e+00 2.893000000000000000e+03 3.118940066222140103e+03 9.275587021792909281e-01
2.890000000000000000e+02 5.780000000000000249e+00 5.799999999999999822e+00 5.790000000000000036e+00 8.425533679837062806e+00 2.821000000000000000e+03 3.140599285495119602e+03 8.982362102127479098e-01
2.900000000000000000e+02 5.799999999999999822e+00 5.820000000000000284e+00 5.810000000000000497e+00 8.483841639487982533e+00 2.874000000000000000e+03 3.162333450163704583e+03 9.088225657706089367e-01
2.910000000000000000e+02 5.820000000000000284e+00 5.839999999999999858e+00 5.830000000000000071e+00 8.542350661067985129e+00 2.995000000000000000e+03 3.184142560227429840e+03 9.405985892120608538e-01
2.920000000000000000e+02 5.839999999999999858e+00 5.860000000000000320e+00 5.849999999999999645e+00 8.601060744578738593e+00 3.049000000000000000e+03 3.206026615686911555e+03 9.510214248008457272e-01
2.930000000000000000e+02 5.860000000000000320e+00 5.879999999999999893e+00 5.870000000000000107e+00 8.659971890018576701e+00 3.110000000000000000e+03 3.227985616541525815e+03 9.634491504742402901e-01
2.940000000000000000e+02 5.879999999999999893e+00 5.900000000000000355e+00 5.890000000000000568e+00 8.719084097388808630e+00 3.012000000000000000e+03 3.250019562791732369e+03 9.267636522817492839e-01
2.950000000000000000e+02 5.900000000000000355e+00 5.919999999999999929e+00 5.910000000000000142e+00 8.778397366688125203e+00 3.117000000000000000e+03 3.272128454437090113e+03 9.525909643838303964e-01
2.960000000000000000e+02 5.919999999999999929e+00 5.940000000000000391e+00 5.929999999999999716e+00 8.837911697918190868e+00 2.988000000000000000e+03 3.294312291478194311e+03 9.070178342622312595e-01
2.970000000000000000e+02 5.940000000000000391e+00 5.959999999999999964e+00 5.950000000000000178e+00 8.897627091077222161e+00 3.093000000000000000e+03 3.316571073914385579e+03 9.325896931102050091e-01
2.980000000000000000e+02 5.959999999999999964e+00 5.980000000000000426e+00 5.970000000000000639e+00 8.957543546166885307e+00 3.046000000000000000e+03 3.338904801746304656e+03 9.122751862847031656e-01
2.990000000000000000e+02 5.980000000000000426e+00 6.000000000000000000e+00 5.990000000000000213e+00 9.017661063185631320e+00 3.249000000000000000e+03 3.361313474973325356e+03 9.665864324141274500e-01
3.000000000000000000e+02 6.000000000000000000e+00 6.020000000000000462e+00 6.009999999999999787e+00 9.077979642134891947e+00 3.322000000000000000e+03 3.383797093596011109e+03 9.817373524810442120e-01
3.010000000000000000e+02 6.020000000000000462e+00 6.040000000000000036e+00 6.030000000000000249e+00 9.138499283013235441e+00 3.310000000000000000e+03 3.406355657613836684e+03 9.717129779450762728e-01
3.020000000000000000e+02 6.040000000000000036e+00 6.060000000000000497e+00 6.050000000000000711e+00 9.199219985822329804e+00 3.394000000000000000e+03 3.428989167027404164e+03 9.897960695344697468e-01
3.030000000000000000e+02 6.060000000000000497e+00 6.080000000000000071e+00 6.070000000000000284e+00 9.260141750560270779e+00 3.316000000000000000e+03 3.451697621836045073e+03 9.606867006606841786e-01
3.040000000000000000e+02 6.080000000000000071e+00 6.100000000000000533e+00 6.089999999999999858e+00 9.321264577228841830e+00 3.513000000000000000e+03 3.474481022040370590e+03 1.011086253663578516e+00
3.050000000000000000e+02 6.100000000000000533e+00 6.120000000000000107e+00 6.110000000000000320e+00 9.382588465826616542e+00 3.484000000000000000e+03 3.497339367639850479e+03 9.961858526618043719e-01
3.060000000000000000e+02 6.120000000000000107e+00 6.140000000000000568e+00 6.130000000000000782e+00 9.444113416354905866e+00 3.511000000000000000e+03 3.520272658635033167e+03 9.973659260136319427e-01
3.070000000000000000e+02 6.140000000000000568e+00 6.160000000000000142e+00 6.150000000000000355e+00 9.505839428812157266e+00 3.538000000000000000e+03 3.543280895025271093e+03 9.985096030538573864e-01
3.080000000000000000e+02 6.160000000000000142e+00 6.179999999999999716e+00 6.169999999999999929e+00 9.567766503199804262e+00 3.569000000000000000e+03 3.566364076811148152e+03 1.000739106589254579e+00
3.090000000000000000e+02 6.179999999999999716e+00 6.200000000000000178e+00 6.189999999999999503e+00 9.629894639517605270e+00 3.524000000000000000e+03 3.589522203992553386e+03 9.817462602906664726e-01
3.100000000000000000e+02 6.200000000000000178e+00 6.219999999999999751e+00 6.209999999999999964e+00 9.692223837764371908e+00 3.662000000000000000e+03 3.612755276569027046e+03 1.013630794133872248e+00
3.110000000000000000e+02 6.219999999999999751e+00 6.240000000000000213e+00 6.230000000000000426e+00 9.754754097941770397e+00 3.557000000000000000e+03 3.636063294541228970e+03 9.782557980605217640e-01
3.120000000000000000e+02 6.240000000000000213e+00 6.259999999999999787e+00 6.250000000000000000e+00 9.817485420048372546e+00 3.715000000000000000e+03 3.659446257908600728e+03 1.015180914864192818e+00
3.130000000000000000e+02 6.259999999999999787e+00 6.280000000000000249e+00 6.269999999999999574e+00 9.880417804085366740e+00 3.673000000000000000e+03 3.682904166671576604e+03 9.973107726339435208e-01
3.140000000000000000e+02 6.280000000000000249e+00 6.299999999999999822e+00 6.290000000000000036e+00 9.943551250051564594e+00 3.651000000000000000e+03 3.706437020829738231e+03 9.850430425451212058e-01
3.150000000000000000e+02 6.299999999999999822e+00 6.320000000000000284e+00 6.310000000000000497e+00 1.000688575794839430e+01 3.794000000000000000e+03 3.730044820383612659e+03 1.017145954726037305e+00
3.160000000000000000e+02 6.320000000000000284e+00 6.339999999999999858e+00 6.330000000000000071e+00 1.007042132777418963e+01 3.773000000000000000e+03 3.753727565332580525e+03 1.005134212414723338e+00
3.170000000000000000e+02 6.339999999999999858e+00 6.360000000000000320e+00 6.349999999999999645e+00 1.013415795953061682e+01 3.926000000000000000e+03 3.777485255677233909e+03 1.039315770749749790e+00
3.180000000000000000e+02 6.360000000000000320e+00 6.379999999999999893e+00 6.370000000000000107e+00 1.019809565321600786e+01 3.903000000000000000e+03 3.801317891416981183e+03 1.026749172652097197e+00
3.190000000000000000e+02 6.379999999999999893e+00 6.400000000000000355e+00 6.390000000000000568e+00 1.026223440883214977e+01 4.030000000000000000e+03 3.825225472552495376e+03 1.053532668575184017e+00
3.200000000000000000e+02 6.400000000000000355e+00 6.419999999999999929e+00 6.410000000000000142e+00 1.032657422637713829e+01 3.890000000000000000e+03 3.849207999083028881e+03 1.010597504974189098e+00
3.210000000000000000e+02 6.419999999999999929e+00 6.440000000000000391e+00 6.429999999999999716e+00 1.039111510585311393e+01 3.959000000000000000e+03 3.873265471009415705e+03 1.022134947793351456e+00
3.220000000000000000e+02 6.440000000000000391e+00 6.459999999999999964e+00 6.450000000000000178e+00 1.045585704725769993e+01 4.047000000000000000e+03 3.897397888330768183e+03 1.038385126680844373e+00
3.230000000000000000e+02 6.459999999999999964e+00 6.480000000000000426e+00 6.470000000000000639e+00 1.052080005059303502e+01 4.015000000000000000e+03 3.921605251047845286e+03 1.023815438570009118e+00
3.240000000000000000e+02 6.480000000000000426e+00 6.500000000000000000e+00 6.490000000000000213e+00 1.058594411585769279e+01 4.019000000000000000e+03 3.945887559160154524e+03 1.018528769445069315e+00
3.250000000000000000e+02 6.500000000000000000e+00 6.520000000000000462e+00 6.509999999999999787e+00 1.065128924305262359e+01 4.263000000000000000e+03 3.970244812668036957e+03 1.073737313728829967e+00
3.260000000000000000e+02 6.520000000000000462e+00 6.540000000000000036e+00 6.530000000000000249e+00 1.071683543217687884e+01 4.216000000000000000e+03 3.994677011571131516e+03 1.055404476453985163e+00
3.270000000000000000e+02 6.540000000000000036e+00 6.560000000000000497e+00 6.550000000000000711e+00 1.078258268323140712e+01 4.330000000000000000e+03 4.019184155869807910e+03 1.077333068621964429e+00
3.280000000000000000e+02 6.560000000000000497e+00 6.580000000000000071e+00 6.570000000000000284e+00 1.084853099621525807e+01 4.265000000000000000e+03 4.043766245563698249e+03 1.054709827670927025e+00
3.290000000000000000e+02 6.580000000000000071e+00 6.600000000000000533e+00 6.589999999999999858e+00 1.091468037112985989e+01 4.273000000000000000e+03 4.068423280653339134e+03 1.050284030257984558e+00
3.300000000000000000e+02 6.600000000000000533e+00 6.620000000000000107e+00 6.610000000000000320e+00 1.098103080797283049e+01 4.376000000000000000e+03 4.093155261137867910e+03 1.069101883710002143e+00
3.310000000000000000e+02 6.620000000000000107e+00 6.640000000000000568e+00 6.630000000000000782e+00 1.104758230674726782e+01 4.319000000000000000e+03 4.117962187018398254e+03 1.048819732637507052e+00
3.320000000000000000e+02 6.640000000000000568e+00 6.660000000000000142e+00 6.650000000000000355e+00 1.111433486745007393e+01 4.387000000000000000e+03 4.142844058293780108e+03 1.058934378960615597e+00
3.330000000000000000e+02 6.660000000000000142e+00 6.679999999999999716e+00 6.669999999999999929e+00 1.118128849008339287e+01 4.533000000000000000e+03 4.167800874964846116e+03 1.087623937897041149e+00
3.340000000000000000e+02 6.679999999999999716e+00 6.700000000000000178e+00 6.689999999999999503e+00 1.124844317464722288e+01 4.511000000000000000e+03 4.192832637031570812e+03 1.075883630593393869e+00
3.350000000000000000e+02 6.700000000000000178e+00 6.719999999999999751e+00 6.709999999999999964e+00 1.131579892113942520e+01 4.464000000000000000e+03 4.217939344493148383e+03 1.058336698423153699e+00
3.360000000000000000e+02 6.719999999999999751e+00 6.740000000000000213e+00 6.730000000000000426e+00 1.138335572956285269e+01 4.622000000000000000e+03 4.243120997350669313e+03 1.089292528515188652e+00
3.370000000000000000e+02 6.740000000000000213e+00 6.759999999999999787e+00 6.750000000000000000e+00 1.145111359991512678e+01 4.565000000000000000e+03 4.268377595603207737e+03 1.069493009405338979e+00
3.380000000000000000e+02 6.759999999999999787e+00 6.780000000000000249e+00 6.769999999999999574e+00 1.151907253219791372e+01 4.660000000000000000e+03 4.293709139251424858e+03 1.085308726993192474e+00
3.390000000000000000e+02 6.780000000000000249e+00 6.799999999999999822e+00 6.790000000000000036e+00 1.158723252640954549e+01 4.626000000000000000e+03 4.319115628294699491e+03 1.071052594585541806e+00
3.400000000000000000e+02 6.799999999999999822e+00 6.820000000000000284e+00 6.810000000000000497e+00 1.165559358255240419e+01 4.697000000000000000e+03 4.344597062733890198e+03 1.081112916152541015e+00
3.410000000000000000e+02 6.820000000000000284e+00 6.839999999999999858e+00 6.830000000000000071e+00 1.172415570062363344e+01 4.640000000000000000e+03 4.370153442567959246e+03 1.061747616182894260e+00
3.420000000000000000e+02 6.839999999999999858e+00 6.860000000000000320e+00 6.849999999999999645e+00 1.179291888062608962e+01 4.778000000000000000e+03 4.395784767797922541e+03 1.086950397344760955e+00
3.430000000000000000e+02 6.860000000000000320e+00 6.879999999999999893e+00 6.870000000000000107e+00 1.186188312255715438e+01 4.706000000000000000e+03 4.421491038422847851e+03 1.064346836645096328e+00
3.440000000000000000e+02 6.879999999999999893e+00 6.900000000000000355e+00 6.890000000000000568e+00 1.193104842641920627e+01 4.709000000000000000e+03 4.447272254443633756e+03 1.058851298185051082e+00
3.450000000000000000e+02 6.900000000000000355e+00 6.919999999999999929e+00 6.910000000000000142e+00 1.200041479220962870e+01 4.812000000000000000e+03 4.473128415859289817e+03 1.075757177669940168e+00
3.460000000000000000e+02 6.919999999999999929e+00 6.940000000000000391e+00 6.929999999999999716e+00 1.206998221993151610e+01 4.767000000000000000e+03 4.499059522670925617e+03 1.059554774943276989e+00
3.470000000000000000e+02 6.940000000000000391e+00 6.959999999999999964e+00 6.950000000000000178e+00 1.213975070958177227e+01 4.761000000000000000e+03 4.525065574877473409e+03 1.052139448858465443e+00
3.480000000000000000e+02 6.959999999999999964e+00 6.980000000000000426e+00 6.970000000000000639e+00 1.220972026116325715e+01 5.030000000000000000e+03 4.551146572479936367e+03 1.105215997747823531e+00
3.490000000000000000e+02 6.980000000000000426e+00 7.000000000000000000e+00 6.990000000000000213e+00 1.227989087467311080e+01 4.815000000000000000e+03 4.577302515477250381e+03 1.051929599085710931e+00
3.500000000000000000e+02 7.000000000000000000e+00 7.020000000000000462e+00 7.009999999999999787e+00 1.235026255011419138e+01 4.910000000000000000e+03 4.603533403870491384e+03 1.066572037007886609e+00
3.510000000000000000e+02 7.020000000000000462e+00 7.040000000000000036e+00 7.030000000000000249e+00 1.242083528748364252e+01 4.963000000000000000e+03 4.629839237658578895e+03 1.071959466676840389e+00
3.520000000000000000e+02 7.040000000000000036e+00 7.060000000000000497e+00 7.050000000000000711e+00 1.249160908678455684e+01 4.986000000000000000e+03 4.656220016842726181e+03 1.070825687352482625e+00
3.530000000000000000e+02 7.060000000000000497e+00 7.080000000000000071e+00 7.070000000000000284e+00 1.256258394801384348e+01 4.933000000000000000e+03 4.682675741421704515e+03 1.053457525654401650e+00
3.540000000000000000e+02 7.080000000000000071e+00 7.100000000000000533e+00 7.089999999999999858e+00 1.263375987117387922e+01 4.974000000000000000e+03 4.709206411396472504e+03 1.056228919582441028e+00
3.550000000000000000e+02 7.100000000000000533e+00 7.120000000000000107e+00 7.110000000000000320e+00 1.270513685626323586e+01 4.933000000000000000e+03 4.735812026766420786e+03 1.041637626687691442e+00
3.560000000000000000e+02 7.120000000000000107e+00 7.140000000000000568e+00 7.130000000000000782e+00 1.277671490328286907e+01 4.910000000000000000e+03 4.762492587531957724e+03 1.030972733239357009e+00
3.570000000000000000e+02 7.140000000000000568e+00 7.160000000000000142e+00 7.150000000000000355e+00 1.284849401223182319e+01 4.950000000000000000e+03 4.789248093692737712e+03 1.033565165796895391e+00
3.580000000000000000e+02 7.160000000000000142e+00 7.179999999999999716e+00 7.169999999999999929e+00 1.292047418311057783e+01 4.812000000000000000e+03 4.816078545248882619e+03 9.991531397981650020e-01
3.590000000000000000e+02 7.179999999999999716e+00 7.200000000000000178e+00 7.189999999999999503e+00 1.299265541592031958e+01 4.920000000000000000e+03 4.842983942200860838e+03 1.015902604410482413e+00
3.600000000000000000e+02 7.200000000000000178e+00 7.219999999999999751e+00 7.209999999999999964e+00 1.306503771065819208e+01 4.983000000000000000e+03 4.869964284547650095e+03 1.023210789411949317e+00
3.610000000000000000e+02 7.219999999999999751e+00 7.240000000000000213e+00 7.230000000000000426e+00 1.313762106732753132e+01 4.995000000000000000e+03 4.897019572290424549e+03 1.020008175638911885e+00
3.620000000000000000e+02 7.240000000000000213e+00 7.259999999999999787e+00 7.250000000000000000e+00 1.321040548592523933e+01 4.935000000000000000e+03 4.924149805428109175e+03 1.002203465572865104e+00
3.630000000000000000e+02 7.259999999999999787e+00 7.280000000000000249e+00 7.269999999999999574e+00 1.328339096645393624e+01 5.042000000000000000e+03 4.951354983961592552e+03 1.018307113170439981e+00
3.640000000000000000e+02 7.280000000000000249e+00 7.299999999999999822e+00 7.290000000000000036e+00 1.335657750891147977e+01 5.077000000000000000e+03 4.978635107890107065e+03 1.019757401371714334e+00
3.650000000000000000e+02 7.299999999999999822e+00 7.320000000000000284e+00 7.310000000000000497e+00 1.342996511329977238e+01 5.040000000000000000e+03 5.005990177214418509e+03 1.006793825313597956e+00
3.660000000000000000e+02 7.320000000000000284e+00 7.339999999999999858e+00 7.330000000000000071e+00 1.350355377961691161e+01 5.046000000000000000e+03 5.033420191933751994e+03 1.002499256486952373e+00
3.670000000000000000e+02 7.339999999999999858e+00 7.360000000000000320e+00 7.349999999999999645e+00 1.357734350786504152e+01 4.965000000000000000e+03 5.060925152048906966e+03 9.810459255636152509e-01
3.680000000000000000e+02 7.360000000000000320e+00 7.379999999999999893e+00 7.370000000000000107e+00 1.365133429804201448e+01 5.118000000000000000e+03 5.088505057559157649e+03 1.005796386582543889e+00
3.690000000000000000e+02 7.379999999999999893e+00 7.400000000000000355e+00 7.390000000000000568e+00 1.372552615014950206e+01 5.097000000000000000e+03 5.116159908465007902e+03 9.962550215771585060e-01
3.700000000000000000e+02 7.400000000000000355e+00 7.419999999999999929e+00 7.410000000000000142e+00 1.379991906418607250e+01 5.188000000000000000e+03 5.143889704765996612e+03 1.008575280141238872e+00
3.710000000000000000e+02 7.419999999999999929e+00 7.440000000000000391e+00 7.429999999999999716e+00 1.387451304015339559e+01 5.113000000000000000e+03 5.171694446462769520e+03 9.886508286461288542e-01
3.720000000000000000e+02 7.440000000000000391e+00 7.459999999999999964e+00 7.450000000000000178e+00 1.394930807804956174e+01 5.006000000000000000e+03 5.199574133554580840e+03 9.627711561403879958e-01
3.730000000000000000e+02 7.459999999999999964e+00 7.480000000000000426e+00 7.470000000000000639e+00 1.402430417787671857e+01 5.268000000000000000e+03 5.227528766042199095e+03 1.007741943807310969e+00
3.740000000000000000e+02 7.480000000000000426e+00 7.500000000000000000e+00 7.490000000000000213e+00 1.409950133963224594e+01 5.166000000000000000e+03 5.255558343924725705e+03 9.829593093513551150e-01
3.750000000000000000e+02 7.500000000000000000e+00 7.520000000000000462e+00 7.509999999999999787e+00 1.417489956331899847e+01 5.113000000000000000e+03 5.283662867203172027e+03 9.676998946578304617e-01
3.760000000000000000e+02 7.520000000000000462e+00 7.540000000000000036e+00 7.530000000000000249e+00 1.425049884893459762e+01 5.316000000000000000e+03 5.311842335876659490e+03 1.000782716025899299e+00
3.770000000000000000e+02 7.540000000000000036e+00 7.560000000000000497e+00 7.550000000000000711e+00 1.432629919648094763e+01 5.265000000000000000e+03 5.340096749945854754e+03 9.859371930018653307e-01
3.780000000000000000e+02 7.560000000000000497e+00 7.580000000000000071e+00 7.570000000000000284e+00 1.440230060595590444e+01 5.211000000000000000e+03 5.368426109410024765e+03 9.706755562614374222e-01
3.790000000000000000e+02 7.580000000000000071e+00 7.600000000000000533e+00 7.589999999999999858e+00 1.447850307736208997e+01 5.071000000000000000e+03 5.396830414270169967e+03 9.396255970154968606e-01
3.800000000000000000e+02 7.600000000000000533e+00 7.620000000000000107e+00 7.610000000000000320e+00 1.455490661069664426e+01 5.390000000000000000e+03 5.425309664525129847e+03 9.934916775799892408e-01
3.810000000000000000e+02 7.620000000000000107e+00 7.640000000000000568e+00 7.630000000000000782e+00 1.463151120596242549e+01 5.321000000000000000e+03 5.453863860176007620e+03 9.756385814566849168e-01
3.820000000000000000e+02 7.640000000000000568e+00 7.660000000000000142e+00 7.650000000000000355e+00 1.470831686315681353e+01 5.303000000000000000e+03 5.482493001221880149e+03 9.672606966973096299e-01
3.830000000000000000e+02 7.660000000000000142e+00 7.679999999999999716e+00 7.669999999999999929e+00 1.478532358228147814e+01 5.439000000000000000e+03 5.511197087663306775e+03 9.868999263653773779e-01
3.840000000000000000e+02 7.679999999999999716e+00 7.700000000000000178e+00 7.689999999999999503e+00 1.486253136333689184e+01 5.392000000000000000e+03 5.539976119500499408e+03 9.732893939777773618e-01
3.850000000000000000e+02 7.700000000000000178e+00 7.719999999999999751e+00 7.709999999999999964e+00 1.493994020632067610e+01 5.523000000000000000e+03 5.568830096732558559e+03 9.917702469034835877e-01
3.860000000000000000e+02 7.719999999999999751e+00 7.740000000000000213e+00 7.730000000000000426e+00 1.501755011123568728e+01 5.359000000000000000e+03 5.597759019360531966e+03 9.573473923163260402e-01
3.870000000000000000e+02 7.740000000000000213e+00 7.759999999999999787e+00 7.750000000000000000e+00 1.509536107807906724e+01 5.483000000000000000e+03 5.626762887383382804e+03 9.744501607299402846e-01
3.880000000000000000e+02 7.759999999999999787e+00 7.780000000000000249e+00 7.769999999999999574e+00 1.517337310685367413e+01 5.401000000000000000e+03 5.655841700802148807e+03 9.549418611263456036e-01
3.890000000000000000e+02 7.780000000000000249e+00 7.799999999999999822e+00 7.790000000000000036e+00 1.525158619755665157e+01 5.447000000000000000e+03 5.684995459615789514e+03 9.581362093766959687e-01
3.900000000000000000e+02 7.799999999999999822e+00 7.820000000000000284e+00 7.810000000000000497e+00 1.533000035019109397e+01 5.707000000000000000e+03 5.714224163825426331e+03 9.987357577129788444e-01
3.910000000000000000e+02 7.820000000000000284e+00 7.839999999999999858e+00 7.830000000000000071e+00 1.540861556475366889e+01 5.657000000000000000e+03 5.743527813429871458e+03 9.849347271849983043e-01
3.920000000000000000e+02 7.839999999999999858e+00 7.860000000000000320e+00 7.849999999999999645e+00 1.548743184124770700e+01 5.726000000000000000e+03 5.772906408430284500e+03 9.918747325676740001e-01
3.930000000000000000e+02 7.860000000000000320e+00 7.879999999999999893e+00 7.870000000000000107e+00 1.556644917967011565e+01 5.715000000000000000e+03 5.802359948825612264e+03 9.849440659324670833e-01
3.940000000000000000e+02 7.879999999999999893e+00 7.900000000000000355e+00 7.890000000000000568e+00 1.564566758002375124e+01 5.621000000000000000e+03 5.831888434616853374e+03 9.638387398899703751e-01
3.950000000000000000e+02 7.900000000000000355e+00 7.919999999999999929e+00 7.910000000000000142e+00 1.572508704230599541e+01 5.753000000000000000e+03 5.861491865803055589e+03 9.814907418986597021e-01
3.960000000000000000e+02 7.919999999999999929e+00 7.940000000000000391e+00 7.929999999999999716e+00 1.580470756651898867e+01 5.737000000000000000e+03 5.891170242384996527e+03 9.738302856577131239e-01
3.970000000000000000e+02 7.940000000000000391e+00 7.959999999999999964e+00 7.950000000000000178e+00 1.588452915266082854e+01 5.892000000000000000e+03 5.920923564361982244e+03 9.951150248694184963e-01
3.980000000000000000e+02 7.959999999999999964e+00 7.980000000000000426e+00 7.970000000000000639e+00 1.596455180073365732e+01 5.842000000000000000e+03 5.950751831734821280e+03 9.817246904576228950e-01
3.990000000000000000e+02 7.980000000000000426e+00 8.000000000000000000e+00 7.990000000000000213e+00 1.604477551073509645e+01 5.892000000000000000e+03 5.980655044502563214e+03 9.851763654912591983e-01
