0.0000000000
76.5667145315
79.8205470543
78.3469597406
79.4742305821
71.7450030537
69.3203472295
29.0556616067
28.3643025259
27.0046488272
86.1996805093
63.8866816775
45.3570259892
42.2495083197
63.9270951597
50.1480191540
79.6712646633
52.6862596927
91.7412316477
32.3682493665
98.1499658041
67.4978047259
52.2205376392
56.3594701041
49.4071274840
43.0441306815
16.1756942785
79.2194722779
70.4771196245
85.7980300341
73.9839044518
73.9066593659
32.5402171990
38.5381955786
60.6042844871
68.7317713776
87.0174024751
73.6166796721
52.5627564120
39.6384347818
49.5862691143
45.8131890449
11.4594386333
76.9938002366
55.0152590219
63.0995594234
14.0587888603
47.4586544559
77.8256526765
70.2099602886
85.9466943189
79.2970687744
63.5320468126
68.9909449059
86.0160445875
80.2465672321
79.1006590746
61.0027289674
99.0406939646
49.6519245506
60.5159982034
90.6140693670
62.0902803627
77.2349539277
54.4517368683
89.3017594711
86.8497927625
93.9811992006
69.4404261387
91.8788039057
75.7652352689
48.6958848342
24.6816134391
55.9497214955
81.8166575641
80.0651564928
28.3805690749
90.6770785555
57.8203219186
66.5360545861
76.2299884330
87.7892214219
33.3584386700
54.9020269731
43.1820512126
43.8696796926
82.9365989830
81.4669644118
67.2992407532
30.2195826988
50.1391090109
49.5370484020
64.2896292345
80.9549057236
95.9401461493
58.4674710268
18.7449480640
85.0715549868
76.2949134371
58.5121861523
