10.6795278379
5.4544850052
-19.0022374426
9.4301734963
-0.7486312041
0.0497566432
-2.1674704829
1.4037755585
19.0402779907
-7.4744014682
-3.4447276300
-5.2263247252
-29.7811991157
-25.4221144559
17.2473952601
27.3488037681
-23.7286359146
-15.1191416782
-4.8780139924
45.3484695740
-7.8112558048
2.5847615045
2.7163410793
-1.6141601031
-10.8140079763
1.9495522994
10.0633264555
9.9605532960
-7.0254165120
-1.2265542038
-32.3150430400
-19.8025463501
10.4912651308
17.1090907890
17.6288075191
-4.1094772850
10.3172253838
5.6706422169
-2.7828714235
13.7940702931
36.6791390579
158.0562860296
-44.9471043780
9.9443096653
-80.9155757003
-18.2588002159
-6.0032488761
-7.8943689298
52.3325323020
-41.8313820124
-69.5117382283
26.5553893320
-4.8365167219
29.1184606446
11.5799915711
1.3356277291
-9.7576727444
-36.7986017238
6.0025397440
-17.5334648305
5.6105782560
-15.0265785975
-2.9323370168
0.6967009169
10.2472371313
6.5427205079
-12.5517183343
4.6787277206
-5.4776918860
-22.9723240274
-33.4927975731
-12.2849020554
-1.6133644047
-25.2337995719
-8.1106779290
26.5726504130
57.5367434906
20.7009609525
103.6137134559
41.8573151383
152.5527962034
-72.2113091641
17.0534618681
-95.4194314644
-63.3993257032
-24.1353397603
5.8267864587
28.0095440995
-34.1864271655
-63.1635487755
-16.7486833065
-12.5691750789
12.8363613397
15.2112470248
11.2359842501
-0.4164692348
4.8160135554
2.1776675175
-11.3923644740
43.5857546025
-9.6308104395
70.0604688956
-42.3721794129
14.0702511472
-37.2737818765
-3.5735951896
-7.5756686115
-30.8004389137
-19.1912152109
29.8519700223
15.1209915879
-14.7221486728
12.4743268853
1.8765970763
36.9821839220
-40.6235557732
-19.8079644512
75.0708901789
56.1072031954
138.2478128533
-44.2866664357
-15.6026559116
-83.8210771673
31.4448087296
-16.2063502438
-44.7312483696
-65.0833471739
-21.2788632737
-11.3967378504
-17.3910976730
-16.2146677226
-0.8102972343
6.0368164373
17.0583487130
-10.1946890217
16.7371889634
-2.8214420419
11.0082425715
-25.8536640128
7.5480219474
1.9946308055
8.3930192197
21.4865559624
14.0864058399
13.2623113619
-30.6576590840
-14.0650678423
-19.2380701047
-10.7497093822
3.9195330574
-6.5799048798
5.1531098033
16.3855697381
27.4877153891
6.1781092241
-20.6230785659
141.1761180154
38.1443458504
121.9120768379
-86.3530901552
-21.3109354911
-168.0158776097
-13.4031321846
12.6534704859
36.5753116870
-42.1752577052
-30.9525358850
7.3788477001
-147.1988182183
78.9673396829
-143.9154181350
101.6289618800
-74.8377268417
145.2141484653
47.1620096302
-0.9035160843
2.0863875153
-21.3212878707
38.2778180251
-18.1935861536
14.3248639508
-4.9706470376
8.7236811019
6.2482883967
-36.2570003240
9.5773160298
-1.1598329394
7.5601613872
-5.6287038141
17.8815241653
2.5320058729
9.9715993918
-16.8103469651
-8.9027796407
-5.6857830168
45.5822044859
42.6461783221
71.7531541103
-18.3042664915
-5.1934971279
-64.3063886337
24.8289325917
-8.9741150069
-2.3818762095
-55.0146358207
-30.7808844189
-1.9814454551
2.8042710847
-7.3977298239
-0.0545023733
3.8053687228
-5.8590733132
11.9572190022
-19.2297004489
-4.5486316311
-12.0946827131
-3.0000709882
2.9087933576
29.1314633757
-5.1240021848
34.3699263549
-10.2406426774
27.1474873389
-20.7035781004
-25.5885600863
20.2597230862
27.5695371348
-49.1592314952
2.3599524072
11.2996164024
14.9839998413
-26.1152614116
-35.3365409637
37.9814921281
26.7801841992
39.9095641293
137.8063496775
-28.2517423485
2.9115041869
-69.7870202160
-59.1643023952
-26.5736903943
-9.0139212702
54.8595114010
-14.1583032941
-60.8215274487
52.4137540129
3.2103737098
16.9310583200
-12.1943584596
2.2077261794
-2.0195251360
-35.2183127568
-2.8312121743
-12.5585570712
-32.2731485132
-15.7347833442
-25.9419319825
-7.1824204875
13.7124940162
2.7752915369
19.7929137751
-23.0749394703
15.7125595245
6.9753313912
11.7902397441
15.2166236215
4.7484527166
2.2259074719
-7.0606335760
8.7141398366
6.4051180539
-1.2387647941
52.2756819664
8.7759671410
199.8221492190
-97.3541773707
-14.7766961080
-160.0813300630
19.8001782284
-5.8595938968
-25.6288027385
23.5187043607
19.4064854146
-11.9361288452
31.3139821629
-36.5758761466
50.9104616104
3.6347109903
26.5884944158
-11.5217953075
-24.5687831030
10.7611871235
-34.8482489826
-10.8473573430
6.1287759256
16.2524023242
7.9563349775
-25.6676140824
-7.7397959254
-4.3624737893
12.6081725995
-11.8074569491
-1.8302046600
-41.2200828909
12.2110835411
-29.6818494751
2.6612315561
26.4095903547
30.1452506832
37.1695489485
-42.0421294239
61.1342167462
6.7109033932
205.0895953036
-102.3461896802
-12.5151339972
-161.1067812887
12.1074672496
-5.6320798994
-33.5863935201
21.0511678428
16.7555694770
-14.4254848115
30.5911844742
-33.6773663899
52.0483837918
4.5948082246
25.5726567916
-12.4067316571
-22.9197557585
8.6157341243
-34.3929731473
-9.4512174056
5.2853463332
15.1838387144
7.6910851927
-25.4849094055
-7.6313307359
-4.1783698217
13.7957790880
-9.3820734710
31.7454605694
30.9634930428
-18.1109046742
-24.3313958052
-3.5899585901
-6.8647340620
-5.6884618284
-26.8000339681
25.5855895581
18.7839374188
17.6761486071
100.5617406407
-44.0545573099
-2.4699746041
-51.3096140297
25.8386560270
-10.1395379941
-61.0419062493
3.9567328453
1.0808417928
10.1395142774
-48.6958634906
-14.0015483448
-27.7451635352
32.5463363082
7.1584570411
22.7035214673
14.1602540002
7.3618558047
4.0005152287
-43.5836710823
-68.1455834307
54.0797708811
41.2201516696
-8.9817601147
-11.5253089502
-1.1970777892
72.2513549670
-40.0928676552
2.5544668606
-21.6171086001
31.2397924808
12.1275933191
11.8687292805
-10.5277344415
-13.6569575908
7.9581279669
-20.4822589290
34.4718231790
52.4560197075
47.4319505964
-8.4096292748
0.2652984042
5.2656424226
-68.1747894739
-32.0642676133
24.5081036913
43.4233289683
-21.7146901539
-78.3782003458
27.4882585036
-17.1627358002
17.0205975098
-6.2238363844
7.2201076554
7.9777061785
-22.6314224204
11.5899549953
-22.8691690276
2.4475420766
17.7870340953
-13.2362750680
-1.0548232865
7.7139956135
1.0368661176
-2.5777923252
-25.0116182952
12.4417020666
9.5402051799
-23.5667047755
-30.7099925567
-5.1004668265
15.5030774039
20.4400086504
-3.1983979158
6.9845287630
9.0710597648
-10.6509621481
39.8655682947
20.8579554413
15.4789040639
3.5665596033
15.9887866263
-33.0072057488
-17.7136460407
-0.8464072356
18.5183152804
-20.6730202001
-37.0045737592
47.3480168704
-8.5196396133
42.0507125308
-21.1955355117
20.1501396499
-32.5563993429
-19.3096544972
-15.5884080489
-7.1539804967
-4.8046128936
9.1804024757
4.9425805863
-0.0913606393
-5.1982250704
0.4820983409
4.7291389473
-5.0421638373
-7.0320334969
-11.1084970078
-18.6198563526
-37.9983523954
43.2075820571
3.3800590539
-5.1276355973
-29.1141299584
15.2122300858
43.3972476124
68.2135178090
0.6206743693
-149.5598094209
-42.6285531884
-31.6923290267
7.7335595950
14.1303684709
4.4153468190
18.9904573121
-42.7876205248
23.8427338421
125.2522015579
-6.0679577707
-17.1095959567
-7.9852279590
15.1703213289
16.8277965946
-15.7312127812
-14.8226746663
-1.6266896841
21.3707136647
33.7644651217
-3.8479806825
-19.1137822575
-22.4208208672
14.2080919550
17.8271629069
-3.4748953891
-7.4546418232
1.4372778985
16.5046979973
-1.0843151170
-7.9085598722
-15.6816162263
-6.7728528391
-12.5471907987
0.1007690906
9.6737615493
20.2344101544
14.1811591663
34.7135162604
139.0958233440
-45.6642266385
1.6998453141
-89.4022050971
-0.8051139295
-4.2173412539
6.5974327748
39.7218350500
-27.5068536542
-55.9482580005
22.6286226531
-42.8256266835
34.2252800137
-45.2948992706
30.6092080501
-13.8478255874
11.2605145278
6.7147300976
-16.3736627228
-18.9826829478
-19.7180813679
25.2400655483
-0.5527660794
9.7693983262
12.1129553153
18.3165980374
12.6005440935
-38.0562438982
-22.7949817171
1.7049728845
-9.8547372721
-24.3700174147
2.4469005374
1.2944719804
52.3559609348
-5.9912137901
4.9169036017
83.2245144743
33.1752498909
55.9986360237
-50.0419633691
6.0190632328
-55.3137946885
-5.9176407446
-6.4039725328
-12.6042854174
-35.4618355887
-30.8400518851
10.4075341834
69.2412422892
-43.0973879135
84.8715673959
-15.3922037741
52.4306534129
-61.3152375309
-47.7793399319
-12.1166231171
-21.6770184019
18.0333566944
2.9452567391
22.7425865808
-18.8475802436
2.1842263963
-7.1341769756
2.2524501194
-4.9030328360
-14.5894413646
17.3166874247
3.3691932058
3.4882159251
-8.8274800127
1.3623553675
-3.6349967776
-7.8002073374
-4.1249299607
-1.2395901384
28.4230890539
34.0445094412
104.0300273457
-47.9392266834
11.4754526964
-45.0232969432
20.7953893588
-25.8551735866
-62.6509968882
6.7992199823
-15.8605985528
-3.1401803071
-77.3496505212
-45.5499686225
-21.3882996658
53.8879079651
-4.8407442400
51.0076352354
9.1338831745
50.8640027870
-23.6664564158
68.7560536503
-98.0516146940
138.9684926325
-15.8609305879
99.2893323917
-99.6397657774
-48.1377208145
-3.4883356949
-37.9995240049
-23.0438337121
-13.1363099766
28.6726098624
13.5895141501
-2.1409586672
-4.4576326728
10.9463037982
13.2504079042
-24.7126124007
46.2984705701
127.0296505863
-38.6096088266
8.6189086169
7.4698525876
0.9528232943
-41.8148822404
-15.9821328804
14.3426373146
-21.6881890108
-115.9269464049
54.5671414648
-1.6135078913
19.5502815088
43.9079863511
-3.0406195870
25.8509733427
-18.1107244266
13.8988131322
-32.3608911560
-27.8498174363
-5.8868195879
37.7025601262
16.4735282037
6.7218486926
-19.3870222294
-1.2659572816
-4.0923407171
-30.2687760355
-43.7734955401
48.1035081565
3.6936080850
7.8289544607
-28.1604670897
-9.9398153333
-6.4210794547
-17.3447230442
2.5686589887
-2.0423881232
-73.2661194064
12.8101839308
76.9002185034
-9.7057638023
0.5293327034
-1.0489379646
40.0160584534
16.9528172906
-5.9144958980
46.4408697453
-24.6149715549
-71.8586760460
24.7541120429
-69.0101850031
94.8201199953
4.5152075565
69.6049843526
-34.0373066515
-31.6096273880
-2.4081733882
-55.7228370100
25.5860057878
3.9264417588
-50.5020359255
11.6607116718
-4.0244668167
-3.4059281445
-39.3376052361
-2.1965259245
50.9513718903
7.7537449565
-6.4427696466
15.6847041526
-8.1339666326
0.2753602531
-6.7568902524
1.3263734369
4.5979720447
-9.1093066490
-35.4813343490
68.1233845136
61.4825571250
-25.7406795886
-7.0159629988
16.4376375828
6.2947009723
-15.7950465262
24.8814783296
50.0437551727
-47.2261054458
-100.6914288013
25.5613486253
-75.5906863603
-18.1583252135
-22.8354876258
12.2225731409
29.9666051352
-2.5236883941
64.4520251509
-11.2044290587
-30.3055275760
-23.8049529929
69.5341588974
12.6449193967
-9.7245558022
-10.8610917371
18.2042207630
33.5136481906
-57.9918224766
26.0900089576
-12.7267411424
-27.6951116179
-9.8877712055
2.8887609695
19.8424569672
-12.0644639628
10.6836616747
4.4573136820
76.1481080459
8.1162312157
-64.3569646921
-10.5775029431
1.6275766922
2.2973910681
-40.8420905932
-33.7840611209
11.3401317977
-48.6968655251
11.9845917374
59.6887197935
28.3684455657
46.8698887204
-57.8463128441
-25.6900608399
18.7027299380
31.9771902265
6.4214944986
-31.4218745920
10.3254420663
14.3188303990
7.3419491155
-2.0892062560
-5.8029724281
1.4040874343
-0.4601697953
-6.4133655682
-8.4998562515
3.5808252536
19.7831887047
-8.7084786384
-7.8460993294
5.9550527977
-8.7199990700
-5.7466604637
-12.9722621139
-4.9127839950
19.1357108032
14.4896837951
110.0686735335
-16.8682360962
-18.5616423014
1.0632083582
-2.2667596457
9.1070061202
10.6933950460
-9.6202766264
-0.5670174996
-122.4286546507
30.5918271993
-32.3226620594
-9.9396777759
-27.4382658783
-37.4147544867
-27.7191070819
25.7489863949
68.0774332296
39.7382696009
1.6019115660
2.4607665597
-5.3724984278
17.8052308038
14.5161292037
-6.0032405752
-5.7325809902
-16.7497719073
11.2216225469
-12.5407362739
21.6082397058
17.2862599667
23.4834493498
5.8348323803
-19.1182457577
25.5938038689
-30.4782403686
0.5099916597
-50.3583548577
56.3493409666
-43.0845583150
-125.2713730265
1.2203356610
1.3674924246
19.5023048108
-9.9023677050
-13.5736926783
13.2088643859
-62.5278379603
37.3482170274
103.3352391881
38.6719033519
2.7625117436
17.9212758799
-2.6365281459
17.3389681647
11.1177358840
-38.1018619613
-12.6392534551
-28.3362879678
22.5171062983
-15.4251025218
38.5791208909
19.1232073106
-12.5148861567
-37.7598029748
-23.4221366998
40.4603332548
-12.8818963940
-51.1194053598
36.9334293132
18.3434074988
-1.6268983919
-28.1464516516
-0.0007885833
51.4551402638
-10.8270071498
-17.7578007778
9.0450578602
16.7771778460
7.1135303225
-13.5657534823
-7.5605029090
14.5768513057
-13.0816439574
9.5896155580
-13.8307933735
7.3834772179
-1.5725312043
-0.1693627957
0.0624474985
-18.2891316208
-29.2414642275
-14.8729352914
-3.6681137198
16.5922900384
25.1129257570
15.4432624693
1.5309793852
56.8861907071
-7.6097460837
38.8849880532
-38.1834572116
33.1512413826
-16.4520064010
-18.0267622404
-36.4528583336
-18.9572727771
423.1246740915
-8.9510610995
73.4605034174
-393.9390083600
-42.0498231511
-71.7760111684
-29.9452125891
51.1924696802
-1.7322329649
-29.2508228735
25.4126312968
3.3676350125
-6.0526284223
-1.1927423597
29.3419997077
2.0739172261
-12.1883830139
22.2709615751
38.0604951331
-9.3187211768
-46.2788650842
10.2460773802
-6.7274885457
-21.9144673633
1.3772589995
11.8048457303
-10.8135146670
-15.8059764097
-3.4537198515
22.3337790556
21.4305831480
-69.4226176399
-26.7846512570
0.6112777764
6.4637993258
2.1104078819
-23.7245388388
61.5590983270
23.9978973946
33.5231277923
27.7750004450
21.0763515181
-20.0901610695
-26.2374100041
-2.1836168747
-12.3986098418
-4.4742925332
-16.5239180853
-58.3117086345
41.9465887000
48.5841253838
17.6065765844
6.7030365334
-14.5082753882
22.0080490802
-23.8885380821
33.3259795892
26.7503615194
-23.8431868329
-76.9536156742
-0.3099381496
16.0168673078
0.6011329187
-25.7415096763
-11.3742057124
-3.4256462852
27.5430122749
-1.4717158660
4.2055492650
2.6153514225
-12.1736323553
36.0049726507
11.8173338070
1.4522479375
-21.8462732862
-13.5666499770
6.5417884380
-15.6425534845
-15.0605374858
-15.5895440832
43.4701530303
0.3733509215
27.7690522737
-30.3117662781
4.2763094990
-12.0887582585
-3.5037824414
-67.7521242273
34.2100431609
61.8280265862
40.0315893945
1.0288190101
-23.0735437371
13.9063527003
-10.5350961336
31.5685842940
15.4893750275
-26.9948911291
-80.8902248216
-16.4960389966
10.3615722268
14.1638304924
11.8194635749
-8.8622156259
6.7193216685
-0.4034166984
0.6942758749
-11.8378535752
-1.5249968245
-50.7059173258
34.7614811000
11.2909538442
35.4676639902
-27.7095409140
-5.8503324896
13.5270239614
-6.2959650773
-17.6030380391
-12.8533971112
24.9265758092
2.5477822828
15.9760625676
25.5405537423
14.5444316372
-1.3139446522
-49.7012443813
-9.7476381698
16.5248691286
98.7683017513
-23.5543400262
14.3087068865
-16.4198701482
24.8863248560
-3.8393228677
-10.0859119563
22.0010123081
-22.6151408428
-70.0915770255
-10.8899183116
-111.1349010392
6.3110335410
-11.9528100507
13.9025675003
-3.8650662593
18.6856491046
90.3002331158
-11.5540537018
13.4979566614
1.4110483127
53.1599601750
3.8339854037
9.6183247344
-11.2953995568
-24.4457925643
-5.7090515611
-30.2852817367
22.1379708512
32.1652489692
26.4753309298
2.3149509807
-38.6320710001
-7.4873864117
-26.7673510432
3.6994886636
-23.6300807865
130.2157501598
-12.7143550479
-91.9210552656
-43.3597134178
-36.7686391149
12.5561486310
-39.7766398124
14.0250172961
-31.9536750275
-53.3717819572
26.7177971785
118.5978093502
-2.1097248383
-35.5115471700
22.1103811074
11.8918329932
-16.2894657405
-8.4387772119
-2.3977391856
61.6443839101
-19.8609916400
-9.9473311846
11.4579342882
6.0990979182
-28.4062821494
-29.5507371211
-1.4204377905
34.7906942582
17.9281620504
-4.3287995025
1.7243400167
28.9501176709
-16.3653535449
-15.9669600629
-15.3538003591
-9.0164233917
16.7135551804
-14.5348666551
23.9420751819
31.9920238939
-31.6967581375
-125.4070129160
9.7544472607
-4.0131254468
4.5726958738
-6.1115385614
-11.7707338687
10.3365367814
-38.9843365080
26.8135643978
121.6553307089
-1.2938672022
4.2109068883
5.1923184034
2.6033827435
4.6223529066
-8.8795158396
5.4957083468
2.9566882327
-8.0327682681
10.5282336800
-15.4445977246
8.3902490984
-5.1343095025
16.2109821332
6.6739822777
-8.7817789408
6.0125683894
-11.9214208768
8.4241498805
-36.3269672314
30.2899741040
36.9184912919
7.4347422491
16.4873645800
-45.4106051967
30.9903772121
-49.3577351130
88.1396535467
-22.0507867389
-75.6651962191
-16.5444046500
-7.7516721089
-2.8866916794
-30.8636702522
13.5892663096
-38.9778416645
-39.4673681046
20.3231702475
121.5775147293
-35.5910600860
30.6688842415
-74.7249084350
25.4602486854
-41.7704796629
54.1261597399
14.0689502812
-4.0586225543
14.1188634552
11.8682525730
-16.6818742900
-0.1494940534
-3.7446987978
-0.8903425923
-14.8162462299
-13.0475558127
26.9385008992
20.4489024473
-34.3439007335
-23.3206063001
15.2552689478
29.7220352070
0.8193250311
-14.4407655404
4.3435193293
24.1852387043
-3.8655631261
68.0815741815
3.6811864154
-1.7867875152
1.9062916854
2.4392044385
11.4968748886
8.6228444185
-2.6135311587
-31.6990302062
-74.3030471876
-2.0233945305
26.4025168216
-1.0827225344
11.0398795859
2.1648794234
3.0297750840
-11.9088746939
-2.9147261131
-6.7879877098
1.4131804523
-2.8083397003
10.7347867768
-36.9743123188
4.8357245811
5.5611358602
-8.9520880365
10.5786413491
-15.8532961526
44.0381571484
-15.8812606218
-79.5255203059
13.0505026240
-70.1277261595
46.0515858831
20.4899135236
26.5851705074
33.5645811867
-33.6798222637
43.1540639307
9.4449395708
17.8788904156
23.2519438163
30.5524158206
-3.9389239063
34.0561709877
-69.0577739316
6.8627762409
18.1097899850
37.9406731579
-14.3349222422
-77.8972783577
-33.3346279173
-2.5422183235
29.4192310684
-18.0324471554
3.6487501451
6.4064959995
48.7632274801
-3.4091666724
-36.1907439087
-7.1309052441
-32.9549529132
-30.1498280240
-0.9111754222
-4.5761466670
-19.3082907817
10.1222721698
16.1134266679
38.7888698254
-60.6589654430
-41.7128443014
5.4613581315
73.9971764678
40.3472409192
20.6516833884
-21.6948095532
18.6180930091
-12.5994021299
-105.4775129514
19.2690608365
81.5359891849
10.6202631328
-1.6381780981
20.8783257937
39.6964035342
-4.4845203996
5.5024213847
47.8544901441
-15.3129303977
-99.5875852780
-15.9991058024
-53.7851703807
30.1575798574
28.1531552028
73.7292134821
-52.7273990971
-6.4332876733
-12.4143542340
20.4939714666
1.6958419197
-33.9231719629
-8.9015143498
-13.4935417806
24.6814509080
16.1394250150
11.8902202514
5.9022485467
-8.6157578411
50.2755962988
-69.5788626782
-11.9110400370
-16.7654107598
-8.5669807013
-7.7107748732
-32.0171103304
76.1221974510
14.7463564021
65.1399259522
34.0200005086
99.9800151727
-68.6608769792
-33.7816550524
-75.0905253108
-2.5521509158
-3.8966629551
-21.1118116793
5.4512535924
-6.0643184290
-14.9303785468
-23.8240663554
6.8180072389
12.7420669332
-35.3521798162
-5.7785963096
-8.8698168576
60.9991875640
2.2868857152
-0.0541086745
30.7111202901
9.0053346057
21.5946321965
3.0134804622
-12.9181985013
5.3422168281
-33.5531793391
5.0590039453
-28.2338587017
-31.5825855020
-53.5281621811
36.4321915213
23.7648739865
72.1390773032
-29.2104485931
6.4451946886
-13.3607147026
1.4098245262
21.4793152258
29.8740100369
93.5300202055
-25.1262569656
-16.4046854723
-41.3353381979
-22.7476797618
1.0610299709
2.4747487943
20.4410521892
-18.1119837882
-66.9626159468
-29.1637146549
-13.6513782156
11.9492193284
0.4590811945
26.8159289619
-10.6952295399
35.2045914070
-11.2506115814
10.5051299673
21.0577504383
-34.1058552947
-11.8602742443
-4.5817497591
0.1560920649
-11.1237089580
-17.2890419464
33.3817104923
23.9994164552
37.7235269560
10.1618531235
-23.7797361141
6.1163329108
27.8533180348
27.7455050570
-43.5732084196
-35.7794283328
-4.4471379925
7.3608383543
28.7731773603
92.6667455876
-14.5565212718
-9.2966491446
-16.8200032568
-18.6995352861
-3.7474878925
3.3080169273
22.5270626075
-23.2990169046
-76.5767665259
0.0058829502
-51.2354978696
57.0271799190
11.7154322396
42.8030032359
-55.1035631172
-4.5367767927
15.1320281970
-2.3439293427
26.2729294573
-8.4122167768
-18.6030470764
-0.3202644407
17.0877373755
18.8324821340
-29.0757905787
-10.9190306735
-1.9962471049
1.9053584297
3.4678194842
-17.1377264433
-0.2841117492
-7.4919009030
-2.3960647802
-2.3145015475
7.1380368834
19.1429242654
-3.6433510175
0.7794831927
52.3260860780
27.4315848580
2.8142546682
20.5653756116
-57.8276844901
8.8642386682
22.9917302923
34.1546419212
-11.1703812325
-94.4921487830
27.5609030367
-31.8431381762
-7.2976342901
11.0792079558
-5.6892089073
-1.6682284591
-38.6970905847
32.8775816235
5.7547727923
106.9099419518
54.3700667838
-23.9246302957
-59.3724243578
-33.6658969494
-25.8656765678
-46.9955817875
-17.0446344782
50.9838093464
-6.3999869260
-11.9163051648
9.4393139478
22.3535209131
-19.0013445054
-3.3935681385
-16.5536802873
30.6252868491
-5.4191991625
29.7247934699
-38.6583029576
-73.5704520922
2.0204809227
6.3311204778
-7.8721688269
28.7242116720
34.2294174081
-39.5278032334
-40.2043187888
-4.8581701528
120.4309631932
-7.9196617024
-20.7672422704
-29.6563053045
6.9601158834
3.5029938581
3.7390162545
-15.4882662674
17.3525697448
22.7107799914
-12.0178023609
59.8350085225
86.5836233002
-21.0326367276
4.0818910987
-37.2751562646
35.1336592262
-55.7926485723
-53.8847121274
31.1674538943
19.0195850899
46.6689695475
-24.4951424646
2.4652525909
-49.7234883603
-12.5728879426
-26.7414748376
11.3767351083
-0.4006951966
-63.1620012549
68.0258693668
-52.2436797134
3.6326523727
-16.9234867343
2.5816510473
9.1419041935
-17.9936654576
49.4569578688
48.2905601214
-30.3584373667
104.1132139928
-14.4221952925
54.6411876604
-34.0693705681
-11.2746129747
-61.4260162935
-68.1682531261
19.1060932737
1.1111530385
19.0783600432
-10.9436143140
-2.1007800503
-9.1412685834
2.8613502874
-7.9207443739
-13.5211018785
15.6642081012
12.8600318837
33.2169677276
12.0857438542
-16.2649473212
-0.2407301796
21.3177196794
18.9952658917
-30.6620502480
-32.2978080474
-2.6454314295
-37.3999540228
-55.7200716320
66.2827337927
-14.2338365324
-1.1107972867
0.2789035418
-1.4395748698
8.9874746757
-10.9484477962
57.4207031578
51.1796637985
-38.5163045962
143.0956282548
-6.4887517624
105.5753162572
-64.9221951314
-20.7246433549
-117.7967901248
-74.8778864851
22.3139921362
-0.4358256944
-70.2145533341
8.2691167704
45.9605466062
31.2422305670
-29.0269339877
-21.2397744433
29.9040414244
20.6582327805
-28.1028554450
-9.5074700781
-3.1137965621
52.2062961204
2.6384219317
18.0177593463
8.5900014052
8.2944451181
-13.2412461075
-61.8537996238
24.8571626889
14.1365111200
-114.4194691745
7.8404523613
4.1817304911
7.9481076224
-13.7226210863
-8.7097142833
-6.4257753795
-22.9964795798
-14.3782765375
117.1881721866
14.1488651968
-29.2637461533
28.3175955784
4.5779432140
0.7761936736
-13.5623441935
-11.1807229395
37.3767186819
-20.0709848575
-230.1057885679
64.7028219228
176.7979933290
210.3527237463
-106.0873700919
-172.3120819395
17.9512420463
35.7861935477
-6.9913722433
8.8297923999
-9.2647476880
-2.6707680781
-3.2809240502
4.9496185442
3.4344831618
-7.2716442439
5.7940667728
2.7664428019
91.0121578413
8.3754747230
-56.7297760939
-18.3575498217
-8.0074754955
12.7447825058
-51.4799824174
13.4598224320
-43.0611332398
-20.6739653143
-12.2500941060
89.1895650856
-19.3180656574
-36.5666005093
39.0947144568
-19.4159353703
13.8473287207
-5.7260185540
39.6978727895
23.1156078390
-32.2088985385
-2.2926500814
21.3236880101
-2.0801666008
-9.7302490181
1.0943307182
7.7490917220
13.6718884971
-24.7841861207
-10.8785638976
20.5476911858
-8.9100749258
56.6748503759
-2.5256450294
21.5310640796
-22.8622283085
-21.1355687896
-12.2288841792
-31.9062177272
63.7568942857
0.0000782654
2.5872043341
-9.4505509638
-1.3376626298
11.0524328837
-41.0490018136
10.7840655267
-32.2645891231
-3.7058957549
9.2115971719
11.7350922741
12.8531955184
-20.8897561015
9.3231336859
2.5429843758
5.2722546641
-5.2532409122
-16.3799453010
7.7870279162
-0.4066753856
-14.6167773387
27.2135824800
-3.3780111089
-2.5024464495
-25.3654336953
14.0411150685
8.0970194286
-11.4845694312
-8.1619180575
-11.7070163360
-8.5550381108
10.0749702144
12.8432036341
4.1008099835
-9.9561704329
-0.6816632851
3.2630463326
0.6066577453
18.8732145380
-6.2939289908
-7.9715753878
-11.6946231265
3.1245758440
-18.2058595933
7.3718038130
9.4419714144
-19.0815333500
-19.8538777883
-14.5680179866
45.3573064506
19.7657485618
-14.6164287019
-7.2818946413
-6.5002472914
7.3773594714
9.9889885435
-14.7549383232
11.3567572687
-0.6605363670
19.3157165092
-46.7725016443
147.9139399673
-10.2626234000
46.5304362093
-169.7968651835
-4.8403529130
0.2055830801
23.0617553058
28.1140960184
-18.1348716781
-22.1424201214
1.8658972457
3.2510112466
-5.9059661538
-27.3998162155
19.0980544671
24.7246593451
-58.2212184014
-21.8119349292
-30.9909096540
-25.0080916082
-19.5033187036
69.2602489261
23.2510817109
-4.9284453784
9.1908615808
57.5791431851
44.0479189799
-49.9520162505
25.7684875269
-16.6412201514
7.8623536326
-11.5374649918
17.6157146643
10.6893963949
-14.4917459701
2.9881995481
-16.8608589881
-49.8832885456
-0.5831816790
33.7253786631
41.0512442363
-18.2518547534
-20.5140085982
13.6130198624
16.7389428202
-13.2643593069
-26.6803282051
-11.1550020789
-13.8838419074
-11.7419950463
-8.0513527461
-18.7935747371
36.3011586186
19.5355344077
33.5313302447
22.0865267583
-29.8146279337
20.2786905904
-5.2075279819
-8.4203314771
55.1302053753
34.6916434492
23.7074912089
-27.5663389254
-56.9035193810
16.2937454355
-42.2053033228
3.4994731003
-37.0295344967
-18.5614762839
-3.7811930111
25.0637086707
19.3721814470
1.2799976224
6.3786157249
-1.1878436563
2.9389872052
-39.5626455721
1.1895500795
-16.8389268850
-0.3699949955
30.2567089319
16.3548564928
42.1390575801
-35.3122288805
7.7953631827
21.3592098349
44.6143755774
-14.1655689332
-11.8206553437
9.7292303819
8.2498883815
-7.9240362646
-55.7377501286
-5.2870847740
-19.4692815499
15.2848236278
5.9680816173
5.0368073999
11.5767316981
-16.5068811279
13.1108357706
-4.7095939392
17.5920417486
21.6152468319
-10.5041386054
126.1335886896
82.9247282974
67.5258553614
-71.8663235255
-94.2115791367
-86.2913932932
-55.6712743330
8.6147807093
-2.0297091263
-25.0541674054
-51.7171859100
39.3986368421
18.4660197546
-1.2126537922
-18.6643715849
-3.3784984890
42.5912609050
-16.1834196637
13.5204235782
-77.3256574288
5.9784375544
-30.4315538640
14.2982264362
18.0489101664
26.5156269448
55.7444702816
-19.4307678518
-13.6028085977
-53.1282863997
84.3507786667
7.6583619493
25.2680288316
12.6684583125
6.1087957144
-8.2996082637
3.7560757428
6.2904236490
29.3425926275
-95.3180208345
-14.6443267640
32.9737330548
-8.1073931533
-1.5266558141
6.3599363797
-13.1551861711
7.7814449834
-27.9069428867
16.5990955718
32.9329887924
14.8767370931
-9.3026625371
14.0275727804
-15.2041106421
-18.2964707821
-45.7796657506
-4.2019324543
27.9934534422
29.6730268285
-24.1542645743
-12.8258476859
5.8577024826
-3.1181806111
3.6701059303
-34.7768590678
27.1922990311
7.9676134978
56.6228536816
148.8010084565
23.3513337755
-71.2555532885
-27.7235433078
-4.0857699800
7.2969998660
-17.6138398519
11.5000292219
5.4797493176
-106.2704174765
-28.2174229650
12.8520322098
-50.1392543922
-26.4089879482
8.4247084110
13.8226288679
-9.4592230087
-21.5526807494
34.0694381610
34.9076038115
-7.1709047993
2.4774299776
-3.8130197598
-15.5917367006
-5.3182249216
-1.1878970191
24.8272060092
2.5587797591
4.9561667504
-18.0465123988
31.5184244653
20.9678400808
10.5664544757
25.5208178140
2.2112457513
7.5473863373
-51.7032487374
-24.7218963388
27.0464182308
25.8670972036
149.9664468597
-45.8552321925
-66.4641482762
-53.1372632053
6.3115908856
14.2386190235
-8.5994928653
11.5706637569
36.4046160075
-85.1766625766
0.6873636160
-6.9996434744
1.5715683026
3.0051238507
-8.5831840135
-4.8281731546
-3.5684865927
5.4552558010
3.0541927069
-79.3508959399
-29.5961203879
-69.3579929400
82.1531712566
50.1929835981
71.0253877538
-4.1513729976
-20.6500054254
-4.0114178378
46.9992578902
-37.8732664782
2.3129362392
7.3156946271
-6.4956308179
-5.2524724881
-52.1632975770
44.5034272397
2.4329443913
34.7910808419
15.4856467478
144.2358972127
-44.7304918040
-58.2807155310
-47.7600380209
-0.1164755360
18.7596395656
-9.3114531660
10.2578693691
27.4465074634
-87.0847875700
-39.3411852858
-56.4647196010
125.0831387796
22.9145807546
39.5000486578
-132.9412660799
18.8795528506
19.5698087293
7.8415943248
-10.9349541275
-1.1122617986
16.4540839920
3.2154052272
-5.6165347282
-4.4640468792
6.8996285777
4.9361177605
-13.5189424646
-71.2668555256
-71.7941521424
-56.3462150935
91.9471117189
63.6841489562
84.5552363850
-22.5152670611
3.8864659205
-26.7432026059
-1.5050474451
-37.1392151718
104.8167915934
-4.7383647792
0.1438767313
-15.7826023256
-19.8579558906
11.9607385741
-5.8540358666
22.1495422739
38.8625341806
-74.1472776711
-14.3289171506
4.1349372609
14.0410605199
15.1487947829
9.7331804135
-11.8911214895
1.1665175172
-18.5169207330
-5.4583959042
10.1811574061
-56.3644782090
59.1149738400
13.3871470670
12.4707752957
-45.5015555355
-22.5358141036
25.3728961839
-21.6251438491
-9.6045998271
-60.2989611461
21.1944279375
9.0638640902
0.4309969556
-11.2081573384
1.4736748730
69.2096408500
-7.6989627251
56.0253743347
-4.6086564593
100.4984855854
-13.1020498851
-33.9152742713
-43.2611559180
24.9392986821
29.4932701488
-43.4710957727
-64.9573872929
18.3175075763
-11.3698287785
-26.0753270777
-15.6545707829
7.6924346781
1.4141777434
5.9208591132
4.1477075675
10.1795636377
-2.5037793332
-1.1494200820
-0.6065901525
-28.7094989602
46.0540310843
-8.9233847893
10.7362121560
-18.1002890382
20.8518661550
20.9535554572
-40.0844470083
-63.8046788777
-17.0119349516
-21.4912969490
20.7739825826
-0.6893404106
12.2478967453
43.2851573113
17.6716519034
8.2869778863
50.2061143998
75.8109916388
138.6217389070
-33.6401452569
-115.9049253638
-70.6025185427
-45.9413988544
4.3951804310
-11.7758472090
36.8624034511
35.4838044529
-59.1653862526
-9.3930816198
-42.8233854467
2.1023168984
5.0032837148
-10.9381547085
-5.2113795889
-3.6684066221
52.5492089114
5.3766322646
50.0932236569
-14.0273071524
10.3308577957
-15.1833122016
8.6719725667
10.7851280390
-34.7058853826
7.0145530355
-20.4747442636
47.3821145019
-14.3276755765
3.8617814837
-37.1197104823
3.4006286274
8.9809774606
-9.8951981188
10.6951073984
-12.8295558063
86.8760916610
125.6870015010
69.0668456044
-64.7895305134
-142.2702791585
-74.1922328498
-21.7807236313
-4.5213336038
-19.1039386031
-6.9955131951
24.2908128170
24.4586079328
-9.9827059653
-46.1875827103
20.6965757177
-22.6928382384
4.1760669212
-3.3679041981
37.9295025489
43.0311564008
-19.4629207064
29.5203914861
-282.9403626610
333.2423747224
24.1591158441
313.6744348763
-323.9005379745
-50.8894758072
-31.4352852518
-8.0313417030
35.7533991539
-2.0919491029
32.9616801812
0.4937563299
10.8936691223
-3.0446099372
-37.6014684872
-12.3063491502
-29.3225993721
-30.9515136913
-43.2591447341
63.9149489151
20.7128715253
25.2633649245
3.5490874428
-36.5465693070
2.2397414765
-8.2722841479
46.1559883862
14.0769179373
-61.0258203353
23.8340629831
19.0543361190
9.1103501879
-3.9478058449
0.1271801099
-0.1565782591
-19.5040598534
-19.0516774667
-8.8278962424
0.2786758606
-3.6105542520
1.8878115613
-6.8190602645
-1.6057951906
0.4677212218
7.2888045286
5.3269942053
-2.2556032669
-46.5981346055
-2.3614465651
28.1014217649
-24.8940980345
-4.8405023288
-27.2681856496
70.9908371316
8.6405869504
0.7750256216
-96.5668047873
-18.9361138414
51.2869419626
16.1079765491
22.8649367661
-16.5086337989
-40.9111076431
12.4089930532
-51.6634068989
129.1768550706
-9.5006645447
7.9227176110
39.2370223223
-24.3556047204
36.2601072237
19.8543568675
2.0704865922
-12.9224947981
-49.7485392216
20.1682426771
-5.7197490201
56.6559125177
-21.4194457426
23.0867136716
-22.9714370194
9.8778433565
-1.2840875831
-41.9966157147
12.0352674064
-38.4285251924
-30.4085165583
-36.9607866324
-59.4835114387
-14.4632739616
37.9989227842
25.6124298513
36.0341715788
-6.2520795259
41.8414984099
-125.5061289463
-10.6007453990
-1.9042437405
-17.5070016342
5.1385287197
-8.1089169572
22.2050122923
25.1962037137
-14.9674016446
125.9249639310
-15.7185930764
15.6844800289
21.6576951458
-45.7311518673
-1.5089702025
-29.1358829998
10.9316657943
-2.9759403384
2.1744135737
32.6811520392
10.4668380212
51.9270688445
-9.5804110711
6.8090636368
-0.0161546927
-7.0182232090
1.8071412658
-42.6846256132
20.8464480539
-9.9008450869
-56.2300360174
-12.5105554705
-30.9068822467
11.8872485374
10.0927898259
-8.6189797672
35.3034275791
-3.7271068676
44.1246594030
-123.0909496178
-38.3909056174
53.6289810770
10.1528217692
14.0021792115
1.9842215056
-13.8780040191
21.2745041273
-41.7774607005
125.7934092589
5.1214727889
-13.6143563036
-30.0406963926
-22.3637736821
38.5754590182
-0.7460152420
-12.1213332719
20.5514384389
29.5158568355
25.3527902737
-66.7076533204
-21.1867591129
-17.2716646531
47.1830155927
5.5062492749
-6.7100661905
2.7577067216
15.6766084258
24.7719363978
-48.6214520565
-19.2576791481
39.4753914953
22.5268337404
-7.3837867220
-0.0233136063
9.0461950804
28.9389446903
-33.1172172732
-25.5329264220
63.3893433055
-10.9559849926
-130.4603734507
-23.4217477444
-26.0447893366
1.8079002032
11.2921242679
5.2560525379
2.1821701504
-54.4652232957
24.3252958463
118.3055852723
36.3691499172
-18.8034836127
-21.9284116510
4.1235520151
-9.2230962583
18.3859554232
-38.2029500428
26.0153449396
13.8239546366
24.5568594859
14.4817683159
-27.7896680949
-13.4491558049
-9.1938214364
18.3978138190
-11.8706823583
3.3482204468
7.4933025654
0.6640891424
25.2604074406
11.7844030416
6.3033386279
5.9023540864
-1.3740939936
-5.2886987017
-30.3682679769
-10.6285379215
-126.5330897458
42.4869295523
111.5082128281
0.9061118872
-2.7406650209
2.1375968120
58.4564225685
-0.2824634322
-4.1805446515
65.3013768262
-37.5679459879
-108.7657868354
-15.9522402361
-2.1609104183
-8.2106548787
21.6567761201
-6.7058374865
21.6088314397
-0.8936332972
9.4118285579
-11.3431888922
44.4038949798
-4.8274901110
-53.5454517223
6.5646039916
-8.3802038513
4.8630949446
-54.9018861928
13.0911686210
44.8241138394
-12.1520311013
-40.2685379317
37.4534128572
4.6305174121
-1.4141457257
-22.7506538475
8.5131744159
39.3582720484
-13.5989818934
59.2401629253
-73.6779010173
-92.1332019678
-5.1348455020
20.3830954652
14.2363659283
-11.8594536433
19.5305277930
-3.5021056642
-44.8537455990
32.7658257291
80.7931555505
-13.6853216879
-52.7014007499
30.1705553142
-10.4250431049
5.6588075378
-13.8699545400
24.6135343173
47.5423925806
-16.6443649980
33.1242089834
-22.1649071975
36.6294298482
-4.7046134129
6.2710505876
11.5647891076
-27.7051023164
16.6246942910
-46.7393835163
31.3736880003
-4.8088036507
13.1098444087
-11.3282745877
3.1760045210
9.4052566349
-18.6551955581
1.4006141102
-23.0203849201
100.3714572630
-70.4377413887
-41.4665228881
5.4751340300
19.0856244965
-13.9567971305
-51.3211593639
27.2815690352
-4.4016159824
-45.5672154735
20.3134333187
59.6494495297
-20.6295971261
-31.8617024949
-16.3856515611
11.8887320227
6.8679974926
11.2854349468
6.5858317061
27.0096904071
0.6958186522
16.9412280803
40.7263739946
16.2284388778
-5.2782384107
-42.8873935101
10.5235152242
-20.7754198202
7.3073996791
-28.0654765953
-19.3833769585
-32.0284706736
-24.1136922587
22.2826658119
3.5297037090
18.6433004012
-0.5900393894
25.0935159346
11.3638023417
59.7248380956
-56.5302455391
-66.9677375879
15.8482847945
22.6491329346
-8.5527612988
-43.2653869937
11.5967000509
-12.5842897902
-34.7548368408
21.1083703728
90.8146017094
-0.3847586984
-15.7867575075
1.7952615249
-15.1407275162
20.4884976311
2.7987450722
18.4255221468
-6.3627266603
-4.7402680518
-2.0803361758
-28.9858873362
-9.6971463060
-21.8327689449
-8.0257137084
-22.7751888686
22.6425811709
40.4076796055
27.2689896488
-53.1974647237
0.2412839667
-1.2940723524
24.6871322655
16.1711889142
10.0011849036
29.3279202343
-16.9715227243
-6.0673186031
-7.6994192733
-48.0618128508
-81.4187618266
36.9197079633
-2.0986182648
30.6885430902
18.7818491553
35.2602286287
-14.5805653552
-42.2678267150
14.2544570970
67.0007063001
-99.6774268568
80.1557525422
46.1071732996
92.3095956065
-38.6244875560
-84.9307668798
-0.6174915758
-40.4150756870
38.5605885898
1.5619701170
-9.8579580124
-12.7044129688
0.2487678003
-1.4438166180
4.5298242152
-3.0906703185
8.8669779577
7.3237369911
23.0874251753
33.1595991800
21.5923696146
-13.9938249716
-16.1352935499
0.8863522421
-5.5626572924
-15.0599540527
-23.0547861265
38.0937709778
-53.6265631501
-52.3091131560
-8.9719437346
11.5628941359
12.0531474957
0.9115797935
21.0977760819
-7.9952945513
-35.8157245109
14.8183356792
47.4095761751
17.9196157045
21.7688984389
92.5602097590
37.9235413333
24.5230915178
-69.6511609461
-38.9335600427
-7.7055951259
-18.8026535250
31.5470648630
48.2007778345
36.0578053618
-24.0947887898
-26.6336974350
3.5814217309
-5.5982668694
-19.9287576290
-39.9003928459
44.8483725598
11.1242852760
116.5008844644
-23.1360469701
-8.5561492425
-104.1243869734
-34.6936143146
-36.6452951960
-15.3800429892
-147.2792786201
-57.3261941144
27.4793042289
9.3555130359
-19.8185895739
32.2615344003
10.8561764320
79.6313778342
-39.2569800025
131.7422399563
9.8708160711
-21.4693695892
-62.8058853259
-13.4417798826
-0.7190385772
32.3629663753
5.4445464836
28.4806757959
31.6700186407
-8.2499512310
-24.0985846623
35.7976309705
71.9966212077
87.0540506079
-34.1252781613
-68.8684332964
-83.1962310143
-2.3638099434
-4.3418069770
-5.5490806150
-213.5374738343
-192.6153953031
-148.0153648272
222.3537037868
188.7504274685
151.3636113625
-14.0265233124
8.9683624990
-4.3345271077
-82.1260700786
-4.6305126688
44.0737501236
-5.4552380134
9.1109442935
-12.2622714928
-29.3598382926
-4.9212081994
-15.6273344192
125.2657485893
-0.7350770576
-14.5538851504
7.2422674398
15.5040071021
21.3173366532
-10.4440117949
38.1501908537
3.4886191106
4.8114468872
-55.4220986039
-24.3955236384
-37.3975574410
-0.0018973433
4.3368228932
-3.4050909417
-29.9442508731
2.1354267256
35.2799633711
29.8270780635
-7.9439548122
-20.1874556501
61.7736285668
-59.1956346488
20.6244102637
-35.7809983844
52.6740375015
-4.8485743388
-22.9298057490
5.9526123398
-106.2432214314
-12.4565345481
48.9889508597
7.5342638365
40.0084773809
-34.4176137081
-10.9478892657
-8.9247153013
-4.8405948242
117.1428920878
-10.4137230802
-18.2322421525
-3.0501027462
-61.1096117606
-17.0952520410
-15.8206725197
19.5178582828
-5.9405025460
18.4600312647
40.9251835590
22.3132735175
-61.7482539713
0.0846203271
34.5494138491
26.6427857096
9.0267176651
32.6750781688
29.3206261350
-15.1533934688
-56.3519355836
2.7198879255
-18.5880900817
5.8009932619
-3.7352927182
3.6219051086
-11.7332684528
-0.2750554923
13.4613047314
4.2837008372
-135.4533818655
-30.8229058305
45.3173899042
16.7324112157
51.5734609662
-30.3721029821
0.4910170405
-11.1608624981
3.0361454143
119.3915249896
-9.5752265805
-18.3000733627
-34.1806900736
-4.2561027925
-6.0648935612
13.8720890512
-23.3939730096
-9.3785633858
11.7068159291
29.5536768174
15.4175593962
-42.8228494472
8.0539959825
-11.1499373580
18.1378682947
-15.4333049742
9.7429801919
25.3941630310
6.6774223983
2.7830836888
7.7824648055
-20.9657814633
32.4373564643
19.4671102777
-12.2465745341
5.6126688912
-20.5185432487
31.9961755183
-39.0816121152
3.2464860828
-25.7411610394
10.3776024064
36.0543664270
23.9277822574
28.1090562002
16.1914904879
-3.1077357360
-51.1784079944
-55.6298233102
6.2235992165
12.8981376530
-5.1904732370
-18.9178400533
-20.3233457518
-14.4403659125
0.2071341583
16.7350556380
17.6688177468
18.7384165945
2.3853590204
1.1031249045
0.0050006855
-19.3779054947
3.9507977181
-6.8310111558
17.6757430500
-4.1932876837
6.6725319959
2.0763790291
4.8635526787
29.3344245644
-0.3646966642
20.8727144008
12.3763362168
-0.3456295495
-24.4973991173
-42.8874788906
1.3326536434
-141.5421451917
-44.8540610323
42.2146595971
30.0193406075
90.5315655166
-60.2349957729
19.2524875424
-13.6892088701
50.2121384649
100.0047102821
-27.9215571738
-23.2511161003
-84.0807546918
7.1962355187
-27.6771497056
34.7330102773
-1.7909000069
-35.8135259643
44.0755158388
-6.7396718616
65.3706938935
42.8014355560
42.5218726874
102.2532257857
-31.9209173947
-39.2303899215
-85.9061567015
-11.5550284619
-3.9098625356
-16.6480612600
8.2017634535
-20.5551299575
-17.3818931861
-13.3491990144
-6.5336642510
-14.3158669859
3.3597823828
24.9747730733
21.1780467495
-0.9134830660
-10.3857609827
47.2214688130
-4.9749670513
10.3096170370
-42.0345768116
4.3292406349
-1.3868322825
-7.1327658265
2.2313291305
-10.4434473353
-6.3546902254
-16.2663833729
62.1688689013
-23.0920701090
25.4860667849
-17.8925323142
31.1033972115
-3.3301114905
-34.4648041945
-6.5691991200
-28.3541277385
20.3987473619
23.8243900896
-8.8093212511
-3.1533288965
-1.3968407686
21.2518178302
-17.4703532618
-7.2617246958
-1.9062620394
10.7695318767
1.2702049590
-13.6826286462
2.6708178834
1.3959845924
24.9388290896
-11.1205226070
-10.9735781087
71.0894622242
-19.3260926056
55.7651975717
-21.7031554922
-25.6772905334
-23.1561943847
-41.0956646014
25.3792712575
13.0252833735
-3.4765164318
17.3459729191
-51.6213985315
61.7307165896
-39.9135461786
22.4324895287
-55.9752560104
4.0542574788
-0.6098749281
-11.4800727274
41.9928589749
-14.1907407501
-154.2700911471
-161.4783095748
-113.9815077830
160.9314833659
151.1142589433
126.1389712155
-8.3695419675
7.2157378366
-12.7913468689
-3.4293271312
-10.2125335358
93.5858020996
31.8424764777
18.1903239089
-91.4679993220
-25.7945119625
-8.6849124483
-3.1286800348
-20.9116158685
-93.5451693062
18.1434049798
0.1710846348
24.9046697945
5.4587445410
25.1682404304
46.1497781443
43.1663800607
-0.8913576710
25.7034371105
-68.4338610344
-192.3488031480
-61.4046273048
-111.1392400263
154.3493894261
105.7297552617
65.1020348199
29.2606700854
-34.5159020223
55.4744712092
-8.5277804021
-18.4142898743
3.0610350014
1.7847170392
5.5357209462
4.4201601419
9.2799240630
-0.3162966215
-15.0641827567
10.0551417907
-10.2667157324
47.8372385497
10.5028163942
14.7579645858
-33.1967349325
-17.8924279603
-4.3183249815
-14.8294505537
-22.5396336929
-100.4968918170
5.6412926871
-5.4178971106
27.0108454149
9.2905242831
2.2058466236
24.7038431170
-63.6578031580
31.0182918760
50.3670767079
47.1987054363
-8.8527858295
-23.4469243047
-56.0359081478
26.5415161947
25.5475679834
15.2731644530
-18.7255798810
-3.8585133098
40.7656395150
-1.7647996775
-18.8700779922
45.1043241764
-13.8960252233
12.6974022851
-10.1147136282
11.9297371698
6.0781524336
-33.7039386834
35.8218102397
26.7731853740
30.8368014988
-18.2184259354
-34.2899723066
-31.0956062454
-18.1020547534
7.7843064143
0.4975178131
-41.3907999155
-31.1410298308
77.6713830313
41.0394913802
-10.5813035590
-15.6522904133
3.7661719811
29.0564080307
-78.4988452937
8.6543723356
-4.2772463123
9.6633427627
-73.9291578949
-26.6949353771
36.7856606563
2.9669967362
60.1095813781
-16.4777604652
61.1647283988
-24.1785956310
-20.1773119783
-56.6942507115
34.8798907403
-72.1613473706
53.6348474254
-16.1555642918
72.2207757216
1.1097513761
-28.4465319167
14.8810286465
6.9828709593
1.5741083710
38.3861112679
-15.3239527767
14.7947754183
-16.8640631267
8.0189295201
1.0604441661
-29.7766846244
-35.9700959226
-91.7541791755
16.2752854707
-12.0409392771
8.5696085219
0.0968664925
4.9782032075
21.1878038376
-62.6857182713
41.8804188510
61.1549286204
46.3579226378
55.3616326433
8.2534091392
10.2987037552
-33.1619957618
-25.0821710073
-26.9050163468
-21.5545460751
17.9778617734
16.8472882399
-16.8568840539
-49.8362901652
92.4367567429
37.0290625325
49.5609536289
-99.9047155447
-19.3727648801
1.3984404662
7.4049693746
-52.3338723008
-8.0809109836
25.9704371945
-9.0282248673
8.0560486708
-16.3345715208
61.0700059042
-1.4055045126
-9.8582094104
29.1090901402
-26.2083545626
17.7922600903
3.4468728138
15.9856453373
-8.2869826296
-13.1893561389
19.1423325314
5.7501930798
-18.9391602633
2.0199721975
-13.5465630403
-53.5984065749
-71.3405412259
21.0156116286
60.4072069553
-8.6843278294
-10.5249441609
-7.2087449405
73.7510483464
-11.2942824959
-247.0499456720
-103.4679725848
-198.5048747292
232.2623398398
144.2739804510
164.7361370274
15.0520883787
-45.9306077142
32.0337500315
23.8902800804
-17.4474096374
25.7582157844
-7.4678793505
-2.6920396686
-5.8445870968
-16.7143852681
20.5982743592
-19.0839334893
-39.8696428396
-69.4839042015
-10.4606230359
0.1929811628
7.7365823001
5.6400190954
2.9919468012
13.9363153091
-32.5395236598
30.2529438912
48.6497094280
38.3344964140
28.6356780742
-20.9060127764
-2.2620435617
-0.6966902443
10.1206131802
1.9568618146
-15.9426088470
14.1490300285
6.8183546899
12.7353562670
-21.8842830025
92.5856732925
27.6990225168
17.2552040138
-84.3961951371
-46.2419368536
2.2277502666
-16.9251243788
-9.8157397514
3.8424522984
9.1474219051
-1.4940618272
3.4966472446
-8.3523105325
11.5527504641
-9.1401029031
0.4529919082
-41.8145549487
-72.3569646548
-30.5241691216
0.2795225500
16.8079824009
5.9898892073
3.2278494278
14.1470342605
-19.1438776804
40.0782177929
48.0122981188
44.7212339543
-129.9864253853
-34.2744271354
-102.5564544549
118.9451465087
53.5559594469
89.3908530547
9.7939487632
-26.7159757289
10.0794491306
8.4869804052
-4.0933285215
-41.4868541079
34.3732004580
21.1465212040
6.5967770055
-43.2727415708
-15.6495119912
38.4448708053
189.0631428544
-63.3091343017
-10.8623333112
-156.8947597112
0.8575778445
32.6990665178
-32.2795283302
61.8719702438
-23.3484521853
104.5310244121
30.9025242862
52.0595045954
-73.2301125731
16.8415938382
12.8822023406
12.3025426051
53.9384377757
-0.7697154320
-60.8158235603
-105.7409246848
-58.8849541636
20.1552719637
35.9551080960
-82.8285934679
-14.6467755228
-28.6452774457
21.9545404405
7.6310247893
-7.6827107935
59.6439745083
-19.5925329733
-25.5417016350
98.2208790650
43.7361830975
26.8571700911
-111.6474126080
-21.6063079731
0.4271927822
8.0013802800
-1.3975392281
40.9692434288
-38.8283250802
-4.0953729090
-17.7267863292
29.8903022870
7.0284190578
-20.5538694100
10.3062172349
-0.5053906021
-58.8461048729
-25.0138856205
4.3826212039
25.7989612326
8.3237792320
-0.9348281786
26.5217826381
16.2185003562
-2.8723133744
9.0330630928
4.3071010098
23.3111942913
-2.0165925547
9.4659502767
1.3353964904
-1.6764641150
10.3461859582
-26.1422902533
5.2194741299
-24.3568605245
-87.3605355927
6.0991738120
-75.2357942177
80.7732037995
32.2226649503
45.2620111955
6.7768360743
-41.2564573344
30.2165374300
5.8179223078
-6.0619076171
15.4405789143
-8.9997967348
9.1680555139
-5.1562854817
4.4179793829
-4.2056500614
-9.8178208999
30.3567012976
-36.6116363252
103.6026092540
8.5511734596
18.9756343173
10.1321039658
-42.2058713400
-21.9954198886
-23.7218612130
14.2721747263
40.3241787109
-83.6605263455
-36.0925338600
-62.0537724967
26.8199370997
26.7529881541
-6.9355144553
-13.9268440084
-0.0854599015
68.7108956930
-16.0134746207
2.6836510394
14.6061225700
-27.2902576818
3.3302597204
-9.7717617045
-0.6495353331
-5.8690011622
-5.8373214576
23.7523550780
1.8748740514
-28.4874291524
60.9177334286
16.8050367754
15.8741989470
11.6858407985
-20.3739929605
13.2018228704
-71.6480816079
-8.9779891448
-58.9972045531
-36.7277122332
5.2445510797
21.2641517477
11.0513300529
3.1387525562
32.9452729047
19.0646137907
1.6601576348
3.2200110281
10.2638969917
16.2404905655
-6.8149287994
61.3845901733
13.8111701000
11.6809053341
-41.4795849112
-27.3077606742
-3.8213052210
-19.1860366494
-64.9694294939
-10.3277342942
25.5552332505
-14.0230535458
2.1616242937
-4.7713216331
78.7177074055
6.8042076236
-21.1591883425
19.3671309562
2.5445378257
-0.9374180523
-2.3441546522
-3.0793218336
12.4463031242
-20.5575739729
2.4197851294
-15.5047079333
-37.3281348340
-61.8872379284
-107.7058762971
-14.4527899539
20.8741717977
21.8859206469
6.4845432177
-11.7781595962
35.6019389784
49.5371538284
52.0793733377
38.1421805073
23.5583588365
-3.8894293336
20.1491850491
12.5174179242
-1.7540441125
13.8263927227
-40.7055672532
4.0385937237
-23.1488990995
-52.6884501958
-18.4472550290
5.8494739417
10.2961150674
-3.3963785783
2.0937586941
40.3724518689
22.4620204919
-1.9661232218
-13.6805048075
21.6178011304
23.5002432100
19.6250901992
-27.7079578181
6.4977107805
-3.5356850838
7.7885019148
-34.7259059124
-51.8962500594
-47.8284016731
12.1400244755
19.1113750032
4.9153560810
10.6852945758
15.2702947212
28.9741807278
15.6208597351
16.9683683910
13.4426716340
-39.3515068336
39.1705109515
6.6810214215
-24.5925141248
-20.3346823782
3.2394872575
-14.7835218006
-18.0798902256
-6.9642105875
39.2109753557
7.5591854412
46.8500792701
9.1102565066
-19.7810340341
-29.5217646883
-1.3757185939
11.9277746053
-18.0434825786
-6.7276355898
-47.1549918316
11.4086270781
7.9356100590
-22.1441135003
8.5722980060
-10.1987505223
69.3834541017
-21.7258631345
2.3266267573
-108.2131215523
-44.0243041704
84.6245368505
29.9059150510
-23.3446171801
-7.2015599384
36.4051650513
40.5849353495
26.9426193201
13.7896921734
27.0866134495
-93.5580890285
-177.4961243684
82.6278996045
-188.8535291056
196.5541603070
-68.3743461172
210.6777635630
9.3089320710
5.4310385849
-20.4861840581
0.2604435769
-20.8667033799
34.7931643621
0.2212278618
-4.4255011634
-15.6692076009
0.0561696637
20.8707352345
-17.8645204114
12.1762708484
-7.6212226392
59.7864104445
-16.9477739149
50.7807687064
-12.4623178878
3.9790444171
-58.7252939074
-60.7290876954
-16.2457900826
-68.3508961394
-9.1690587342
17.3516613916
33.8563653181
10.1917469537
-24.5595074657
14.2262542741
32.2457413887
30.0272786177
18.5089305459
-24.6852372938
31.0796756764
-18.9439273384
-7.7475868915
-13.0566286713
-4.4454315693
-15.4723866895
-8.8325874238
25.1677423777
11.6798961846
-109.0852496486
-52.6808288048
110.7062295151
68.8985109316
-27.3121625107
-68.7315364169
25.4180339819
80.4684904591
-38.7612468781
-1.3772305393
29.1430857895
-11.7752139707
-7.2529222085
-18.2005766780
-5.4075767487
7.6347566265
-11.4370469097
16.9262295812
-1.2871245183
-54.1004104191
-54.2341079034
-26.4522912524
22.5191471282
11.0815926792
25.4784074470
34.2611789356
20.0830353594
-0.6651801148
-0.0494566258
9.5686961619
-3.5670647710
-10.2633396471
-2.4804479394
-1.5567725821
-6.5136437212
6.9627330314
4.7322458470
15.8331866849
-3.7523332331
41.2421857550
-14.7432091839
16.2119331766
3.3403298702
-1.9887929172
8.3441057084
-43.6520513363
16.6773574270
-12.5314464065
-37.5297228205
21.5228224945
-34.4431424628
28.3760657709
9.9541248596
14.5621694257
11.5409727053
-33.1089662013
20.6272124027
-37.9968013172
-48.2939433217
-21.7065635952
7.5322407941
4.9534416911
-10.4720414853
35.5292837727
38.7328057014
30.0618268682
-10.2020542714
-0.2040592762
-4.9491098191
43.6575856496
8.6398896767
23.7798120078
3.3433893363
-10.6773909549
-2.2909614458
-43.5420137234
5.2524558864
-16.3298246050
-1.2392165989
0.6996085956
-0.0637068602
1.5273673178
14.0919852151
11.8792844387
0.9980310569
-13.3230761541
-9.0750477434
-43.1193603352
12.4313627312
-39.0438443101
18.5961134724
1.4039510628
18.5644515554
24.9154360321
-13.7070320391
19.6457238080
-116.6568864055
-51.0463564554
76.6065785331
61.8162749158
-20.2299881586
-18.0966734133
30.5084045702
31.6603777648
23.8858521554
18.0194349376
37.1137777268
-79.0346550529
-54.2546632468
63.5586361367
-89.8248798304
61.5826396145
-5.5054263022
60.9261860932
-1.7753500923
-50.6528913228
29.1216220929
5.3355962857
24.3548778007
-13.0047351452
-14.0118639634
-7.5076524103
-5.1240081140
10.5717883822
-20.1157526736
17.3472227941
-41.1139858230
50.3555052852
65.6695776465
46.3644257821
-36.0857152823
-83.0622773887
-6.3858137712
-15.8993909232
14.5901908152
-108.7952739226
-71.1569578418
9.0340544547
26.6505660031
1.9228211034
-5.3371153462
16.4928680615
10.6306202558
-57.2563635786
70.1428479859
65.2813539248
49.3582545107
26.0078302742
52.6828079710
-3.7577797943
-22.3209008377
-22.6060051347
-4.6718356209
-7.2616594746
-28.0458936404
15.0451108986
37.5543823547
-35.2016861000
-14.4619730956
-22.8318945318
20.9820464391
18.3119210860
-10.7187115354
5.5471393956
6.2160596484
-6.5396966170
-11.5481766808
8.3355095572
-0.5987161776
-2.2998623578
-11.4879384014
2.2183572313
13.8117914799
-9.3279043186
54.7973674774
-9.5683759852
53.9299436068
14.1475157113
8.0526868156
1.7254890952
12.3115300834
58.9428278788
-3.2885240961
-79.9964741264
-63.3047087483
-52.3948861192
-18.0890626948
75.2552265711
-48.4724050646
4.3426275780
-36.9711591713
47.8566886906
14.5179067773
-36.3346834896
2.3837308626
-1.6961644681
-13.5753125352
-11.0693263545
5.3866229632
-1.3696198209
-3.2119307172
-6.2497742537
17.9513440285
13.8691280098
-7.6573883750
-27.5917550253
7.4580878730
-11.8480268930
-10.5805090465
10.6985807225
20.0333202205
39.0940385282
-19.4845765089
43.3514872486
74.1500964118
45.6360475323
8.0768992883
-0.8784758956
3.7338199055
43.9757867295
-11.0339112552
3.3263820250
-90.6732709757
-64.5690438014
-55.9675883716
-88.1738922931
51.6233373792
-131.7428980973
82.6513389097
-35.6999237177
117.9010894599
1.0153383857
-13.8834553237
16.3310566923
-16.0623442560
84.2173562972
-77.8175460614
9.1175008006
-49.1615925019
63.0776263965
7.7681446066
-32.8818613186
15.9847535859
17.5472786758
-84.4391770788
-1.4323127882
1.4656265797
16.1396728555
26.0689508182
-20.0598948857
66.4169767632
-25.0993810972
55.1744111034
191.4132966691
37.3015008769
12.3922323965
-112.3139042615
12.3050494700
42.9629706246
-6.2312490677
4.3656411668
-98.2181018287
-66.8971718316
-58.0679474489
-28.3322750866
21.2729091731
-11.8784567227
9.9959672095
-15.9055347581
15.3796670780
6.3439394037
-6.7549573339
-2.3724143954
-74.6312093200
73.0543747038
-143.8685893297
79.6577734375
-33.7595925069
111.5506765579
-10.9867243264
-39.1697911469
32.9902802604
23.4842699508
-49.7831242331
-31.4231043076
-5.7282953660
0.7392618855
12.0330427713
-12.1149581983
44.3354827082
21.6846504654
29.9495053284
-11.5038167935
15.1963872689
-46.8545664871
0.5317114976
8.5112545416
5.6626164546
3.6746192357
3.9638965022
15.8594933503
11.1081104241
-16.9528896269
-48.4531826049
-36.8176297058
5.9282646814
37.5984849148
-33.2781345193
-7.3548593511
3.2735327121
66.3751593160
-6.7633898392
20.7150843020
2.7485164648
17.0135429501
16.0591590908
-10.5213854563
-9.7509276888
-31.3392097143
7.2192906120
-11.9671942848
10.1765124725
-16.1577177765
-16.2509235822
-13.4836281617
14.6673047777
0.8637370953
0.8361995284
1.9539707377
17.5631013334
-62.6745441049
-63.2510103743
17.1469676913
-26.8012684271
-1.8282183787
6.4178017941
51.2888381201
45.4112562226
40.0358263993
40.6553955661
20.8828782319
-67.7821425706
20.2290442303
18.7464957196
15.6659014801
-18.4818151379
-14.4016292765
-21.9956392689
-3.0506185864
-5.0848078147
5.8802334348
-1.3835214183
-75.5477388079
-34.4925801152
3.3699082670
14.0272146569
41.6248656766
-0.7214233006
60.7977252765
-7.1839075303
24.3805227676
-34.8896561293
-38.5555060813
-29.3294321798
29.6727374837
14.5696319142
2.5189130181
5.4647531902
28.6685471759
-59.3100278504
-58.0573756890
2.8982275269
-24.0831782344
-4.4589335389
11.0944436228
32.3218473876
17.2734315541
-52.9420728234
42.4552522194
42.8765288478
41.4399434796
42.1000683603
-1.0797958823
-27.9132871285
1.5442157267
-1.3693304760
-3.2110069481
-32.6670666366
11.8887249077
20.6064258206
30.9569104472
56.7846413341
-47.6716004762
-27.0620689417
-50.7737568369
-16.0415659747
0.5334606110
-4.6688769511
64.1829142725
50.2891646753
9.1108423113
-0.8853454643
-13.6844370516
-2.6088020305
-28.7031274441
-43.3941407127
-14.9172963645
37.1460527229
-139.0351605341
-26.8122931777
66.9933114045
58.5334618232
-13.1001181524
-8.0774246152
42.8799191632
29.8712636324
34.1789990663
40.7453889324
9.5980219749
-94.2123926226
-73.3348601556
18.1838278796
-44.7403425734
51.1259369643
-0.6064620818
33.8475569016
17.9156573720
-16.1691765444
12.6338566992
9.3627893476
-6.2425856942
-16.5969527596
3.7544831603
13.2767050829
-9.3331006677
-11.8895466945
-8.7910249321
26.9184732544
-3.7199017062
3.3825611754
2.4759073596
-17.3354497786
0.6704345700
-12.3956167827
20.9972821061
-3.2611513609
8.3077253357
