0.00 0.00000000
0.05 0.00000000
0.10 0.00000000
0.15 0.00000000
0.20 0.00000000
0.25 0.00000000
0.30 0.00000000
0.35 0.00000000
0.40 0.00000000
0.45 0.00000000
0.50 0.00000000
0.55 0.00000000
0.60 0.00000000
0.65 0.00000000
0.70 0.00000000
0.75 0.00000000
0.80 0.00000000
0.85 0.00000000
0.90 0.00000000
0.95 0.00000000
1.00 0.00000000
1.05 0.00000000
1.10 0.00000000
1.15 0.00000000
1.20 0.00000000
1.25 0.00000000
1.30 0.00000000
1.35 0.00000000
1.40 0.00000000
1.45 0.00000000
1.50 0.00000000
1.55 0.05818976
1.60 0.22199126
1.65 0.54338470
1.70 0.96812375
1.75 1.35027656
1.80 1.55464141
1.85 1.51709514
1.90 1.34709301
1.95 1.11870687
2.00 0.88400926
2.05 0.68026792
2.10 0.51875926
2.15 0.40800820
2.20 0.32059537
2.25 0.25884790
2.30 0.21961982
2.35 0.19413468
2.40 0.18126514
2.45 0.17982112
2.50 0.19051871
2.55 0.21462183
2.60 0.25313231
2.65 0.30858680
2.70 0.38473424
2.75 0.48266996
2.80 0.60384801
2.85 0.75072436
2.90 0.91845729
2.95 1.08601121
3.00 1.25329501
3.05 1.39398105
3.10 1.49452477
3.15 1.54847141
3.20 1.56312389
3.25 1.53840827
3.30 1.49357785
3.35 1.43876921
3.40 1.37900721
3.45 1.31925132
3.50 1.26183419
3.55 1.20801713
3.60 1.15898752
3.65 1.11934987
3.70 1.08286949
3.75 1.05610335
3.80 1.03579279
3.85 1.02234144
3.90 1.01442858
3.95 1.00953353
4.00 1.00770627
4.05 1.00714436
4.10 1.00759878
4.15 1.00759878
4.20 1.00703237
4.25 1.00582942
4.30 1.00455927
4.35 1.00189662
4.40 1.00177278
4.45 0.99834349
4.50 0.99527887
4.55 0.99229919
4.60 0.99073070
4.65 0.98936170
4.70 0.98630082
4.75 0.98798011
4.80 0.98659333
4.85 0.98908030
4.90 0.98936170
4.95 0.99176814
5.00 0.99338800
5.05 0.99658110
5.10 0.99832018
5.15 0.99847624
5.20 0.99998339
5.25 1.00158563
5.30 1.00151976
5.35 1.00151976
5.40 1.00151976
5.45 1.00151976
5.50 0.99885842
5.55 0.99798210
5.60 0.99580153
5.65 0.99257455
5.70 0.99009365
5.75 0.98778270
5.80 0.98482597
5.85 0.98196793
5.90 0.97993330
5.95 0.97734522
6.00 0.97540272
6.05 0.97416413
6.10 0.97416413
6.15 0.97411011
6.20 0.97624984
6.25 0.97803606
6.30 0.98070531
6.35 0.98329227
6.40 0.98625485
6.45 0.99114375
6.50 0.99353334
6.55 0.99829318
6.60 1.00267617
6.65 1.00571727
6.70 1.00956736
6.75 1.01368501
6.80 1.01665436
6.85 1.02047138
6.90 1.02289158
6.95 1.02570852
7.00 1.02773449
7.05 1.02957121
7.10 1.03155604
7.15 1.03315181
7.20 1.03343465
7.25 1.03343465
7.30 1.03339304
7.35 1.03200791
7.40 1.03051843
7.45 1.02877284
7.50 1.02740465
7.55 1.02697638
7.60 1.02566464
7.65 1.02377083
7.70 1.02131440
7.75 1.01673327
7.80 1.01602849
7.85 1.01379110
7.90 1.01070464
7.95 1.00925034
8.00 1.01033435
