0.00 0.00000000
0.05 0.00000000
0.10 0.00000000
0.15 0.00000000
0.20 0.00000000
0.25 0.00000000
0.30 0.00000000
0.35 0.00000000
0.40 0.00000000
0.45 0.00000000
0.50 0.00000000
0.55 0.00000000
0.60 0.00000000
0.65 0.00000000
0.70 0.00000000
0.75 0.00000000
0.80 0.00000000
0.85 0.00000000
0.90 0.00000000
0.95 0.00000000
1.00 0.00000000
1.05 0.00000000
1.10 0.00000000
1.15 0.00000000
1.20 0.00000000
1.25 0.00000000
1.30 0.00000000
1.35 0.00000000
1.40 0.00000000
1.45 0.00000000
1.50 0.00000000
1.55 0.00000000
1.60 0.00000000
1.65 0.00000000
1.70 0.00000000
1.75 0.00000000
1.80 0.00000000
1.85 0.00000000
1.90 0.00000000
1.95 0.00000000
2.00 0.00000000
2.05 0.00000000
2.10 0.00000000
2.15 0.00000000
2.20 0.00000000
2.25 0.00000000
2.30 0.00000000
2.35 0.00000000
2.40 0.00000000
2.45 0.02000000
2.50 0.06642735
2.55 0.28858565
2.60 0.85688255
2.65 1.72495359
2.70 2.56858746
2.75 3.05105270
2.80 3.07484129
2.85 2.72383608
2.90 2.27259696
2.95 1.81250674
3.00 1.45572255
3.05 1.19529190
3.10 0.99851368
3.15 0.88892591
3.20 0.81406175
3.25 0.77974223
3.30 0.76398047
3.35 0.75985194
3.40 0.76443795
3.45 0.77895185
3.50 0.79743691
3.55 0.81712591
3.60 0.83760904
3.65 0.85895382
3.70 0.88106753
3.75 0.90537587
3.80 0.92854495
3.85 0.95114773
3.90 0.97750665
3.95 1.00254436
4.00 1.02673230
4.05 1.04641316
4.10 1.06493726
4.15 1.08374989
4.20 1.09929721
4.25 1.11068990
4.30 1.12106524
4.35 1.12948506
4.40 1.13295546
4.45 1.13256071
4.50 1.13060897
4.55 1.12824097
4.60 1.11861690
4.65 1.10932584
4.70 1.09797673
4.75 1.08135504
4.80 1.06443451
4.85 1.05011095
4.90 1.03341480
4.95 1.02003867
5.00 1.00322875
5.05 0.98864069
5.10 0.97290927
5.15 0.95930740
5.20 0.94343131
5.25 0.93144236
5.30 0.91992646
5.35 0.90893234
5.40 0.90126931
5.45 0.89516557
5.50 0.88886921
5.55 0.88372753
5.60 0.87921453
5.65 0.88054487
5.70 0.88029198
5.75 0.88593090
5.80 0.89322751
5.85 0.90143640
5.90 0.91203389
5.95 0.92346896
6.00 0.93578530
6.05 0.94844402
6.10 0.96200611
6.15 0.97330589
6.20 0.98607287
6.25 0.99633086
6.30 1.00724515
6.35 1.01962827
6.40 1.02830007
6.45 1.03345100
6.50 1.04356635
6.55 1.04956480
6.60 1.05354097
6.65 1.05612179
6.70 1.05612179
6.75 1.05612179
6.80 1.05612179
6.85 1.05320828
6.90 1.05088935
6.95 1.05085124
7.00 1.04472268
7.05 1.04000754
7.10 1.03481310
7.15 1.03015241
7.20 1.02549996
7.25 1.01766795
7.30 1.01196051
7.35 1.00719553
7.40 1.00282156
7.45 0.99783789
7.50 0.99227564
7.55 0.98984853
7.60 0.98704710
7.65 0.98371646
7.70 0.98163462
7.75 0.97939220
7.80 0.97897436
7.85 0.97609981
7.90 0.97631410
7.95 0.97725421
8.00 0.97684615
