0.00 0.00000000
0.05 0.00000000
0.10 0.00000000
0.15 0.00000000
0.20 0.00000000
0.25 0.00000000
0.30 0.00000000
0.35 0.00000000
0.40 0.00000000
0.45 0.00000000
0.50 0.00000000
0.55 0.00000000
0.60 0.00000000
0.65 0.00000000
0.70 0.00000000
0.75 0.00000000
0.80 0.00000000
0.85 0.00000000
0.90 0.00000000
0.95 0.00000000
1.00 0.00000000
1.05 0.00000000
1.10 0.00000000
1.15 0.00000000
1.20 0.00000000
1.25 0.00000000
1.30 0.00000000
1.35 0.00000000
1.40 0.00004363
1.45 0.00024726
1.50 0.00081867
1.55 0.00265103
1.60 0.00774514
1.65 0.01840953
1.70 0.03988308
1.75 0.07768890
1.80 0.13571092
1.85 0.21533675
1.90 0.31919930
1.95 0.45127262
2.00 0.60006409
2.05 0.75746604
2.10 0.91594016
2.15 1.05477664
2.20 1.16047589
2.25 1.23686647
2.30 1.28490652
2.35 1.29929327
2.40 1.27947261
2.45 1.23792024
2.50 1.17684243
2.55 1.10226498
2.60 1.02051734
2.65 0.94270670
2.70 0.86988981
2.75 0.80913818
2.80 0.76429160
2.85 0.73415733
2.90 0.72089301
2.95 0.72372767
3.00 0.73470380
3.05 0.75378191
3.10 0.78032765
3.15 0.81163416
3.20 0.84725655
3.25 0.88279859
3.30 0.92420871
3.35 0.96584170
3.40 1.00657900
3.45 1.04569403
3.50 1.08265223
3.55 1.11576758
3.60 1.14219564
3.65 1.16150043
3.70 1.17424859
3.75 1.17975831
3.80 1.17688568
3.85 1.16825505
3.90 1.15131458
3.95 1.13168168
4.00 1.11254532
4.05 1.09232952
4.10 1.07453858
4.15 1.05945165
4.20 1.04890741
4.25 1.04112172
4.30 1.03528092
4.35 1.03483168
4.40 1.03177942
4.45 1.03172205
4.50 1.03056054
4.55 1.02912852
4.60 1.02814345
4.65 1.02567976
4.70 1.02429164
4.75 1.02092978
4.80 1.01639597
4.85 1.01190169
4.90 1.00731870
4.95 1.00132206
5.00 0.99548654
5.05 0.98931743
5.10 0.98548797
5.15 0.97944509
5.20 0.97421498
5.25 0.97185553
5.30 0.96994799
5.35 0.96685558
5.40 0.96676737
5.45 0.96676737
5.50 0.96838492
5.55 0.96882803
5.60 0.97108687
5.65 0.97334992
5.70 0.97693150
5.75 0.98030489
5.80 0.98336934
5.85 0.98629313
5.90 0.98942598
5.95 0.99109739
6.00 0.99417554
6.05 0.99635930
6.10 0.99697885
6.15 0.99760513
6.20 0.99856508
6.25 0.99969082
6.30 0.99986617
6.35 0.99996146
6.40 1.00064524
6.45 1.00117378
6.50 1.00151057
6.55 1.00151057
6.60 1.00147235
6.65 1.00294583
6.70 1.00488892
6.75 1.00453172
6.80 1.00548021
6.85 1.00693106
6.90 1.00768959
6.95 1.00954407
7.00 1.00918714
7.05 1.00915274
7.10 1.00915069
7.15 1.00914886
7.20 1.00914722
7.25 1.00914578
7.30 1.00914452
7.35 1.00914342
7.40 1.00914248
7.45 1.00914168
7.50 1.00914101
7.55 1.00914046
7.60 1.00914002
7.65 1.00913968
7.70 1.00913942
7.75 1.00913924
7.80 1.00913911
7.85 1.00913903
7.90 1.00913899
7.95 1.00913898
8.00 1.00913897
