bin_index  r_left_A  r_right_A  r_center_A  shell_volume_A3  counts  normalization  g_r
0.000000000000000000e+00 0.000000000000000000e+00 2.000000000000000042e-02 1.000000000000000021e-02 3.351032163829112431e-05 0.000000000000000000e+00 4.832958773217087278e-02 0.000000000000000000e+00
1.000000000000000000e+00 2.000000000000000042e-02 4.000000000000000083e-02 2.999999999999999889e-02 2.345722514680378566e-04 0.000000000000000000e+00 3.383071141251955405e-01 0.000000000000000000e+00
2.000000000000000000e+00 4.000000000000000083e-02 5.999999999999999778e-02 5.000000000000000278e-02 6.366961111275311856e-04 0.000000000000000000e+00 9.182621669112364104e-01 0.000000000000000000e+00
3.000000000000000000e+00 5.999999999999999778e-02 8.000000000000000167e-02 7.000000000000000666e-02 1.239881900616771667e-03 0.000000000000000000e+00 1.788194746090309151e+00 0.000000000000000000e+00
4.000000000000000000e+00 8.000000000000000167e-02 1.000000000000000056e-01 8.999999999999999667e-02 2.044129619935759843e-03 0.000000000000000000e+00 2.948104851662427084e+00 0.000000000000000000e+00
5.000000000000000000e+00 1.000000000000000056e-01 1.199999999999999956e-01 1.100000000000000006e-01 3.049439269084490076e-03 0.000000000000000000e+00 4.397992483627568561e+00 0.000000000000000000e+00
6.000000000000000000e+00 1.199999999999999956e-01 1.400000000000000133e-01 1.300000000000000044e-01 4.255810848062977110e-03 0.000000000000000000e+00 6.137857641985737800e+00 0.000000000000000000e+00
7.000000000000000000e+00 1.400000000000000133e-01 1.600000000000000033e-01 1.500000000000000222e-01 5.663244356871196226e-03 0.000000000000000000e+00 8.167700326736897054e+00 0.000000000000000000e+00
8.000000000000000000e+00 1.600000000000000033e-01 1.799999999999999933e-01 1.699999999999999845e-01 7.271739795509172578e-03 0.000000000000000000e+00 1.048752053788103389e+01 0.000000000000000000e+00
9.000000000000000000e+00 1.799999999999999933e-01 2.000000000000000111e-01 1.900000000000000022e-01 9.081297163976905298e-03 0.000000000000000000e+00 1.309731827541840765e+01 0.000000000000000000e+00
1.000000000000000000e+01 2.000000000000000111e-01 2.200000000000000011e-01 2.100000000000000200e-01 1.109191646227435275e-02 0.000000000000000000e+00 1.599709353934849076e+01 0.000000000000000000e+00
1.100000000000000000e+01 2.200000000000000011e-01 2.399999999999999911e-01 2.299999999999999822e-01 1.330359769040156959e-02 0.000000000000000000e+00 1.918684632967196535e+01 0.000000000000000000e+00
1.200000000000000000e+01 2.399999999999999911e-01 2.600000000000000089e-01 2.500000000000000000e-01 1.571634084835855233e-02 0.000000000000000000e+00 2.266657664638839620e+01 0.000000000000000000e+00
1.300000000000000000e+01 2.600000000000000089e-01 2.800000000000000266e-01 2.700000000000000178e-01 1.833014593614526455e-02 0.000000000000000000e+00 2.643628448949751331e+01 0.000000000000000000e+00
1.400000000000000000e+01 2.800000000000000266e-01 2.999999999999999889e-01 2.900000000000000355e-01 2.114501295376165768e-02 0.000000000000000000e+00 3.049596985899977497e+01 0.000000000000000000e+00
1.500000000000000000e+01 2.999999999999999889e-01 3.200000000000000067e-01 3.099999999999999978e-01 2.416094190120790866e-02 0.000000000000000000e+00 3.484563275489500711e+01 0.000000000000000000e+00
1.600000000000000000e+01 3.200000000000000067e-01 3.400000000000000244e-01 3.300000000000000155e-01 2.737793277848387871e-02 0.000000000000000000e+00 3.948527317718348684e+01 0.000000000000000000e+00
1.700000000000000000e+01 3.400000000000000244e-01 3.599999999999999867e-01 3.499999999999999778e-01 3.079598558558950191e-02 0.000000000000000000e+00 4.441489112586515375e+01 0.000000000000000000e+00
1.800000000000000000e+01 3.599999999999999867e-01 3.800000000000000044e-01 3.699999999999999956e-01 3.441510032252501766e-02 0.000000000000000000e+00 4.963448660093906994e+01 0.000000000000000000e+00
1.900000000000000000e+01 3.800000000000000044e-01 4.000000000000000222e-01 3.900000000000000133e-01 3.823527698929021779e-02 0.000000000000000000e+00 5.514405960240743809e+01 0.000000000000000000e+00
2.000000000000000000e+01 4.000000000000000222e-01 4.199999999999999845e-01 4.100000000000000311e-01 4.225651558588498780e-02 0.000000000000000000e+00 6.094361013026826157e+01 0.000000000000000000e+00
2.100000000000000000e+01 4.199999999999999845e-01 4.400000000000000022e-01 4.299999999999999933e-01 4.647881611230982729e-02 0.000000000000000000e+00 6.703313818452110695e+01 0.000000000000000000e+00
2.200000000000000000e+01 4.400000000000000022e-01 4.600000000000000200e-01 4.500000000000000111e-01 5.090217856856425749e-02 0.000000000000000000e+00 7.341264376516679135e+01 0.000000000000000000e+00
2.300000000000000000e+01 4.600000000000000200e-01 4.799999999999999822e-01 4.699999999999999734e-01 5.552660295464829227e-02 0.000000000000000000e+00 8.008212687220766668e+01 0.000000000000000000e+00
2.400000000000000000e+01 4.799999999999999822e-01 5.000000000000000000e-01 4.899999999999999911e-01 6.035208927056238959e-02 0.000000000000000000e+00 8.704158750564013758e+01 0.000000000000000000e+00
2.500000000000000000e+01 5.000000000000000000e-01 5.200000000000000178e-01 5.100000000000000089e-01 6.537863751630602904e-02 0.000000000000000000e+00 9.429102566546505670e+01 0.000000000000000000e+00
2.600000000000000000e+01 5.200000000000000178e-01 5.400000000000000355e-01 5.300000000000000266e-01 7.060624769187943961e-02 0.000000000000000000e+00 1.018304413516840583e+02 0.000000000000000000e+00
2.700000000000000000e+01 5.400000000000000355e-01 5.600000000000000533e-01 5.500000000000000444e-01 7.603491979728267680e-02 0.000000000000000000e+00 1.096598345642960339e+02 0.000000000000000000e+00
2.800000000000000000e+01 5.600000000000000533e-01 5.799999999999999600e-01 5.700000000000000622e-01 8.166465383251506061e-02 0.000000000000000000e+00 1.177792053032998894e+02 0.000000000000000000e+00
2.900000000000000000e+01 5.799999999999999600e-01 5.999999999999999778e-01 5.899999999999999689e-01 8.749544979757820085e-02 0.000000000000000000e+00 1.261885535686980404e+02 0.000000000000000000e+00
3.000000000000000000e+01 5.999999999999999778e-01 6.199999999999999956e-01 6.099999999999999867e-01 9.352730769247058484e-02 0.000000000000000000e+00 1.348878793604895066e+02 0.000000000000000000e+00
3.100000000000000000e+01 6.199999999999999956e-01 6.400000000000000133e-01 6.300000000000000044e-01 9.976022751719269832e-02 0.000000000000000000e+00 1.438771826786729378e+02 0.000000000000000000e+00
3.200000000000000000e+01 6.400000000000000133e-01 6.600000000000000311e-01 6.500000000000000222e-01 1.061942092717447494e-01 0.000000000000000000e+00 1.531564635232502383e+02 0.000000000000000000e+00
3.300000000000000000e+01 6.600000000000000311e-01 6.800000000000000488e-01 6.700000000000000400e-01 1.128292529561262802e-01 0.000000000000000000e+00 1.627257218942182533e+02 0.000000000000000000e+00
3.400000000000000000e+01 6.800000000000000488e-01 7.000000000000000666e-01 6.900000000000000577e-01 1.196653585703377626e-01 0.000000000000000000e+00 1.725849577915810755e+02 0.000000000000000000e+00
3.500000000000000000e+01 7.000000000000000666e-01 7.199999999999999734e-01 7.099999999999999645e-01 1.267025261143782666e-01 0.000000000000000000e+00 1.827341712153362323e+02 0.000000000000000000e+00
3.600000000000000000e+01 7.199999999999999734e-01 7.399999999999999911e-01 7.299999999999999822e-01 1.339407555882496381e-01 0.000000000000000000e+00 1.931733621654872195e+02 0.000000000000000000e+00
3.700000000000000000e+01 7.399999999999999911e-01 7.600000000000000089e-01 7.500000000000000000e-01 1.413800469919505032e-01 0.000000000000000000e+00 2.039025306420303707e+02 0.000000000000000000e+00
3.800000000000000000e+01 7.600000000000000089e-01 7.800000000000000266e-01 7.700000000000000178e-01 1.490204003254806120e-01 0.000000000000000000e+00 2.149216766449623037e+02 0.000000000000000000e+00
3.900000000000000000e+01 7.800000000000000266e-01 8.000000000000000444e-01 7.900000000000000355e-01 1.568618155888411303e-01 0.000000000000000000e+00 2.262308001742900956e+02 0.000000000000000000e+00
4.000000000000000000e+01 8.000000000000000444e-01 8.200000000000000622e-01 8.100000000000000533e-01 1.649042927820304483e-01 0.000000000000000000e+00 2.378299012300128652e+02 0.000000000000000000e+00
4.100000000000000000e+01 8.200000000000000622e-01 8.399999999999999689e-01 8.300000000000000711e-01 1.731478319050494818e-01 0.000000000000000000e+00 2.497189798121274578e+02 0.000000000000000000e+00
4.200000000000000000e+01 8.399999999999999689e-01 8.599999999999999867e-01 8.499999999999999778e-01 1.815924329578998409e-01 0.000000000000000000e+00 2.618980359206354933e+02 0.000000000000000000e+00
4.300000000000000000e+01 8.599999999999999867e-01 8.800000000000000044e-01 8.699999999999999956e-01 1.902380959405787497e-01 0.000000000000000000e+00 2.743670695555336465e+02 0.000000000000000000e+00
4.400000000000000000e+01 8.800000000000000044e-01 9.000000000000000222e-01 8.900000000000000133e-01 1.990848208530880958e-01 0.000000000000000000e+00 2.871260807168285965e+02 0.000000000000000000e+00
4.500000000000000000e+01 9.000000000000000222e-01 9.200000000000000400e-01 9.100000000000000311e-01 2.081326076954259918e-01 0.000000000000000000e+00 3.001750694045149999e+02 0.000000000000000000e+00
4.600000000000000000e+01 9.200000000000000400e-01 9.400000000000000577e-01 9.300000000000000488e-01 2.173814564675947414e-01 0.000000000000000000e+00 3.135140356185897872e+02 0.000000000000000000e+00
4.700000000000000000e+01 9.400000000000000577e-01 9.599999999999999645e-01 9.499999999999999556e-01 2.268313671695915967e-01 0.000000000000000000e+00 3.271429793590630197e+02 0.000000000000000000e+00
4.800000000000000000e+01 9.599999999999999645e-01 9.799999999999999822e-01 9.699999999999999734e-01 2.364823398014207212e-01 0.000000000000000000e+00 3.410619006259335606e+02 0.000000000000000000e+00
4.900000000000000000e+01 9.799999999999999822e-01 1.000000000000000000e+00 9.899999999999999911e-01 2.463343743630783955e-01 0.000000000000000000e+00 3.552707994191890748e+02 0.000000000000000000e+00
5.000000000000000000e+01 1.000000000000000000e+00 1.020000000000000018e+00 1.010000000000000009e+00 2.563874708545660352e-01 0.000000000000000000e+00 3.697696757388450806e+02 0.000000000000000000e+00
5.100000000000000000e+01 1.020000000000000018e+00 1.040000000000000036e+00 1.030000000000000027e+00 2.666416292758821971e-01 0.000000000000000000e+00 3.845585295848800342e+02 0.000000000000000000e+00
5.200000000000000000e+01 1.040000000000000036e+00 1.060000000000000053e+00 1.050000000000000044e+00 2.770968496270292403e-01 0.000000000000000000e+00 3.996373609573200838e+02 0.000000000000000000e+00
5.300000000000000000e+01 1.060000000000000053e+00 1.080000000000000071e+00 1.070000000000000062e+00 2.877531319080062766e-01 0.000000000000000000e+00 4.150061698561544858e+02 0.000000000000000000e+00
5.400000000000000000e+01 1.080000000000000071e+00 1.100000000000000089e+00 1.090000000000000080e+00 2.986104761188131951e-01 0.000000000000000000e+00 4.306649562813781813e+02 0.000000000000000000e+00
5.500000000000000000e+01 1.100000000000000089e+00 1.120000000000000107e+00 1.110000000000000098e+00 3.096688822594482748e-01 0.000000000000000000e+00 4.466137202329878733e+02 0.000000000000000000e+00
5.600000000000000000e+01 1.120000000000000107e+00 1.140000000000000124e+00 1.130000000000000115e+00 3.209283503299141804e-01 0.000000000000000000e+00 4.628524617110035706e+02 0.000000000000000000e+00
5.700000000000000000e+01 1.140000000000000124e+00 1.159999999999999920e+00 1.149999999999999911e+00 3.323888803302063044e-01 0.000000000000000000e+00 4.793811807153985001e+02 0.000000000000000000e+00
5.800000000000000000e+01 1.159999999999999920e+00 1.179999999999999938e+00 1.169999999999999929e+00 3.440504722603358601e-01 0.000000000000000000e+00 4.961998772462000034e+02 0.000000000000000000e+00
5.900000000000000000e+01 1.179999999999999938e+00 1.199999999999999956e+00 1.189999999999999947e+00 3.559131261202897467e-01 0.000000000000000000e+00 5.133085513033895495e+02 0.000000000000000000e+00
6.000000000000000000e+01 1.199999999999999956e+00 1.219999999999999973e+00 1.209999999999999964e+00 3.679768419100754584e-01 0.000000000000000000e+00 5.307072028869729365e+02 0.000000000000000000e+00
6.100000000000000000e+01 1.219999999999999973e+00 1.239999999999999991e+00 1.229999999999999982e+00 3.802416196296892759e-01 0.000000000000000000e+00 5.483958319969460717e+02 0.000000000000000000e+00
6.200000000000000000e+01 1.239999999999999991e+00 1.260000000000000009e+00 1.250000000000000000e+00 3.927074592791348628e-01 0.000000000000000000e+00 5.663744386333099783e+02 0.000000000000000000e+00
6.300000000000000000e+01 1.260000000000000009e+00 1.280000000000000027e+00 1.270000000000000018e+00 4.053743608584066682e-01 0.000000000000000000e+00 5.846430227960775028e+02 0.000000000000000000e+00
6.400000000000000000e+01 1.280000000000000027e+00 1.300000000000000044e+00 1.290000000000000036e+00 4.182423243675121860e-01 0.000000000000000000e+00 6.032015844852228383e+02 0.000000000000000000e+00
6.500000000000000000e+01 1.300000000000000044e+00 1.320000000000000062e+00 1.310000000000000053e+00 4.313113498064457541e-01 0.000000000000000000e+00 6.220501237007738382e+02 0.000000000000000000e+00
6.600000000000000000e+01 1.320000000000000062e+00 1.340000000000000080e+00 1.330000000000000071e+00 4.445814371752093153e-01 0.000000000000000000e+00 6.411886404427178832e+02 0.000000000000000000e+00
6.700000000000000000e+01 1.340000000000000080e+00 1.360000000000000098e+00 1.350000000000000089e+00 4.580525864738009267e-01 0.000000000000000000e+00 6.606171347110362149e+02 0.000000000000000000e+00
6.800000000000000000e+01 1.360000000000000098e+00 1.380000000000000115e+00 1.370000000000000107e+00 4.717247977022261951e-01 0.000000000000000000e+00 6.803356065057685100e+02 0.000000000000000000e+00
6.900000000000000000e+01 1.380000000000000115e+00 1.400000000000000133e+00 1.390000000000000124e+00 4.855980708604759055e-01 0.000000000000000000e+00 7.003440558268813447e+02 0.000000000000000000e+00
7.000000000000000000e+01 1.400000000000000133e+00 1.419999999999999929e+00 1.410000000000000142e+00 4.996724059485536107e-01 0.000000000000000000e+00 7.206424826744010943e+02 0.000000000000000000e+00
7.100000000000000000e+01 1.419999999999999929e+00 1.439999999999999947e+00 1.429999999999999938e+00 5.139478029664724668e-01 0.000000000000000000e+00 7.412308870482955854e+02 0.000000000000000000e+00
7.200000000000000000e+01 1.439999999999999947e+00 1.459999999999999964e+00 1.449999999999999956e+00 5.284242619142119901e-01 0.000000000000000000e+00 7.621092689485982419e+02 0.000000000000000000e+00
7.300000000000000000e+01 1.459999999999999964e+00 1.479999999999999982e+00 1.469999999999999973e+00 5.431017827917851148e-01 0.000000000000000000e+00 7.832776283752965583e+02 0.000000000000000000e+00
7.400000000000000000e+01 1.479999999999999982e+00 1.500000000000000000e+00 1.489999999999999991e+00 5.579803655991864009e-01 0.000000000000000000e+00 8.047359653283873513e+02 0.000000000000000000e+00
7.500000000000000000e+01 1.500000000000000000e+00 1.520000000000000018e+00 1.510000000000000009e+00 5.730600103364176245e-01 0.000000000000000000e+00 8.264842798078545911e+02 0.000000000000000000e+00
7.600000000000000000e+01 1.520000000000000018e+00 1.540000000000000036e+00 1.530000000000000027e+00 5.883407170034768985e-01 0.000000000000000000e+00 8.485225718137295416e+02 0.000000000000000000e+00
7.700000000000000000e+01 1.540000000000000036e+00 1.560000000000000053e+00 1.550000000000000044e+00 6.038224856003679974e-01 0.000000000000000000e+00 8.708508413459834401e+02 0.000000000000000000e+00
7.800000000000000000e+01 1.560000000000000053e+00 1.580000000000000071e+00 1.570000000000000062e+00 6.195053161270890341e-01 0.000000000000000000e+00 8.934690884046365227e+02 0.000000000000000000e+00
7.900000000000000000e+01 1.580000000000000071e+00 1.600000000000000089e+00 1.590000000000000080e+00 6.353892085836400083e-01 0.000000000000000000e+00 9.163773129896907221e+02 0.000000000000000000e+00
8.000000000000000000e+01 1.600000000000000089e+00 1.620000000000000107e+00 1.610000000000000098e+00 6.514741629700153691e-01 0.000000000000000000e+00 9.395755151011296675e+02 0.000000000000000000e+00
8.100000000000000000e+01 1.620000000000000107e+00 1.640000000000000124e+00 1.630000000000000115e+00 6.677601792862282171e-01 0.000000000000000000e+00 9.630636947389716624e+02 0.000000000000000000e+00
8.200000000000000000e+01 1.640000000000000124e+00 1.660000000000000142e+00 1.650000000000000133e+00 6.842472575322690043e-01 0.000000000000000000e+00 9.868418519032043150e+02 0.000000000000000000e+00
8.300000000000000000e+01 1.660000000000000142e+00 1.679999999999999938e+00 1.669999999999999929e+00 7.009353977081267395e-01 0.000000000000000000e+00 1.010909986593809435e+03 0.000000000000000000e+00
8.400000000000000000e+01 1.679999999999999938e+00 1.699999999999999956e+00 1.689999999999999947e+00 7.178245998138349515e-01 0.000000000000000000e+00 1.035268098810834090e+03 0.000000000000000000e+00
8.500000000000000000e+01 1.699999999999999956e+00 1.719999999999999973e+00 1.709999999999999964e+00 7.349148638493637753e-01 0.000000000000000000e+00 1.059916188554242126e+03 0.000000000000000000e+00
8.600000000000000000e+01 1.719999999999999973e+00 1.739999999999999991e+00 1.729999999999999982e+00 7.522061898147206493e-01 0.000000000000000000e+00 1.084854255824040138e+03 0.000000000000000000e+00
8.700000000000000000e+01 1.739999999999999991e+00 1.760000000000000009e+00 1.750000000000000000e+00 7.696985777099094594e-01 0.000000000000000000e+00 1.110082300620236538e+03 0.000000000000000000e+00
8.800000000000000000e+01 1.760000000000000009e+00 1.780000000000000027e+00 1.770000000000000018e+00 7.873920275349299835e-01 0.000000000000000000e+00 1.135600322942823595e+03 0.000000000000000000e+00
8.900000000000000000e+01 1.780000000000000027e+00 1.800000000000000044e+00 1.790000000000000036e+00 8.052865392897747832e-01 0.000000000000000000e+00 1.161408322791805858e+03 0.000000000000000000e+00
9.000000000000000000e+01 1.800000000000000044e+00 1.820000000000000062e+00 1.810000000000000053e+00 8.233821129744515188e-01 0.000000000000000000e+00 1.187506300167170821e+03 0.000000000000000000e+00
9.100000000000000000e+01 1.820000000000000062e+00 1.840000000000000080e+00 1.830000000000000071e+00 8.416787485889563047e-01 0.000000000000000000e+00 1.213894255068942812e+03 0.000000000000000000e+00
9.200000000000000000e+01 1.840000000000000080e+00 1.860000000000000098e+00 1.850000000000000089e+00 8.601764461332966905e-01 0.000000000000000000e+00 1.240572187497091591e+03 0.000000000000000000e+00
9.300000000000000000e+01 1.860000000000000098e+00 1.880000000000000115e+00 1.870000000000000107e+00 8.788752056074613517e-01 0.000000000000000000e+00 1.267540097451636939e+03 0.000000000000000000e+00
9.400000000000000000e+01 1.880000000000000115e+00 1.900000000000000133e+00 1.890000000000000124e+00 8.977750270114615017e-01 0.000000000000000000e+00 1.294797984932606596e+03 0.000000000000000000e+00
9.500000000000000000e+01 1.900000000000000133e+00 1.919999999999999929e+00 1.910000000000000142e+00 9.168759103452712722e-01 0.000000000000000000e+00 1.322345849939908931e+03 0.000000000000000000e+00
9.600000000000000000e+01 1.919999999999999929e+00 1.939999999999999947e+00 1.929999999999999938e+00 9.361778556089425107e-01 0.000000000000000000e+00 1.350183692473688325e+03 0.000000000000000000e+00
9.700000000000000000e+01 1.939999999999999947e+00 1.959999999999999964e+00 1.949999999999999956e+00 9.556808628024232588e-01 0.000000000000000000e+00 1.378311512533772884e+03 0.000000000000000000e+00
9.800000000000000000e+01 1.959999999999999964e+00 1.979999999999999982e+00 1.969999999999999973e+00 9.753849319257394956e-01 0.000000000000000000e+00 1.406729310120305854e+03 0.000000000000000000e+00
9.900000000000000000e+01 1.979999999999999982e+00 2.000000000000000000e+00 1.989999999999999991e+00 9.952900629788876685e-01 0.000000000000000000e+00 1.435437085233202424e+03 0.000000000000000000e+00
1.000000000000000000e+02 2.000000000000000000e+00 2.020000000000000018e+00 2.009999999999999787e+00 1.015396255961856342e+00 0.000000000000000000e+00 1.464434837872513071e+03 0.000000000000000000e+00
1.010000000000000000e+02 2.020000000000000018e+00 2.040000000000000036e+00 2.030000000000000249e+00 1.035703510874671718e+00 0.000000000000000000e+00 1.493722568038210511e+03 0.000000000000000000e+00
1.020000000000000000e+02 2.040000000000000036e+00 2.060000000000000053e+00 2.049999999999999822e+00 1.056211827717292939e+00 0.000000000000000000e+00 1.523300275730286558e+03 0.000000000000000000e+00
1.030000000000000000e+02 2.060000000000000053e+00 2.080000000000000071e+00 2.070000000000000284e+00 1.076921206489764637e+00 0.000000000000000000e+00 1.553167960948779410e+03 0.000000000000000000e+00
1.040000000000000000e+02 2.080000000000000071e+00 2.100000000000000089e+00 2.089999999999999858e+00 1.097831647192056836e+00 0.000000000000000000e+00 1.583325623693656553e+03 0.000000000000000000e+00
1.050000000000000000e+02 2.100000000000000089e+00 2.120000000000000107e+00 2.110000000000000320e+00 1.118943149824177308e+00 0.000000000000000000e+00 1.613773263964933903e+03 0.000000000000000000e+00
1.060000000000000000e+02 2.120000000000000107e+00 2.140000000000000124e+00 2.129999999999999893e+00 1.140255714386133157e+00 0.000000000000000000e+00 1.644510881762579629e+03 0.000000000000000000e+00
1.070000000000000000e+02 2.140000000000000124e+00 2.160000000000000142e+00 2.150000000000000355e+00 1.161769340877917056e+00 0.000000000000000000e+00 1.675538477086638977e+03 0.000000000000000000e+00
1.080000000000000000e+02 2.160000000000000142e+00 2.180000000000000160e+00 2.169999999999999929e+00 1.183484029299529006e+00 0.000000000000000000e+00 1.706856049937074431e+03 0.000000000000000000e+00
1.090000000000000000e+02 2.180000000000000160e+00 2.200000000000000178e+00 2.190000000000000391e+00 1.205399779650976555e+00 0.000000000000000000e+00 1.738463600313941697e+03 0.000000000000000000e+00
1.100000000000000000e+02 2.200000000000000178e+00 2.220000000000000195e+00 2.209999999999999964e+00 1.227516591932237500e+00 0.000000000000000000e+00 1.770361128217156192e+03 0.000000000000000000e+00
1.110000000000000000e+02 2.220000000000000195e+00 2.240000000000000213e+00 2.230000000000000426e+00 1.249834466143348699e+00 0.000000000000000000e+00 1.802548633646785902e+03 0.000000000000000000e+00
1.120000000000000000e+02 2.240000000000000213e+00 2.260000000000000231e+00 2.250000000000000000e+00 1.272353402284280399e+00 0.000000000000000000e+00 1.835026116602815591e+03 0.000000000000000000e+00
1.130000000000000000e+02 2.260000000000000231e+00 2.280000000000000249e+00 2.270000000000000462e+00 1.295073400355032822e+00 0.000000000000000000e+00 1.867793577085200695e+03 0.000000000000000000e+00
1.140000000000000000e+02 2.280000000000000249e+00 2.300000000000000266e+00 2.290000000000000036e+00 1.317994460355628394e+00 0.000000000000000000e+00 1.900851015094008972e+03 0.000000000000000000e+00
1.150000000000000000e+02 2.300000000000000266e+00 2.319999999999999840e+00 2.310000000000000053e+00 1.341116582286022041e+00 0.000000000000000000e+00 1.934198430629177892e+03 0.000000000000000000e+00
1.160000000000000000e+02 2.319999999999999840e+00 2.339999999999999858e+00 2.330000000000000071e+00 1.364439766146303468e+00 0.000000000000000000e+00 1.967835823690825009e+03 0.000000000000000000e+00
1.170000000000000000e+02 2.339999999999999858e+00 2.359999999999999876e+00 2.349999999999999645e+00 1.387964011936383191e+00 4.000000000000000000e+00 2.001763194278781157e+03 1.998238358779079633e-03
1.180000000000000000e+02 2.359999999999999876e+00 2.379999999999999893e+00 2.370000000000000107e+00 1.411689319656290964e+00 2.200000000000000000e+01 2.035980542393175256e+03 1.080560424911541396e-02
1.190000000000000000e+02 2.379999999999999893e+00 2.399999999999999911e+00 2.389999999999999680e+00 1.435615689306027010e+00 4.900000000000000000e+01 2.070487868033940231e+03 2.366591988125417781e-02
1.200000000000000000e+02 2.399999999999999911e+00 2.419999999999999929e+00 2.410000000000000142e+00 1.459743120885605761e+00 1.410000000000000000e+02 2.105285171201116100e+03 6.697429969525510451e-02
1.210000000000000000e+02 2.419999999999999929e+00 2.439999999999999947e+00 2.429999999999999716e+00 1.484071614394997907e+00 2.850000000000000000e+02 2.140372451894645565e+03 1.331543955107998278e-01
1.220000000000000000e+02 2.439999999999999947e+00 2.459999999999999964e+00 2.450000000000000178e+00 1.508601169834225431e+00 5.400000000000000000e+02 2.175749710114603658e+03 2.481903122816256635e-01
1.230000000000000000e+02 2.459999999999999964e+00 2.479999999999999982e+00 2.469999999999999751e+00 1.533331787203288554e+00 1.107000000000000000e+03 2.211416945860960823e+03 5.005840269388985853e-01
1.240000000000000000e+02 2.479999999999999982e+00 2.500000000000000000e+00 2.490000000000000213e+00 1.558263466502179728e+00 1.991000000000000000e+03 2.247374159133694320e+03 8.859227965705007701e-01
1.250000000000000000e+02 2.500000000000000000e+00 2.520000000000000018e+00 2.509999999999999787e+00 1.583396207730899174e+00 3.106000000000000000e+03 2.283621349932820067e+03 1.360120407041812252e+00
1.260000000000000000e+02 2.520000000000000018e+00 2.540000000000000036e+00 2.530000000000000249e+00 1.608730010889446449e+00 4.734000000000000000e+03 2.320158518258331696e+03 2.040377828819067485e+00
1.270000000000000000e+02 2.540000000000000036e+00 2.560000000000000053e+00 2.549999999999999822e+00 1.634264875977807119e+00 6.844000000000000000e+03 2.356985664110243306e+03 2.903708793911393915e+00
1.280000000000000000e+02 2.560000000000000053e+00 2.580000000000000071e+00 2.570000000000000284e+00 1.660000802996040470e+00 8.724000000000000000e+03 2.394102787488568538e+03 3.643953820859771930e+00
1.290000000000000000e+02 2.580000000000000071e+00 2.600000000000000089e+00 2.589999999999999858e+00 1.685937791944057018e+00 1.073000000000000000e+04 2.431509888393258279e+03 4.412895892885051907e+00
1.300000000000000000e+02 2.600000000000000089e+00 2.620000000000000107e+00 2.610000000000000320e+00 1.712075842821931815e+00 1.219900000000000000e+04 2.469206966824351639e+03 4.940452608429636960e+00
1.310000000000000000e+02 2.620000000000000107e+00 2.640000000000000124e+00 2.629999999999999893e+00 1.738414955629634440e+00 1.297800000000000000e+04 2.507194022781836338e+03 5.176304618659056445e+00
1.320000000000000000e+02 2.640000000000000124e+00 2.660000000000000142e+00 2.650000000000000355e+00 1.764955130367165337e+00 1.264200000000000000e+04 2.545471056265724656e+03 4.966467785552493019e+00
1.330000000000000000e+02 2.660000000000000142e+00 2.680000000000000160e+00 2.669999999999999929e+00 1.791696367034509185e+00 1.199800000000000000e+04 2.584038067275955655e+03 4.643120452419675637e+00
1.340000000000000000e+02 2.680000000000000160e+00 2.700000000000000178e+00 2.690000000000000391e+00 1.818638665631696183e+00 1.098800000000000000e+04 2.622895055812658029e+03 4.189264063634280610e+00
1.350000000000000000e+02 2.700000000000000178e+00 2.720000000000000195e+00 2.709999999999999964e+00 1.845782026158711231e+00 9.316000000000000000e+03 2.662042021875700357e+03 3.499569099001621719e+00
1.360000000000000000e+02 2.720000000000000195e+00 2.740000000000000213e+00 2.730000000000000426e+00 1.873126448615569206e+00 8.201000000000000000e+03 2.701478965465193141e+03 3.035744532842509891e+00
1.370000000000000000e+02 2.740000000000000213e+00 2.760000000000000231e+00 2.750000000000000000e+00 1.900671933002240577e+00 6.720000000000000000e+03 2.741205886581054074e+03 2.451475838752653402e+00
1.380000000000000000e+02 2.760000000000000231e+00 2.780000000000000249e+00 2.770000000000000462e+00 1.928418479318739776e+00 5.775000000000000000e+03 2.781222785223265873e+03 2.076424812382084983e+00
1.390000000000000000e+02 2.780000000000000249e+00 2.800000000000000266e+00 2.790000000000000036e+00 1.956366087565067247e+00 4.824000000000000000e+03 2.821529661391857644e+03 1.709710894061742925e+00
1.400000000000000000e+02 2.800000000000000266e+00 2.819999999999999840e+00 2.810000000000000053e+00 1.984514757741193014e+00 4.216000000000000000e+03 2.862126515086804375e+03 1.473030621734111145e+00
1.410000000000000000e+02 2.819999999999999840e+00 2.839999999999999858e+00 2.830000000000000071e+00 2.012864489847236094e+00 3.806000000000000000e+03 2.903013346308305245e+03 1.311051499243020002e+00
1.420000000000000000e+02 2.839999999999999858e+00 2.859999999999999876e+00 2.849999999999999645e+00 2.041415283883062592e+00 3.520000000000000000e+03 2.944190155056118783e+03 1.195574950875720743e+00
1.430000000000000000e+02 2.859999999999999876e+00 2.879999999999999893e+00 2.870000000000000107e+00 2.070167139848717142e+00 3.301000000000000000e+03 2.985656941330349582e+03 1.105619320928793670e+00
1.440000000000000000e+02 2.879999999999999893e+00 2.899999999999999911e+00 2.889999999999999680e+00 2.099120057744185086e+00 3.390000000000000000e+03 3.027413705130932613e+03 1.119767673065147129e+00
1.450000000000000000e+02 2.899999999999999911e+00 2.919999999999999929e+00 2.910000000000000142e+00 2.128274037569510835e+00 3.343000000000000000e+03 3.069460446457938360e+03 1.089116494026732829e+00
1.460000000000000000e+02 2.919999999999999929e+00 2.939999999999999947e+00 2.929999999999999716e+00 2.157629079324664634e+00 3.552000000000000000e+03 3.111797165311351819e+03 1.141462573330869201e+00
1.470000000000000000e+02 2.939999999999999947e+00 2.959999999999999964e+00 2.950000000000000178e+00 2.187185183009616729e+00 3.433000000000000000e+03 3.154423861691045204e+03 1.088312842700731364e+00
1.480000000000000000e+02 2.959999999999999964e+00 2.979999999999999982e+00 2.969999999999999751e+00 2.216942348624426629e+00 3.607000000000000000e+03 3.197340535597233611e+03 1.128125065141441397e+00
1.490000000000000000e+02 2.979999999999999982e+00 3.000000000000000000e+00 2.990000000000000213e+00 2.246900576169064578e+00 3.654000000000000000e+03 3.240547187029847919e+03 1.127587345317784484e+00
1.500000000000000000e+02 3.000000000000000000e+00 3.020000000000000018e+00 3.009999999999999787e+00 2.277059865643515923e+00 3.645000000000000000e+03 3.284043815988743063e+03 1.109912109653927503e+00
1.510000000000000000e+02 3.020000000000000018e+00 3.040000000000000036e+00 3.030000000000000249e+00 2.307420217047825073e+00 3.794000000000000000e+03 3.327830422474090483e+03 1.140082131101900709e+00
1.520000000000000000e+02 3.040000000000000036e+00 3.060000000000000053e+00 3.049999999999999822e+00 2.337981630381932519e+00 3.811000000000000000e+03 3.371907006485854254e+03 1.130220967740080518e+00
1.530000000000000000e+02 3.060000000000000053e+00 3.080000000000000071e+00 3.070000000000000284e+00 2.368744105645882669e+00 3.888000000000000000e+03 3.416273568023955249e+03 1.138082159576260466e+00
1.540000000000000000e+02 3.080000000000000071e+00 3.100000000000000089e+00 3.089999999999999858e+00 2.399707642839676414e+00 3.682000000000000000e+03 3.460930107088517161e+03 1.063875861710901871e+00
1.550000000000000000e+02 3.100000000000000089e+00 3.120000000000000107e+00 3.110000000000000320e+00 2.430872241963268010e+00 3.684000000000000000e+03 3.505876623679385830e+03 1.050807086341126073e+00
1.560000000000000000e+02 3.120000000000000107e+00 3.140000000000000124e+00 3.129999999999999893e+00 2.462237903016717411e+00 3.544000000000000000e+03 3.551113117796747702e+03 9.979969329163017600e-01
1.570000000000000000e+02 3.140000000000000124e+00 3.160000000000000142e+00 3.150000000000000355e+00 2.493804625999994862e+00 3.446000000000000000e+03 3.596639589440403142e+03 9.581165736253709486e-01
1.580000000000000000e+02 3.160000000000000142e+00 3.180000000000000160e+00 3.169999999999999929e+00 2.525572410913100807e+00 3.436000000000000000e+03 3.642456038610568612e+03 9.433195524058206605e-01
1.590000000000000000e+02 3.180000000000000160e+00 3.200000000000000178e+00 3.190000000000000391e+00 2.557541257756019704e+00 3.291000000000000000e+03 3.688562465307028560e+03 8.922175050453059475e-01
1.600000000000000000e+02 3.200000000000000178e+00 3.220000000000000195e+00 3.209999999999999964e+00 2.589711166528781749e+00 3.125000000000000000e+03 3.734958869529878484e+03 8.366892673153708548e-01
1.610000000000000000e+02 3.220000000000000195e+00 3.240000000000000213e+00 3.230000000000000426e+00 2.622082137231341648e+00 3.145000000000000000e+03 3.781645251279176591e+03 8.316486055735065053e-01
1.620000000000000000e+02 3.240000000000000213e+00 3.260000000000000231e+00 3.250000000000000000e+00 2.654654169863789548e+00 2.917000000000000000e+03 3.828621610554860126e+03 7.618929987644446067e-01
1.630000000000000000e+02 3.260000000000000231e+00 3.280000000000000249e+00 3.270000000000000462e+00 2.687427264426035745e+00 2.787000000000000000e+03 3.875887947356944096e+03 7.190610352656140458e-01
1.640000000000000000e+02 3.280000000000000249e+00 3.300000000000000266e+00 3.290000000000000036e+00 2.720401420918139745e+00 2.758000000000000000e+03 3.923444261685400306e+03 7.029537865322550427e-01
1.650000000000000000e+02 3.300000000000000266e+00 3.320000000000000284e+00 3.310000000000000497e+00 2.753576639340012289e+00 2.604000000000000000e+03 3.971290553540234214e+03 6.557062408034199930e-01
1.660000000000000000e+02 3.320000000000000284e+00 3.339999999999999858e+00 3.330000000000000071e+00 2.786952919691683128e+00 2.668000000000000000e+03 4.019426822921413532e+03 6.637762341598832938e-01
1.670000000000000000e+02 3.339999999999999858e+00 3.359999999999999876e+00 3.349999999999999645e+00 2.820530261973330788e+00 2.513000000000000000e+03 4.067853069829106062e+03 6.177705922169831609e-01
1.680000000000000000e+02 3.359999999999999876e+00 3.379999999999999893e+00 3.370000000000000107e+00 2.854308666184747434e+00 2.363000000000000000e+03 4.116569294263159463e+03 5.740216746243215207e-01
1.690000000000000000e+02 3.379999999999999893e+00 3.399999999999999911e+00 3.389999999999999680e+00 2.888288132325932178e+00 2.336000000000000000e+03 4.165575496223514165e+03 5.607868593710049199e-01
1.700000000000000000e+02 3.399999999999999911e+00 3.419999999999999929e+00 3.410000000000000142e+00 2.922468660397004925e+00 2.314000000000000000e+03 4.214871675710344789e+03 5.490084107032783267e-01
1.710000000000000000e+02 3.419999999999999929e+00 3.439999999999999947e+00 3.429999999999999716e+00 2.956850250397905278e+00 2.262000000000000000e+03 4.264457832723602223e+03 5.304308516413016594e-01
1.720000000000000000e+02 3.439999999999999947e+00 3.459999999999999964e+00 3.450000000000000178e+00 2.991432902328604371e+00 2.229000000000000000e+03 4.314333967263150953e+03 5.166498506869167118e-01
1.730000000000000000e+02 3.459999999999999964e+00 3.479999999999999982e+00 3.469999999999999751e+00 3.026216616189161268e+00 2.148000000000000000e+03 4.364500079329160144e+03 4.921525858535797382e-01
1.740000000000000000e+02 3.479999999999999982e+00 3.500000000000000000e+00 3.490000000000000213e+00 3.061201391979546216e+00 2.197000000000000000e+03 4.414956168921544304e+03 4.976266843746873225e-01
1.750000000000000000e+02 3.500000000000000000e+00 3.520000000000000018e+00 3.509999999999999787e+00 3.096387229699729016e+00 2.196000000000000000e+03 4.465702236040361640e+03 4.917479679404563320e-01
1.760000000000000000e+02 3.520000000000000018e+00 3.540000000000000036e+00 3.530000000000000249e+00 3.131774129349800262e+00 2.205000000000000000e+03 4.516738280685511199e+03 4.881841415140273366e-01
1.770000000000000000e+02 3.540000000000000036e+00 3.560000000000000053e+00 3.549999999999999822e+00 3.167362090929639606e+00 2.259000000000000000e+03 4.568064302857103939e+03 4.945201840935348758e-01
1.780000000000000000e+02 3.560000000000000053e+00 3.580000000000000071e+00 3.570000000000000284e+00 3.203151114439336755e+00 2.251000000000000000e+03 4.619680302555044364e+03 4.872631551484246648e-01
1.790000000000000000e+02 3.580000000000000071e+00 3.600000000000000089e+00 3.589999999999999858e+00 3.239141199878861954e+00 2.327000000000000000e+03 4.671586279779366123e+03 4.981177400216830753e-01
1.800000000000000000e+02 3.600000000000000089e+00 3.620000000000000107e+00 3.610000000000000320e+00 3.275332347248215203e+00 2.350000000000000000e+03 4.723782234530114692e+03 4.974827126495935392e-01
1.810000000000000000e+02 3.620000000000000107e+00 3.640000000000000124e+00 3.629999999999999893e+00 3.311724556547396947e+00 2.313000000000000000e+03 4.776268166807277339e+03 4.842692912584382059e-01
1.820000000000000000e+02 3.640000000000000124e+00 3.660000000000000142e+00 3.650000000000000355e+00 3.348317827776406297e+00 2.492000000000000000e+03 4.829044076610761294e+03 5.160441612181342341e-01
1.830000000000000000e+02 3.660000000000000142e+00 3.680000000000000160e+00 3.669999999999999929e+00 3.385112160935244141e+00 2.507000000000000000e+03 4.882109963940693888e+03 5.135074831408393825e-01
1.840000000000000000e+02 3.680000000000000160e+00 3.700000000000000178e+00 3.690000000000000391e+00 3.422107556023939789e+00 2.675000000000000000e+03 4.935465828797056929e+03 5.419954453725778221e-01
1.850000000000000000e+02 3.700000000000000178e+00 3.720000000000000195e+00 3.709999999999999964e+00 3.459304013042433290e+00 2.690000000000000000e+03 4.989111671179678524e+03 5.391741410678723145e-01
1.860000000000000000e+02 3.720000000000000195e+00 3.740000000000000213e+00 3.730000000000000426e+00 3.496701531990785039e+00 2.827000000000000000e+03 5.043047491088876086e+03 5.605737413727199803e-01
1.870000000000000000e+02 3.740000000000000213e+00 3.760000000000000231e+00 3.750000000000000000e+00 3.534300112868905330e+00 2.819000000000000000e+03 5.097273288524333111e+03 5.530407809105530870e-01
1.880000000000000000e+02 3.760000000000000231e+00 3.780000000000000249e+00 3.770000000000000462e+00 3.572099755676942934e+00 3.064000000000000000e+03 5.151789063486246960e+03 5.947448473223343468e-01
1.890000000000000000e+02 3.780000000000000249e+00 3.800000000000000266e+00 3.790000000000000036e+00 3.610100460414749080e+00 3.033000000000000000e+03 5.206594815974590347e+03 5.825304459441158489e-01
1.900000000000000000e+02 3.800000000000000266e+00 3.820000000000000284e+00 3.810000000000000497e+00 3.648302227082383720e+00 3.254000000000000000e+03 5.261690545989194106e+03 6.184324166460933858e-01
1.910000000000000000e+02 3.820000000000000284e+00 3.839999999999999858e+00 3.830000000000000071e+00 3.686705055679786458e+00 3.301000000000000000e+03 5.317076253530118265e+03 6.208299152769150009e-01
1.920000000000000000e+02 3.839999999999999858e+00 3.859999999999999876e+00 3.849999999999999645e+00 3.725308946207195770e+00 3.400000000000000000e+03 5.372751938597742082e+03 6.328228138683396065e-01
1.930000000000000000e+02 3.859999999999999876e+00 3.879999999999999893e+00 3.870000000000000107e+00 3.764113898664344315e+00 3.625000000000000000e+03 5.428717601191568065e+03 6.677451778306420227e-01
1.940000000000000000e+02 3.879999999999999893e+00 3.899999999999999911e+00 3.889999999999999680e+00 3.803119913051290713e+00 3.709000000000000000e+03 5.484973241311789934e+03 6.762111384727472752e-01
1.950000000000000000e+02 3.899999999999999911e+00 3.919999999999999929e+00 3.910000000000000142e+00 3.842326989368095358e+00 3.858000000000000000e+03 5.541518858958406781e+03 6.961990201951882007e-01
1.960000000000000000e+02 3.919999999999999929e+00 3.939999999999999947e+00 3.929999999999999716e+00 3.881735127614728054e+00 4.022000000000000000e+03 5.598354454131479542e+03 7.184253932031474665e-01
1.970000000000000000e+02 3.939999999999999947e+00 3.959999999999999964e+00 3.950000000000000178e+00 3.921344327791188356e+00 4.290000000000000000e+03 5.655480026830881798e+03 7.585562993145171795e-01
1.980000000000000000e+02 3.959999999999999964e+00 3.979999999999999982e+00 3.969999999999999751e+00 3.961154589897506906e+00 4.613000000000000000e+03 5.712895577056757247e+03 8.074714368184870983e-01
1.990000000000000000e+02 3.979999999999999982e+00 4.000000000000000000e+00 3.990000000000000213e+00 4.001165913933593998e+00 4.677000000000000000e+03 5.770601104809012213e+03 8.104874890940487742e-01
2.000000000000000000e+02 4.000000000000000000e+00 4.020000000000000462e+00 4.009999999999999787e+00 4.041378299899628601e+00 4.830000000000000000e+03 5.828596610087669433e+03 8.286728904245357352e-01
2.010000000000000000e+02 4.020000000000000462e+00 4.040000000000000036e+00 4.030000000000000249e+00 4.081791747795223024e+00 5.050000000000000000e+03 5.886882092892446053e+03 8.578395015074516960e-01
2.020000000000000000e+02 4.040000000000000036e+00 4.060000000000000497e+00 4.050000000000000711e+00 4.122406257621031855e+00 5.323000000000000000e+03 5.945457553224086041e+03 8.953053574679813442e-01
2.030000000000000000e+02 4.060000000000000497e+00 4.080000000000000071e+00 4.070000000000000284e+00 4.163221829376341887e+00 5.536000000000000000e+03 6.004322991081649889e+03 9.220023653329009194e-01
2.040000000000000000e+02 4.080000000000000071e+00 4.099999999999999645e+00 4.089999999999999858e+00 4.204238463061510167e+00 5.747000000000000000e+03 6.063478406465643275e+03 9.478057996993649592e-01
2.050000000000000000e+02 4.099999999999999645e+00 4.120000000000000107e+00 4.109999999999999432e+00 4.245456158676833347e+00 5.966000000000000000e+03 6.122923799376594616e+03 9.743711003895603184e-01
2.060000000000000000e+02 4.120000000000000107e+00 4.139999999999999680e+00 4.129999999999999893e+00 4.286874916221598220e+00 6.236000000000000000e+03 6.182659169813339759e+03 1.008627490004154748e+00
2.070000000000000000e+02 4.139999999999999680e+00 4.160000000000000142e+00 4.150000000000000355e+00 4.328494735696518880e+00 6.524000000000000000e+03 6.242684517776954635e+03 1.045063222628335398e+00
2.080000000000000000e+02 4.160000000000000142e+00 4.179999999999999716e+00 4.169999999999999929e+00 4.370315617100938965e+00 6.837000000000000000e+03 6.302999843266371499e+03 1.084721588134594628e+00
2.090000000000000000e+02 4.179999999999999716e+00 4.200000000000000178e+00 4.189999999999999503e+00 4.412337560435515726e+00 7.054000000000000000e+03 6.363605146282758142e+03 1.108491152082327069e+00
2.100000000000000000e+02 4.200000000000000178e+00 4.219999999999999751e+00 4.209999999999999964e+00 4.454560565699592800e+00 7.340000000000000000e+03 6.424500426825066825e+03 1.142501286069236954e+00
2.110000000000000000e+02 4.219999999999999751e+00 4.240000000000000213e+00 4.230000000000000426e+00 4.496984632893824774e+00 7.281000000000000000e+03 6.485685684894239785e+03 1.122626095951291703e+00
2.120000000000000000e+02 4.240000000000000213e+00 4.259999999999999787e+00 4.250000000000000000e+00 4.539609762017557948e+00 7.596000000000000000e+03 6.547160920489292948e+03 1.160197540926231508e+00
2.130000000000000000e+02 4.259999999999999787e+00 4.280000000000000249e+00 4.269999999999999574e+00 4.582435953071506418e+00 7.734000000000000000e+03 6.608926133611381374e+03 1.170235503263800769e+00
2.140000000000000000e+02 4.280000000000000249e+00 4.299999999999999822e+00 4.290000000000000036e+00 4.625463206054895693e+00 8.061000000000000000e+03 6.670981324259272697e+03 1.208367945910127528e+00
2.150000000000000000e+02 4.299999999999999822e+00 4.320000000000000284e+00 4.310000000000000497e+00 4.668691520968440756e+00 8.257000000000000000e+03 6.733326492433911881e+03 1.226288374591400832e+00
2.160000000000000000e+02 4.320000000000000284e+00 4.339999999999999858e+00 4.330000000000000071e+00 4.712120897811486131e+00 8.367000000000000000e+03 6.795961638134504028e+03 1.231172341092959366e+00
2.170000000000000000e+02 4.339999999999999858e+00 4.360000000000000320e+00 4.349999999999999645e+00 4.755751336584746802e+00 8.572000000000000000e+03 6.858886761362080506e+03 1.249765493766180624e+00
2.180000000000000000e+02 4.360000000000000320e+00 4.379999999999999893e+00 4.370000000000000107e+00 4.799582837287448278e+00 8.795000000000000000e+03 6.922101862115521726e+03 1.270567838380824766e+00
2.190000000000000000e+02 4.379999999999999893e+00 4.400000000000000355e+00 4.390000000000000568e+00 4.843615399920365050e+00 8.943000000000000000e+03 6.985606940395914535e+03 1.280203721209248080e+00
2.200000000000000000e+02 4.400000000000000355e+00 4.419999999999999929e+00 4.410000000000000142e+00 4.887849024482663118e+00 9.058000000000000000e+03 7.049401996201913789e+03 1.284931687096335429e+00
2.210000000000000000e+02 4.419999999999999929e+00 4.440000000000000391e+00 4.429999999999999716e+00 4.932283710975235991e+00 9.545000000000000000e+03 7.113487029535112924e+03 1.341817305685562456e+00
2.220000000000000000e+02 4.440000000000000391e+00 4.459999999999999964e+00 4.450000000000000178e+00 4.976919459397250556e+00 9.724000000000000000e+03 7.177862040394180440e+03 1.354720938529768048e+00
2.230000000000000000e+02 4.459999999999999964e+00 4.480000000000000426e+00 4.470000000000000639e+00 5.021756269749539037e+00 9.826000000000000000e+03 7.242527028780139517e+03 1.356708778711316121e+00
2.240000000000000000e+02 4.480000000000000426e+00 4.500000000000000000e+00 4.490000000000000213e+00 5.066794142031149306e+00 9.834000000000000000e+03 7.307481994691892396e+03 1.345743993230958946e+00
2.250000000000000000e+02 4.500000000000000000e+00 4.520000000000000462e+00 4.509999999999999787e+00 5.112033076243093888e+00 1.013900000000000000e+04 7.372726938130637791e+03 1.375203514938633242e+00
2.260000000000000000e+02 4.520000000000000462e+00 4.540000000000000036e+00 4.530000000000000249e+00 5.157473072384361146e+00 1.040300000000000000e+04 7.438261859095033287e+03 1.398579425821083966e+00
2.270000000000000000e+02 4.540000000000000036e+00 4.560000000000000497e+00 4.550000000000000711e+00 5.203114130455902320e+00 1.030600000000000000e+04 7.504086757586495878e+03 1.373384974471519859e+00
2.280000000000000000e+02 4.560000000000000497e+00 4.580000000000000071e+00 4.570000000000000284e+00 5.248956250456885186e+00 1.055500000000000000e+04 7.570201633603845949e+03 1.394282545017921926e+00
2.290000000000000000e+02 4.580000000000000071e+00 4.600000000000000533e+00 4.589999999999999858e+00 5.294999432388141969e+00 1.065100000000000000e+04 7.636606487148301312e+03 1.394729454493254694e+00
2.300000000000000000e+02 4.600000000000000533e+00 4.620000000000000107e+00 4.610000000000000320e+00 5.341243676248780936e+00 1.072300000000000000e+04 7.703301318218429515e+03 1.392000592608254150e+00
2.310000000000000000e+02 4.620000000000000107e+00 4.639999999999999680e+00 4.629999999999999893e+00 5.387688982039396279e+00 1.084800000000000000e+04 7.770286126815062744e+03 1.396087585830825928e+00
2.320000000000000000e+02 4.639999999999999680e+00 4.660000000000000142e+00 4.650000000000000355e+00 5.434335349760167411e+00 1.091600000000000000e+04 7.837560912938592992e+03 1.392780243912284499e+00
2.330000000000000000e+02 4.660000000000000142e+00 4.679999999999999716e+00 4.669999999999999929e+00 5.481182779410260331e+00 1.102200000000000000e+04 7.905125676587874295e+03 1.394285233521736611e+00
2.340000000000000000e+02 4.679999999999999716e+00 4.700000000000000178e+00 4.689999999999999503e+00 5.528231270990628943e+00 1.095600000000000000e+04 7.972980417764115373e+03 1.374141089772351609e+00
2.350000000000000000e+02 4.700000000000000178e+00 4.719999999999999751e+00 4.709999999999999964e+00 5.575480824500437471e+00 1.096500000000000000e+04 8.041125136466230288e+03 1.363615142646406042e+00
2.360000000000000000e+02 4.719999999999999751e+00 4.740000000000000213e+00 4.730000000000000426e+00 5.622931439940461296e+00 1.117200000000000000e+04 8.109559832695290424e+03 1.377633340216305902e+00
2.370000000000000000e+02 4.740000000000000213e+00 4.759999999999999787e+00 4.750000000000000000e+00 5.670583117309867305e+00 1.075800000000000000e+04 8.178284506450061599e+03 1.315434794609476432e+00
2.380000000000000000e+02 4.759999999999999787e+00 4.780000000000000249e+00 4.769999999999999574e+00 5.718435856609547230e+00 1.079600000000000000e+04 8.247299157731915329e+03 1.309034605574924015e+00
2.390000000000000000e+02 4.780000000000000249e+00 4.799999999999999822e+00 4.790000000000000036e+00 5.766489657838667959e+00 1.086400000000000000e+04 8.316603786539551947e+03 1.306302461779340396e+00
2.400000000000000000e+02 4.799999999999999822e+00 4.820000000000000284e+00 4.810000000000000497e+00 5.814744520998064381e+00 1.068800000000000000e+04 8.386198392874252022e+03 1.274474976537830040e+00
2.410000000000000000e+02 4.820000000000000284e+00 4.839999999999999858e+00 4.830000000000000071e+00 5.863200446086781703e+00 1.076000000000000000e+04 8.456082976734698605e+03 1.272456766283406981e+00
2.420000000000000000e+02 4.839999999999999858e+00 4.860000000000000320e+00 4.849999999999999645e+00 5.911857433105774717e+00 1.074800000000000000e+04 8.526257538122028564e+03 1.260576513428578238e+00
2.430000000000000000e+02 4.860000000000000320e+00 4.879999999999999893e+00 4.870000000000000107e+00 5.960715482054208536e+00 1.079700000000000000e+04 8.596722077035272378e+03 1.255943824081786619e+00
2.440000000000000000e+02 4.879999999999999893e+00 4.900000000000000355e+00 4.890000000000000568e+00 6.009774592932916271e+00 1.050800000000000000e+04 8.667476593475348636e+03 1.212348240768270413e+00
2.450000000000000000e+02 4.900000000000000355e+00 4.919999999999999929e+00 4.910000000000000142e+00 6.059034765740887174e+00 1.049300000000000000e+04 8.738521087441355121e+03 1.200775267920347611e+00
2.460000000000000000e+02 4.919999999999999929e+00 4.940000000000000391e+00 4.929999999999999716e+00 6.108496000479311405e+00 1.035600000000000000e+04 8.809855558934552391e+03 1.175501678855270127e+00
2.470000000000000000e+02 4.940000000000000391e+00 4.959999999999999964e+00 4.950000000000000178e+00 6.158158297146997917e+00 1.031100000000000000e+04 8.881480007953123277e+03 1.160955155083024604e+00
2.480000000000000000e+02 4.959999999999999964e+00 4.980000000000000426e+00 4.970000000000000639e+00 6.208021655745077361e+00 1.035600000000000000e+04 8.953394434499017734e+03 1.156656291171144435e+00
2.490000000000000000e+02 4.980000000000000426e+00 5.000000000000000000e+00 4.990000000000000213e+00 6.258086076272360465e+00 1.005600000000000000e+04 9.025598838570324006e+03 1.114164298664186425e+00
2.500000000000000000e+02 5.000000000000000000e+00 5.020000000000000462e+00 5.009999999999999787e+00 6.308351558730096897e+00 1.012900000000000000e+04 9.098093220169168490e+03 1.113310201916315689e+00
2.510000000000000000e+02 5.020000000000000462e+00 5.040000000000000036e+00 5.030000000000000249e+00 6.358818103117095610e+00 1.005100000000000000e+04 9.170877579293412055e+03 1.095969269363466836e+00
2.520000000000000000e+02 5.040000000000000036e+00 5.060000000000000497e+00 5.050000000000000711e+00 6.409485709434369127e+00 9.757000000000000000e+03 9.243951915944584471e+03 1.055500946859154077e+00
2.530000000000000000e+02 5.060000000000000497e+00 5.080000000000000071e+00 5.070000000000000284e+00 6.460354377681202465e+00 9.740000000000000000e+03 9.317316230121932676e+03 1.045365399159853936e+00
2.540000000000000000e+02 5.080000000000000071e+00 5.100000000000000533e+00 5.089999999999999858e+00 6.511424107858072574e+00 9.716000000000000000e+03 9.390970521825993274e+03 1.034610850648353120e+00
2.550000000000000000e+02 5.100000000000000533e+00 5.120000000000000107e+00 5.110000000000000320e+00 6.562694899964383488e+00 9.742000000000000000e+03 9.464914791055804017e+03 1.029274981873691708e+00
2.560000000000000000e+02 5.120000000000000107e+00 5.139999999999999680e+00 5.129999999999999893e+00 6.614166754000850190e+00 9.646000000000000000e+03 9.539149037812472670e+03 1.011201309651833524e+00
2.570000000000000000e+02 5.139999999999999680e+00 5.160000000000000142e+00 5.150000000000000355e+00 6.665839669967472680e+00 9.461000000000000000e+03 9.613673262096108374e+03 9.841191542572957918e-01
2.580000000000000000e+02 5.160000000000000142e+00 5.179999999999999716e+00 5.169999999999999929e+00 6.717713647863178927e+00 9.289000000000000000e+03 9.688487463904846663e+03 9.587667873449632339e-01
2.590000000000000000e+02 5.179999999999999716e+00 5.200000000000000178e+00 5.189999999999999503e+00 6.769788687689278106e+00 9.153000000000000000e+03 9.763591643240974008e+03 9.374623944187928659e-01
2.600000000000000000e+02 5.200000000000000178e+00 5.219999999999999751e+00 5.209999999999999964e+00 6.822064789444818977e+00 9.327000000000000000e+03 9.838985800102898793e+03 9.479635594049191649e-01
2.610000000000000000e+02 5.219999999999999751e+00 5.240000000000000213e+00 5.230000000000000426e+00 6.874541953130634653e+00 9.078000000000000000e+03 9.914669934491888853e+03 9.156129311394199943e-01
2.620000000000000000e+02 5.240000000000000213e+00 5.259999999999999787e+00 5.250000000000000000e+00 6.927220178745772117e+00 9.115000000000000000e+03 9.990644046406438065e+03 9.123535937884403868e-01
2.630000000000000000e+02 5.259999999999999787e+00 5.280000000000000249e+00 5.269999999999999574e+00 6.980099466291303401e+00 8.970000000000000000e+03 1.006690813584820899e+04 8.910382293107329543e-01
2.640000000000000000e+02 5.280000000000000249e+00 5.299999999999999822e+00 5.290000000000000036e+00 7.033179815766037457e+00 9.042000000000000000e+03 1.014346220281548995e+04 8.914116126434856735e-01
2.650000000000000000e+02 5.299999999999999822e+00 5.320000000000000284e+00 5.310000000000000497e+00 7.086461227171284349e+00 9.007000000000000000e+03 1.022030624731020180e+04 8.812847464693612798e-01
2.660000000000000000e+02 5.320000000000000284e+00 5.339999999999999858e+00 5.330000000000000071e+00 7.139943700505614999e+00 9.080000000000000000e+03 1.029744026933024179e+04 8.817725339999058498e-01
2.670000000000000000e+02 5.339999999999999858e+00 5.360000000000000320e+00 5.349999999999999645e+00 7.193627235770458483e+00 9.158000000000000000e+03 1.037486426887779089e+04 8.827103432545037043e-01
2.680000000000000000e+02 5.360000000000000320e+00 5.379999999999999893e+00 5.370000000000000107e+00 7.247511832964505629e+00 9.202000000000000000e+03 1.045257824595038619e+04 8.803569591612582235e-01
2.690000000000000000e+02 5.379999999999999893e+00 5.400000000000000355e+00 5.390000000000000568e+00 7.301597492089064723e+00 8.979000000000000000e+03 1.053058220055070160e+04 8.526594094228179266e-01
2.700000000000000000e+02 5.400000000000000355e+00 5.419999999999999929e+00 5.410000000000000142e+00 7.355884213142826589e+00 9.036000000000000000e+03 1.060887613267635061e+04 8.517396081351404913e-01
2.710000000000000000e+02 5.419999999999999929e+00 5.440000000000000391e+00 5.429999999999999716e+00 7.410371996126863259e+00 9.125000000000000000e+03 1.068746004232919768e+04 8.538043617341395386e-01
2.720000000000000000e+02 5.440000000000000391e+00 5.459999999999999964e+00 5.450000000000000178e+00 7.465060841040341622e+00 9.282000000000000000e+03 1.076633392950780035e+04 8.621319068100222749e-01
2.730000000000000000e+02 5.459999999999999964e+00 5.480000000000000426e+00 5.470000000000000639e+00 7.519950747884212916e+00 9.271000000000000000e+03 1.084549779421364474e+04 8.548247554802251846e-01
2.740000000000000000e+02 5.480000000000000426e+00 5.500000000000000000e+00 5.490000000000000213e+00 7.575041716657167967e+00 9.272000000000000000e+03 1.092495163644481363e+04 8.486994092559008163e-01
2.750000000000000000e+02 5.500000000000000000e+00 5.520000000000000462e+00 5.509999999999999787e+00 7.630333747360755758e+00 9.551000000000000000e+03 1.100469545620351710e+04 8.679022548157798722e-01
2.760000000000000000e+02 5.520000000000000462e+00 5.540000000000000036e+00 5.530000000000000249e+00 7.685826839993307402e+00 9.252000000000000000e+03 1.108472925348723038e+04 8.346617935741950101e-01
2.770000000000000000e+02 5.540000000000000036e+00 5.560000000000000497e+00 5.550000000000000711e+00 7.741520994556610802e+00 9.569000000000000000e+03 1.116505302829870197e+04 8.570492209707037956e-01
2.780000000000000000e+02 5.560000000000000497e+00 5.580000000000000071e+00 5.570000000000000284e+00 7.797416211048878942e+00 9.609000000000000000e+03 1.124566678063536892e+04 8.544624509545623026e-01
2.790000000000000000e+02 5.580000000000000071e+00 5.600000000000000533e+00 5.589999999999999858e+00 7.853512489471659030e+00 9.642000000000000000e+03 1.132657051049947950e+04 8.512726770262967202e-01
2.800000000000000000e+02 5.600000000000000533e+00 5.620000000000000107e+00 5.610000000000000320e+00 7.909809829823761795e+00 9.565000000000000000e+03 1.140776421788925836e+04 8.384640335571189595e-01
2.810000000000000000e+02 5.620000000000000107e+00 5.639999999999999680e+00 5.629999999999999893e+00 7.966308232105781428e+00 9.674000000000000000e+03 1.148924790280545130e+04 8.420046361466181351e-01
2.820000000000000000e+02 5.639999999999999680e+00 5.660000000000000142e+00 5.650000000000000355e+00 8.023007696318314785e+00 9.890000000000000000e+03 1.157102156524910242e+04 8.547214214605162175e-01
2.830000000000000000e+02 5.660000000000000142e+00 5.679999999999999716e+00 5.669999999999999929e+00 8.079908222459573963e+00 1.005900000000000000e+04 1.165308520521750506e+04 8.632048786098486248e-01
2.840000000000000000e+02 5.679999999999999716e+00 5.700000000000000178e+00 5.689999999999999503e+00 8.137009810531703025e+00 1.002900000000000000e+04 1.173543882271385337e+04 8.545909660053738754e-01
2.850000000000000000e+02 5.700000000000000178e+00 5.719999999999999751e+00 5.709999999999999964e+00 8.194312460532797715e+00 1.029500000000000000e+04 1.181808241773527880e+04 8.711227114603969923e-01
2.860000000000000000e+02 5.719999999999999751e+00 5.740000000000000213e+00 5.730000000000000426e+00 8.251816172464524257e+00 1.045500000000000000e+04 1.190101599028432065e+04 8.784964248880254845e-01
2.870000000000000000e+02 5.740000000000000213e+00 5.759999999999999787e+00 5.750000000000000000e+00 8.309520946325214652e+00 1.052600000000000000e+04 1.198423954035861425e+04 8.783202275415317173e-01
2.880000000000000000e+02 5.759999999999999787e+00 5.780000000000000249e+00 5.769999999999999574e+00 8.367426782116536899e+00 1.050200000000000000e+04 1.206775306796016775e+04 8.702531399886499486e-01
2.890000000000000000e+02 5.780000000000000249e+00 5.799999999999999822e+00 5.790000000000000036e+00 8.425533679836943790e+00 1.068000000000000000e+04 1.215155657308709851e+04 8.788997471857837862e-01
2.900000000000000000e+02 5.799999999999999822e+00 5.820000000000000284e+00 5.810000000000000497e+00 8.483841639488101549e+00 1.068000000000000000e+04 1.223565005574193674e+04 8.728592229546560111e-01
2.910000000000000000e+02 5.820000000000000284e+00 5.839999999999999858e+00 5.830000000000000071e+00 8.542350661067985129e+00 1.076300000000000000e+04 1.232003351592148829e+04 8.736177532383093691e-01
2.920000000000000000e+02 5.839999999999999858e+00 5.860000000000000320e+00 5.849999999999999645e+00 8.601060744578738593e+00 1.080800000000000000e+04 1.240470695362898368e+04 8.712821705826860885e-01
2.930000000000000000e+02 5.860000000000000320e+00 5.879999999999999893e+00 5.870000000000000107e+00 8.659971890018576701e+00 1.111000000000000000e+04 1.248967036886166716e+04 8.895350855454632333e-01
2.940000000000000000e+02 5.879999999999999893e+00 5.900000000000000355e+00 5.890000000000000568e+00 8.719084097388808630e+00 1.142200000000000000e+04 1.257492376162156688e+04 9.083156460049269798e-01
2.950000000000000000e+02 5.900000000000000355e+00 5.919999999999999929e+00 5.910000000000000142e+00 8.778397366688125203e+00 1.124300000000000000e+04 1.266046713190682749e+04 8.880399027035474901e-01
2.960000000000000000e+02 5.919999999999999929e+00 5.940000000000000391e+00 5.929999999999999716e+00 8.837911697918190868e+00 1.145900000000000000e+04 1.274630047971981367e+04 8.990059522158612149e-01
2.970000000000000000e+02 5.940000000000000391e+00 5.959999999999999964e+00 5.950000000000000178e+00 8.897627091077222161e+00 1.155100000000000000e+04 1.283242380505789879e+04 9.001417172215878670e-01
2.980000000000000000e+02 5.959999999999999964e+00 5.980000000000000426e+00 5.970000000000000639e+00 8.957543546166885307e+00 1.147200000000000000e+04 1.291883710792377860e+04 8.880056234290344408e-01
2.990000000000000000e+02 5.980000000000000426e+00 6.000000000000000000e+00 5.990000000000000213e+00 9.017661063185631320e+00 1.173900000000000000e+04 1.300554038831475373e+04 9.026153200483143513e-01
3.000000000000000000e+02 6.000000000000000000e+00 6.020000000000000462e+00 6.009999999999999787e+00 9.077979642134891947e+00 1.192300000000000000e+04 1.309253364623317611e+04 9.106717097061147737e-01
3.010000000000000000e+02 6.020000000000000462e+00 6.040000000000000036e+00 6.030000000000000249e+00 9.138499283013235441e+00 1.214000000000000000e+04 1.317981688167690481e+04 9.211053620082917393e-01
3.020000000000000000e+02 6.040000000000000036e+00 6.060000000000000497e+00 6.050000000000000711e+00 9.199219985822329804e+00 1.216000000000000000e+04 1.326739009464827177e+04 9.165329362634053734e-01
3.030000000000000000e+02 6.060000000000000497e+00 6.080000000000000071e+00 6.070000000000000284e+00 9.260141750560270779e+00 1.230800000000000000e+04 1.335525328514469038e+04 9.215849177260029279e-01
3.040000000000000000e+02 6.080000000000000071e+00 6.100000000000000533e+00 6.089999999999999858e+00 9.321264577228841830e+00 1.257100000000000000e+04 1.344340645316863265e+04 9.351052535525320453e-01
3.050000000000000000e+02 6.100000000000000533e+00 6.120000000000000107e+00 6.110000000000000320e+00 9.382588465826616542e+00 1.265900000000000000e+04 1.353184959871816136e+04 9.354966523718351024e-01
3.060000000000000000e+02 6.120000000000000107e+00 6.140000000000000568e+00 6.130000000000000782e+00 9.444113416354905866e+00 1.249900000000000000e+04 1.362058272179488449e+04 9.176553055986222951e-01
3.070000000000000000e+02 6.140000000000000568e+00 6.160000000000000142e+00 6.150000000000000355e+00 9.505839428812157266e+00 1.288700000000000000e+04 1.370960582239691212e+04 9.399978501896057992e-01
3.080000000000000000e+02 6.160000000000000142e+00 6.179999999999999716e+00 6.169999999999999929e+00 9.567766503199804262e+00 1.300500000000000000e+04 1.379891890052609233e+04 9.424651375771312400e-01
3.090000000000000000e+02 6.179999999999999716e+00 6.200000000000000178e+00 6.189999999999999503e+00 9.629894639517605270e+00 1.286500000000000000e+04 1.388852195618193036e+04 9.263044721813360471e-01
3.100000000000000000e+02 6.200000000000000178e+00 6.219999999999999751e+00 6.209999999999999964e+00 9.692223837764371908e+00 1.335900000000000000e+04 1.397841498936329845e+04 9.556877521639874917e-01
3.110000000000000000e+02 6.219999999999999751e+00 6.240000000000000213e+00 6.230000000000000426e+00 9.754754097941770397e+00 1.335800000000000000e+04 1.406859800007193371e+04 9.494904893815075964e-01
3.120000000000000000e+02 6.240000000000000213e+00 6.259999999999999787e+00 6.250000000000000000e+00 9.817485420048372546e+00 1.364400000000000000e+04 1.415907098830619543e+04 9.636225435460005206e-01
3.130000000000000000e+02 6.259999999999999787e+00 6.280000000000000249e+00 6.269999999999999574e+00 9.880417804085366740e+00 1.391200000000000000e+04 1.424983395406762611e+04 9.762920778476025241e-01
3.140000000000000000e+02 6.280000000000000249e+00 6.299999999999999822e+00 6.290000000000000036e+00 9.943551250051564594e+00 1.382600000000000000e+04 1.434088689735453227e+04 9.640965791697643228e-01
3.150000000000000000e+02 6.299999999999999822e+00 6.320000000000000284e+00 6.310000000000000497e+00 1.000688575794839430e+01 1.412700000000000000e+04 1.443222981816909669e+04 9.788508205582455712e-01
3.160000000000000000e+02 6.320000000000000284e+00 6.339999999999999858e+00 6.330000000000000071e+00 1.007042132777407062e+01 1.429600000000000000e+04 1.452386271650839262e+04 9.843111491098442967e-01
3.170000000000000000e+02 6.339999999999999858e+00 6.360000000000000320e+00 6.349999999999999645e+00 1.013415795953073584e+01 1.444800000000000000e+04 1.461578559237584886e+04 9.885202481032991928e-01
3.180000000000000000e+02 6.360000000000000320e+00 6.379999999999999893e+00 6.370000000000000107e+00 1.019809565321600786e+01 1.464200000000000000e+04 1.470799844576805299e+04 9.955127513773267545e-01
3.190000000000000000e+02 6.379999999999999893e+00 6.400000000000000355e+00 6.390000000000000568e+00 1.026223440883214977e+01 1.498600000000000000e+04 1.480050127668802816e+04 1.012533273018539459e+00
3.200000000000000000e+02 6.400000000000000355e+00 6.419999999999999929e+00 6.410000000000000142e+00 1.032657422637713829e+01 1.504900000000000000e+04 1.489329408513309318e+04 1.010454766687400419e+00
3.210000000000000000e+02 6.419999999999999929e+00 6.440000000000000391e+00 6.429999999999999716e+00 1.039111510585311393e+01 1.524100000000000000e+04 1.498637687110601291e+04 1.016990306001506195e+00
3.220000000000000000e+02 6.440000000000000391e+00 6.459999999999999964e+00 6.450000000000000178e+00 1.045585704725769993e+01 1.531600000000000000e+04 1.507974963460390791e+04 1.015666729960420733e+00
3.230000000000000000e+02 6.459999999999999964e+00 6.480000000000000426e+00 6.470000000000000639e+00 1.052080005059303502e+01 1.586200000000000000e+04 1.517341237562923561e+04 1.045381197539766216e+00
3.240000000000000000e+02 6.480000000000000426e+00 6.500000000000000000e+00 6.490000000000000213e+00 1.058594411585769279e+01 1.570900000000000000e+04 1.526736509418041715e+04 1.028926727244370731e+00
3.250000000000000000e+02 6.500000000000000000e+00 6.520000000000000462e+00 6.509999999999999787e+00 1.065128924305262359e+01 1.617100000000000000e+04 1.536160779025861484e+04 1.052689290131118449e+00
3.260000000000000000e+02 6.520000000000000462e+00 6.540000000000000036e+00 6.530000000000000249e+00 1.071683543217687884e+01 1.610700000000000000e+04 1.545614046386215341e+04 1.042110094538776677e+00
3.270000000000000000e+02 6.540000000000000036e+00 6.560000000000000497e+00 6.550000000000000711e+00 1.078258268323140712e+01 1.624900000000000000e+04 1.555096311499311741e+04 1.044887051679383561e+00
3.280000000000000000e+02 6.560000000000000497e+00 6.580000000000000071e+00 6.570000000000000284e+00 1.084853099621525807e+01 1.653200000000000000e+04 1.564607574364953871e+04 1.056622776910053130e+00
3.290000000000000000e+02 6.580000000000000071e+00 6.600000000000000533e+00 6.589999999999999858e+00 1.091468037112985989e+01 1.711800000000000000e+04 1.574147834983383109e+04 1.087445513030909083e+00
3.300000000000000000e+02 6.600000000000000533e+00 6.620000000000000107e+00 6.610000000000000320e+00 1.098103080797283049e+01 1.680900000000000000e+04 1.583717093354218196e+04 1.061363804844686065e+00
3.310000000000000000e+02 6.620000000000000107e+00 6.640000000000000568e+00 6.630000000000000782e+00 1.104758230674726782e+01 1.717400000000000000e+04 1.593315349477937343e+04 1.077878274732443797e+00
3.320000000000000000e+02 6.640000000000000568e+00 6.660000000000000142e+00 6.650000000000000355e+00 1.111433486745007393e+01 1.733900000000000000e+04 1.602942603354100174e+04 1.081698119678069725e+00
3.330000000000000000e+02 6.660000000000000142e+00 6.679999999999999716e+00 6.669999999999999929e+00 1.118128849008339287e+01 1.738200000000000000e+04 1.612598854982992998e+04 1.077887408036347416e+00
3.340000000000000000e+02 6.679999999999999716e+00 6.700000000000000178e+00 6.689999999999999503e+00 1.124844317464722288e+01 1.769300000000000000e+04 1.622284104364622362e+04 1.090622780091257349e+00
3.350000000000000000e+02 6.700000000000000178e+00 6.719999999999999751e+00 6.709999999999999964e+00 1.131579892113942520e+01 1.750900000000000000e+04 1.631998351498672309e+04 1.072856475861105885e+00
3.360000000000000000e+02 6.719999999999999751e+00 6.740000000000000213e+00 6.730000000000000426e+00 1.138335572956285269e+01 1.798300000000000000e+04 1.641741596385565208e+04 1.095361172525025628e+00
3.370000000000000000e+02 6.740000000000000213e+00 6.759999999999999787e+00 6.750000000000000000e+00 1.145111359991512678e+01 1.810200000000000000e+04 1.651513839024971458e+04 1.096085274749325933e+00
3.380000000000000000e+02 6.759999999999999787e+00 6.780000000000000249e+00 6.769999999999999574e+00 1.151907253219791372e+01 1.773700000000000000e+04 1.661315079417099332e+04 1.067648167391782588e+00
3.390000000000000000e+02 6.780000000000000249e+00 6.799999999999999822e+00 6.790000000000000036e+00 1.158723252640954549e+01 1.813900000000000000e+04 1.671145317561720731e+04 1.085423260884675889e+00
3.400000000000000000e+02 6.799999999999999822e+00 6.820000000000000284e+00 6.810000000000000497e+00 1.165559358255240419e+01 1.812900000000000000e+04 1.681004553459199451e+04 1.078462277969077343e+00
3.410000000000000000e+02 6.820000000000000284e+00 6.839999999999999858e+00 6.830000000000000071e+00 1.172415570062363344e+01 1.819700000000000000e+04 1.690892787109081110e+04 1.076177043200438721e+00
3.420000000000000000e+02 6.839999999999999858e+00 6.860000000000000320e+00 6.849999999999999645e+00 1.179291888062608962e+01 1.841800000000000000e+04 1.700810018511849194e+04 1.082895784922240923e+00
3.430000000000000000e+02 6.860000000000000320e+00 6.879999999999999893e+00 6.870000000000000107e+00 1.186188312255715438e+01 1.860500000000000000e+04 1.710756247667048956e+04 1.087530735332491671e+00
3.440000000000000000e+02 6.879999999999999893e+00 6.900000000000000355e+00 6.890000000000000568e+00 1.193104842641920627e+01 1.828300000000000000e+04 1.720731474575056563e+04 1.062513254981581667e+00
3.450000000000000000e+02 6.900000000000000355e+00 6.919999999999999929e+00 6.910000000000000142e+00 1.200041479220962870e+01 1.864000000000000000e+04 1.730735699235494394e+04 1.076998643307219838e+00
3.460000000000000000e+02 6.919999999999999929e+00 6.940000000000000391e+00 6.929999999999999716e+00 1.206998221993151610e+01 1.845400000000000000e+04 1.740768921648801552e+04 1.060106242161133805e+00
3.470000000000000000e+02 6.940000000000000391e+00 6.959999999999999964e+00 6.950000000000000178e+00 1.213975070958177227e+01 1.876300000000000000e+04 1.750831141814544389e+04 1.071662455155681704e+00
3.480000000000000000e+02 6.959999999999999964e+00 6.980000000000000426e+00 6.970000000000000639e+00 1.220972026116325715e+01 1.886200000000000000e+04 1.760922359733105986e+04 1.071143193551066908e+00
3.490000000000000000e+02 6.980000000000000426e+00 7.000000000000000000e+00 6.990000000000000213e+00 1.227989087467311080e+01 1.898300000000000000e+04 1.771042575404144009e+04 1.071854525895187038e+00
3.500000000000000000e+02 7.000000000000000000e+00 7.020000000000000462e+00 7.009999999999999787e+00 1.235026255011419138e+01 1.904800000000000000e+04 1.781191788827998244e+04 1.069396351334706230e+00
3.510000000000000000e+02 7.020000000000000462e+00 7.040000000000000036e+00 7.030000000000000249e+00 1.242083528748364252e+01 1.900000000000000000e+04 1.791370000004268513e+04 1.060640738650012294e+00
3.520000000000000000e+02 7.040000000000000036e+00 7.060000000000000497e+00 7.050000000000000711e+00 1.249160908678455684e+01 1.916500000000000000e+04 1.801577208933440852e+04 1.063790100416842632e+00
3.530000000000000000e+02 7.060000000000000497e+00 7.080000000000000071e+00 7.070000000000000284e+00 1.256258394801384348e+01 1.934400000000000000e+04 1.811813415615010308e+04 1.067659607401338473e+00
3.540000000000000000e+02 7.080000000000000071e+00 7.100000000000000533e+00 7.089999999999999858e+00 1.263375987117387922e+01 1.917000000000000000e+04 1.822078620049362144e+04 1.052095106603065489e+00
3.550000000000000000e+02 7.100000000000000533e+00 7.120000000000000107e+00 7.110000000000000320e+00 1.270513685626323586e+01 1.927900000000000000e+04 1.832372822236306820e+04 1.052133046618268342e+00
3.560000000000000000e+02 7.120000000000000107e+00 7.140000000000000568e+00 7.130000000000000782e+00 1.277671490328286907e+01 1.940000000000000000e+04 1.842696022175909457e+04 1.052805224873276213e+00
3.570000000000000000e+02 7.140000000000000568e+00 7.160000000000000142e+00 7.150000000000000355e+00 1.284849401223182319e+01 1.931300000000000000e+04 1.853048219868092201e+04 1.042228679908544509e+00
3.580000000000000000e+02 7.160000000000000142e+00 7.179999999999999716e+00 7.169999999999999929e+00 1.292047418311057783e+01 1.937100000000000000e+04 1.863429415312928541e+04 1.039534947812713384e+00
3.590000000000000000e+02 7.179999999999999716e+00 7.200000000000000178e+00 7.189999999999999503e+00 1.299265541592031958e+01 1.942300000000000000e+04 1.873839608510568360e+04 1.036534819297499910e+00
3.600000000000000000e+02 7.200000000000000178e+00 7.219999999999999751e+00 7.209999999999999964e+00 1.306503771065819208e+01 1.968900000000000000e+04 1.884278799460619848e+04 1.044909065772858581e+00
3.610000000000000000e+02 7.219999999999999751e+00 7.240000000000000213e+00 7.230000000000000426e+00 1.313762106732753132e+01 1.950100000000000000e+04 1.894746988163491551e+04 1.029213933143738657e+00
3.620000000000000000e+02 7.240000000000000213e+00 7.259999999999999787e+00 7.250000000000000000e+00 1.321040548592500130e+01 1.923500000000000000e+04 1.905244174618788020e+04 1.009581882272315490e+00
3.630000000000000000e+02 7.259999999999999787e+00 7.280000000000000249e+00 7.269999999999999574e+00 1.328339096645417428e+01 1.938000000000000000e+04 1.915770358826996744e+04 1.011603499903096059e+00
3.640000000000000000e+02 7.280000000000000249e+00 7.299999999999999822e+00 7.290000000000000036e+00 1.335657750891147977e+01 1.932700000000000000e+04 1.926325540787598948e+04 1.003309128741445733e+00
3.650000000000000000e+02 7.299999999999999822e+00 7.320000000000000284e+00 7.310000000000000497e+00 1.342996511329977238e+01 1.941300000000000000e+04 1.936909720501012271e+04 1.002266641264959013e+00
3.660000000000000000e+02 7.320000000000000284e+00 7.339999999999999858e+00 7.330000000000000071e+00 1.350355377961691161e+01 1.963100000000000000e+04 1.947522897966911478e+04 1.007998417913006373e+00
3.670000000000000000e+02 7.339999999999999858e+00 7.360000000000000320e+00 7.349999999999999645e+00 1.357734350786504152e+01 1.932600000000000000e+04 1.958165073185617803e+04 9.869443728030408147e-01
3.680000000000000000e+02 7.360000000000000320e+00 7.379999999999999893e+00 7.370000000000000107e+00 1.365133429804201448e+01 1.951100000000000000e+04 1.968836246156840571e+04 9.909915077033645270e-01
3.690000000000000000e+02 7.379999999999999893e+00 7.400000000000000355e+00 7.390000000000000568e+00 1.372552615014950206e+01 1.956800000000000000e+04 1.979536416880807883e+04 9.885142719846325976e-01
3.700000000000000000e+02 7.400000000000000355e+00 7.419999999999999929e+00 7.410000000000000142e+00 1.379991906418607250e+01 1.958900000000000000e+04 1.990265585357288001e+04 9.842405025801331808e-01
3.710000000000000000e+02 7.419999999999999929e+00 7.440000000000000391e+00 7.429999999999999716e+00 1.387451304015339559e+01 1.981800000000000000e+04 2.001023751586529397e+04 9.903930417760969940e-01
3.720000000000000000e+02 7.440000000000000391e+00 7.459999999999999964e+00 7.450000000000000178e+00 1.394930807804956174e+01 1.952500000000000000e+04 2.011810915568269411e+04 9.705186431243136846e-01
3.730000000000000000e+02 7.459999999999999964e+00 7.480000000000000426e+00 7.470000000000000639e+00 1.402430417787671857e+01 1.984500000000000000e+04 2.022627077302836187e+04 9.811497246671500028e-01
3.740000000000000000e+02 7.480000000000000426e+00 7.500000000000000000e+00 7.490000000000000213e+00 1.409950133963224594e+01 2.009800000000000000e+04 2.033472236789812086e+04 9.883587115862556560e-01
3.750000000000000000e+02 7.500000000000000000e+00 7.520000000000000462e+00 7.509999999999999787e+00 1.417489956331899847e+01 1.992400000000000000e+04 2.044346394029657313e+04 9.745902190639695872e-01
3.760000000000000000e+02 7.520000000000000462e+00 7.540000000000000036e+00 7.530000000000000249e+00 1.425049884893459762e+01 1.987800000000000000e+04 2.055249549021942585e+04 9.671818203030183581e-01
3.770000000000000000e+02 7.540000000000000036e+00 7.560000000000000497e+00 7.550000000000000711e+00 1.432629919648094763e+01 2.026500000000000000e+04 2.066181701767035338e+04 9.807946698332006275e-01
3.780000000000000000e+02 7.560000000000000497e+00 7.580000000000000071e+00 7.570000000000000284e+00 1.440230060595590444e+01 2.014300000000000000e+04 2.077142852264609974e+04 9.697455318510734834e-01
3.790000000000000000e+02 7.580000000000000071e+00 7.600000000000000533e+00 7.589999999999999858e+00 1.447850307736208997e+01 2.039000000000000000e+04 2.088133000515019012e+04 9.764703682653831374e-01
3.800000000000000000e+02 7.600000000000000533e+00 7.620000000000000107e+00 7.610000000000000320e+00 1.455490661069664426e+01 2.029100000000000000e+04 2.099152146517842266e+04 9.666283615344187785e-01
3.810000000000000000e+02 7.620000000000000107e+00 7.640000000000000568e+00 7.630000000000000782e+00 1.463151120596242549e+01 2.047700000000000000e+04 2.110200290273489372e+04 9.703818208339886064e-01
3.820000000000000000e+02 7.640000000000000568e+00 7.660000000000000142e+00 7.650000000000000355e+00 1.470831686315681353e+01 2.043700000000000000e+04 2.121277431781659106e+04 9.634289081572409152e-01
3.830000000000000000e+02 7.660000000000000142e+00 7.679999999999999716e+00 7.669999999999999929e+00 1.478532358228147814e+01 2.074900000000000000e+04 2.132383571042465701e+04 9.730425745991077013e-01
3.840000000000000000e+02 7.679999999999999716e+00 7.700000000000000178e+00 7.689999999999999503e+00 1.486253136333689184e+01 2.078200000000000000e+04 2.143518708056074320e+04 9.695273440765483919e-01
3.850000000000000000e+02 7.700000000000000178e+00 7.719999999999999751e+00 7.709999999999999964e+00 1.493994020632067610e+01 2.087700000000000000e+04 2.154682842822099701e+04 9.689128991557900417e-01
3.860000000000000000e+02 7.719999999999999751e+00 7.740000000000000213e+00 7.730000000000000426e+00 1.501755011123568728e+01 2.119300000000000000e+04 2.165875975340986042e+04 9.784955482810352434e-01
3.870000000000000000e+02 7.740000000000000213e+00 7.759999999999999787e+00 7.750000000000000000e+00 1.509536107807906724e+01 2.106900000000000000e+04 2.177098105612308791e+04 9.677561128589721173e-01
3.880000000000000000e+02 7.759999999999999787e+00 7.780000000000000249e+00 7.769999999999999574e+00 1.517337310685367413e+01 2.179100000000000000e+04 2.188349233636401186e+04 9.957734197566666667e-01
3.890000000000000000e+02 7.780000000000000249e+00 7.799999999999999822e+00 7.790000000000000036e+00 1.525158619755665157e+01 2.164300000000000000e+04 2.199629359413018756e+04 9.839384943368610914e-01
3.900000000000000000e+02 7.799999999999999822e+00 7.820000000000000284e+00 7.810000000000000497e+00 1.533000035019109397e+01 2.163800000000000000e+04 2.210938482942465271e+04 9.786794235542319864e-01
3.910000000000000000e+02 7.820000000000000284e+00 7.839999999999999858e+00 7.830000000000000071e+00 1.540861556475366889e+01 2.169400000000000000e+04 2.222276604224333641e+04 9.762061103807598839e-01
3.920000000000000000e+02 7.839999999999999858e+00 7.860000000000000320e+00 7.849999999999999645e+00 1.548743184124770700e+01 2.194000000000000000e+04 2.233643723259001854e+04 9.822515458279266198e-01
3.930000000000000000e+02 7.860000000000000320e+00 7.879999999999999893e+00 7.870000000000000107e+00 1.556644917967011565e+01 2.203500000000000000e+04 2.245039840046141035e+04 9.814970588471662039e-01
3.940000000000000000e+02 7.879999999999999893e+00 7.900000000000000355e+00 7.890000000000000568e+00 1.564566758002375124e+01 2.208400000000000000e+04 2.256464954586165913e+04 9.786990023982087283e-01
3.950000000000000000e+02 7.900000000000000355e+00 7.919999999999999929e+00 7.910000000000000142e+00 1.572508704230575738e+01 2.192800000000000000e+04 2.267919066878593731e+04 9.668775363390800237e-01
3.960000000000000000e+02 7.919999999999999929e+00 7.940000000000000391e+00 7.929999999999999716e+00 1.580470756651922670e+01 2.212100000000000000e+04 2.279402176923885418e+04 9.704737594772715470e-01
3.970000000000000000e+02 7.940000000000000391e+00 7.959999999999999964e+00 7.950000000000000178e+00 1.588452915266082854e+01 2.237800000000000000e+04 2.290914284721564763e+04 9.768152457401869659e-01
3.980000000000000000e+02 7.959999999999999964e+00 7.980000000000000426e+00 7.970000000000000639e+00 1.596455180073365732e+01 2.249600000000000000e+04 2.302455390272104705e+04 9.770439025679198419e-01
3.990000000000000000e+02 7.980000000000000426e+00 8.000000000000000000e+00 7.990000000000000213e+00 1.604477551073509645e+01 2.271000000000000000e+04 2.314025493575081782e+04 9.814066466879718398e-01
