bin_index  r_left_A  r_right_A  r_center_A  shell_volume_A3  counts  normalization  g_r
0.000000000000000000e+00 0.000000000000000000e+00 5.000000000000000278e-02 2.500000000000000139e-02 5.235987755982989206e-04 0.000000000000000000e+00 1.825084294974440857e-01 0.000000000000000000e+00
1.000000000000000000e+00 5.000000000000000278e-02 1.000000000000000056e-01 7.500000000000001110e-02 3.665191429188092553e-03 0.000000000000000000e+00 1.277559006482104076e+00 0.000000000000000000e+00
2.000000000000000000e+00 1.000000000000000056e-01 1.500000000000000222e-01 1.250000000000000000e-01 9.948376736367682202e-03 0.000000000000000000e+00 3.467660160451435658e+00 0.000000000000000000e+00
3.000000000000000000e+00 1.500000000000000222e-01 2.000000000000000111e-01 1.750000000000000167e-01 1.937315469713705995e-02 0.000000000000000000e+00 6.752811891405415601e+00 0.000000000000000000e+00
4.000000000000000000e+00 2.000000000000000111e-01 2.500000000000000000e-01 2.250000000000000056e-01 3.193952531149622104e-02 0.000000000000000000e+00 1.113301419934411385e+01 0.000000000000000000e+00
5.000000000000000000e+00 2.500000000000000000e-01 3.000000000000000444e-01 2.750000000000000222e-01 4.764748857944525046e-02 0.000000000000000000e+00 1.660826708426739984e+01 0.000000000000000000e+00
6.000000000000000000e+00 3.000000000000000444e-01 3.500000000000000333e-01 3.250000000000000666e-01 6.649704450098394004e-02 0.000000000000000000e+00 2.317857054617534374e+01 0.000000000000000000e+00
7.000000000000000000e+00 3.500000000000000333e-01 4.000000000000000222e-01 3.750000000000000000e-01 8.848819307611252571e-02 0.000000000000000000e+00 3.084392458506804147e+01 0.000000000000000000e+00
8.000000000000000000e+00 4.000000000000000222e-01 4.500000000000000111e-01 4.250000000000000444e-01 1.136209343048308340e-01 0.000000000000000000e+00 3.960432920094548592e+01 0.000000000000000000e+00
9.000000000000000000e+00 4.500000000000000111e-01 5.000000000000000000e-01 4.749999999999999778e-01 1.418952681871389343e-01 0.000000000000000000e+00 4.945978439380748171e+01 0.000000000000000000e+00
1.000000000000000000e+01 5.000000000000000000e-01 5.500000000000000444e-01 5.250000000000000222e-01 1.733111947230371319e-01 0.000000000000000000e+00 6.041029016365391158e+01 0.000000000000000000e+00
1.100000000000000000e+01 5.500000000000000444e-01 6.000000000000000888e-01 5.750000000000000666e-01 2.078687139125248717e-01 0.000000000000000000e+00 7.245584651048559977e+01 0.000000000000000000e+00
1.200000000000000000e+01 6.000000000000000888e-01 6.500000000000000222e-01 6.250000000000000000e-01 2.455678257556017097e-01 0.000000000000000000e+00 8.559645343430112518e+01 0.000000000000000000e+00
1.300000000000000000e+01 6.500000000000000222e-01 7.000000000000000666e-01 6.750000000000000444e-01 2.864085302522697551e-01 0.000000000000000000e+00 9.983211093510222156e+01 0.000000000000000000e+00
1.400000000000000000e+01 7.000000000000000666e-01 7.500000000000000000e-01 7.250000000000000888e-01 3.303908274025262326e-01 0.000000000000000000e+00 1.151628190128874536e+02 0.000000000000000000e+00
1.500000000000000000e+01 7.500000000000000000e-01 8.000000000000000444e-01 7.750000000000000222e-01 3.775147172063739731e-01 0.000000000000000000e+00 1.315885776676569208e+02 0.000000000000000000e+00
1.600000000000000000e+01 8.000000000000000444e-01 8.500000000000000888e-01 8.250000000000000666e-01 4.277801996638102011e-01 0.000000000000000000e+00 1.491093868994121294e+02 0.000000000000000000e+00
1.700000000000000000e+01 8.500000000000000888e-01 9.000000000000000222e-01 8.750000000000000000e-01 4.811872747748364154e-01 0.000000000000000000e+00 1.677252467081506495e+02 0.000000000000000000e+00
1.800000000000000000e+01 9.000000000000000222e-01 9.500000000000000666e-01 9.250000000000000444e-01 5.377359425394534487e-01 1.000000000000000000e+00 1.874361570938750390e+02 5.335149927872041321e-03
1.900000000000000000e+01 9.500000000000000666e-01 1.000000000000000000e+00 9.750000000000000888e-01 5.974262029576580257e-01 2.100000000000000000e+01 2.082421180565825125e+02 1.008441529311279172e-01
2.000000000000000000e+01 1.000000000000000000e+00 1.050000000000000044e+00 1.024999999999999911e+00 6.602580560294553091e-01 2.600000000000000000e+02 2.301431295962770491e+02 1.129731747613316184e+00
2.100000000000000000e+01 1.050000000000000044e+00 1.100000000000000089e+00 1.075000000000000178e+00 7.262315017548416352e-01 5.900000000000000000e+02 2.531391917129555509e+02 2.330733522563444460e+00
2.200000000000000000e+01 1.100000000000000089e+00 1.150000000000000133e+00 1.125000000000000000e+00 7.953465401338160046e-01 2.200000000000000000e+02 2.772303044066189273e+02 7.935640386460848239e-01
2.300000000000000000e+01 1.150000000000000133e+00 1.200000000000000178e+00 1.175000000000000266e+00 8.676031711663829693e-01 1.470000000000000000e+02 3.024164676772668372e+02 4.860846405919787006e-01
2.400000000000000000e+01 1.200000000000000178e+00 1.250000000000000000e+00 1.225000000000000089e+00 9.430013948525325373e-01 3.000000000000000000e+02 3.286976815248982007e+02 9.126927777775505346e-01
2.500000000000000000e+01 1.250000000000000000e+00 1.300000000000000044e+00 1.274999999999999911e+00 1.021541211192281251e+00 1.010000000000000000e+02 3.560739459495142682e+02 2.836489474978891590e-01
2.600000000000000000e+01 1.300000000000000044e+00 1.350000000000000089e+00 1.325000000000000178e+00 1.103222620185617009e+00 1.090000000000000000e+02 3.845452609511136757e+02 2.834516793430381654e-01
2.700000000000000000e+01 1.350000000000000089e+00 1.400000000000000133e+00 1.375000000000000000e+00 1.188045621832541032e+00 3.090000000000000000e+02 4.141116265296997199e+02 7.461756207847952682e-01
2.800000000000000000e+01 1.400000000000000133e+00 1.450000000000000178e+00 1.425000000000000266e+00 1.276010216133056652e+00 1.090000000000000000e+02 4.447730426852727419e+02 2.450688093458259220e-01
2.900000000000000000e+01 1.450000000000000178e+00 1.500000000000000000e+00 1.475000000000000089e+00 1.367116403087152987e+00 9.000000000000000000e+00 4.765295094178246700e+02 1.888655334481863582e-02
3.000000000000000000e+01 1.500000000000000000e+00 1.550000000000000044e+00 1.524999999999999911e+00 1.461364182694854019e+00 0.000000000000000000e+00 5.093810267273660770e+02 0.000000000000000000e+00
3.100000000000000000e+01 1.550000000000000044e+00 1.600000000000000089e+00 1.575000000000000178e+00 1.558753554956137544e+00 0.000000000000000000e+00 5.433275946138927566e+02 0.000000000000000000e+00
3.200000000000000000e+01 1.600000000000000089e+00 1.650000000000000133e+00 1.625000000000000000e+00 1.659284519871011110e+00 0.000000000000000000e+00 5.783692130774012412e+02 0.000000000000000000e+00
3.300000000000000000e+01 1.650000000000000133e+00 1.700000000000000178e+00 1.675000000000000266e+00 1.762957077439470721e+00 0.000000000000000000e+00 6.145058821178961352e+02 0.000000000000000000e+00
3.400000000000000000e+01 1.700000000000000178e+00 1.750000000000000000e+00 1.725000000000000089e+00 1.869771227661520374e+00 0.000000000000000000e+00 6.517376017353725501e+02 0.000000000000000000e+00
3.500000000000000000e+01 1.750000000000000000e+00 1.800000000000000044e+00 1.774999999999999911e+00 1.979726970537170949e+00 6.000000000000000000e+00 6.900643719298375345e+02 8.694841009137118173e-03
3.600000000000000000e+01 1.800000000000000044e+00 1.850000000000000089e+00 1.825000000000000178e+00 2.092824306066400464e+00 1.500000000000000000e+02 7.294861927012824481e+02 2.056241797319713627e-01
3.700000000000000000e+01 1.850000000000000089e+00 1.900000000000000133e+00 1.875000000000000000e+00 2.209063234249227126e+00 3.170000000000000000e+02 7.700030640497219565e+02 4.116866734695618368e-01
3.800000000000000000e+01 1.900000000000000133e+00 1.950000000000000178e+00 1.925000000000000266e+00 2.328443755085636280e+00 7.000000000000000000e+01 8.116149859751375288e+02 8.624779139076213519e-02
3.900000000000000000e+01 1.950000000000000178e+00 2.000000000000000000e+00 1.975000000000000089e+00 2.450965868575627926e+00 1.000000000000000000e+00 8.543219584775318935e+02 1.170518901073405293e-03
4.000000000000000000e+01 2.000000000000000000e+00 2.050000000000000266e+00 2.025000000000000355e+00 2.576629574719239368e+00 0.000000000000000000e+00 8.981239815569263101e+02 0.000000000000000000e+00
4.100000000000000000e+01 2.050000000000000266e+00 2.100000000000000089e+00 2.075000000000000178e+00 2.705434873516403549e+00 0.000000000000000000e+00 9.430210552132957673e+02 0.000000000000000000e+00
4.200000000000000000e+01 2.100000000000000089e+00 2.149999999999999911e+00 2.125000000000000000e+00 2.837381764967172426e+00 0.000000000000000000e+00 9.890131794466494739e+02 0.000000000000000000e+00
4.300000000000000000e+01 2.149999999999999911e+00 2.200000000000000178e+00 2.174999999999999822e+00 2.972470249071560655e+00 0.000000000000000000e+00 1.036100354256997662e+03 0.000000000000000000e+00
4.400000000000000000e+01 2.200000000000000178e+00 2.250000000000000000e+00 2.225000000000000089e+00 3.110700325829479862e+00 3.000000000000000000e+00 1.084282579644311681e+03 2.766806417736712969e-03
4.500000000000000000e+01 2.250000000000000000e+00 2.300000000000000266e+00 2.275000000000000355e+00 3.252071995241048175e+00 4.900000000000000000e+01 1.133559855608624730e+03 4.322665429404359827e-02
4.600000000000000000e+01 2.300000000000000266e+00 2.350000000000000089e+00 2.325000000000000178e+00 3.396585257306154126e+00 5.370000000000000000e+02 1.183932182149913160e+03 4.535732773349034352e-01
4.700000000000000000e+01 2.350000000000000089e+00 2.400000000000000355e+00 2.375000000000000000e+00 3.544240112024910072e+00 2.212000000000000000e+03 1.235399559268208577e+03 1.790513832877099754e+00
4.800000000000000000e+01 2.400000000000000355e+00 2.450000000000000178e+00 2.425000000000000266e+00 3.695036559397181009e+00 3.904000000000000000e+03 1.287961986963454592e+03 3.031145359502581904e+00
4.900000000000000000e+01 2.450000000000000178e+00 2.500000000000000000e+00 2.475000000000000089e+00 3.848974599423079290e+00 4.738000000000000000e+03 1.341619465235708276e+03 3.531552815661916256e+00
5.000000000000000000e+01 2.500000000000000000e+00 2.550000000000000266e+00 2.525000000000000355e+00 4.006054232102604473e+00 4.752000000000000000e+03 1.396371994084949165e+03 3.403104631236903099e+00
5.100000000000000000e+01 2.550000000000000266e+00 2.600000000000000089e+00 2.575000000000000178e+00 4.166275457435645535e+00 4.165000000000000000e+03 1.452219573511164299e+03 2.868023593656638059e+00
5.200000000000000000e+01 2.600000000000000089e+00 2.650000000000000355e+00 2.625000000000000000e+00 4.329638275422365901e+00 3.131000000000000000e+03 1.509162203514375051e+03 2.074661022326734106e+00
5.300000000000000000e+01 2.650000000000000355e+00 2.700000000000000178e+00 2.675000000000000266e+00 4.496142686062571059e+00 2.098000000000000000e+03 1.567199884094551408e+03 1.338693309827621691e+00
5.400000000000000000e+01 2.700000000000000178e+00 2.750000000000000000e+00 2.725000000000000089e+00 4.665788689356426211e+00 1.325000000000000000e+03 1.626332615251725883e+03 8.147164900796844966e-01
5.500000000000000000e+01 2.750000000000000000e+00 2.800000000000000266e+00 2.775000000000000355e+00 4.838576285303901159e+00 8.820000000000000000e+02 1.686560396985890065e+03 5.229578505319183446e-01
5.600000000000000000e+01 2.800000000000000266e+00 2.850000000000000089e+00 2.825000000000000178e+00 5.014505473904891986e+00 6.280000000000000000e+02 1.747883229297022126e+03 3.592917361262022991e-01
5.700000000000000000e+01 2.850000000000000089e+00 2.900000000000000355e+00 2.875000000000000000e+00 5.193576255159561228e+00 6.060000000000000000e+02 1.810301112185157763e+03 3.347509405595605059e-01
5.800000000000000000e+01 2.900000000000000355e+00 2.950000000000000178e+00 2.925000000000000266e+00 5.375788629067717039e+00 6.920000000000000000e+02 1.873814045650249682e+03 3.693002523950356109e-01
5.900000000000000000e+01 2.950000000000000178e+00 3.000000000000000000e+00 2.975000000000000089e+00 5.561142595629506857e+00 8.710000000000000000e+02 1.938422029692336992e+03 4.493345549411877360e-01
6.000000000000000000e+01 3.000000000000000000e+00 3.050000000000000266e+00 3.025000000000000355e+00 5.749638154844945781e+00 1.179000000000000000e+03 2.004125064311444248e+03 5.882866398884483150e-01
6.100000000000000000e+01 3.050000000000000266e+00 3.100000000000000089e+00 3.075000000000000178e+00 5.941275306713886373e+00 1.581000000000000000e+03 2.070923149507500966e+03 7.634276532067292287e-01
6.200000000000000000e+01 3.100000000000000089e+00 3.150000000000000355e+00 3.125000000000000000e+00 6.136054051236490281e+00 2.042000000000000000e+03 2.138816285280562170e+03 9.547337067017599432e-01
6.300000000000000000e+01 3.150000000000000355e+00 3.200000000000000178e+00 3.175000000000000266e+00 6.333974388412610068e+00 2.126000000000000000e+03 2.207804471630571243e+03 9.629475921977118658e-01
6.400000000000000000e+01 3.200000000000000178e+00 3.250000000000000000e+00 3.225000000000000089e+00 6.535036318242334552e+00 1.872000000000000000e+03 2.277887708557591395e+03 8.218139959082494395e-01
6.500000000000000000e+01 3.250000000000000000e+00 3.300000000000000266e+00 3.275000000000000355e+00 6.739239840725753439e+00 1.927000000000000000e+03 2.349065996061621263e+03 8.203260373402683214e-01
6.600000000000000000e+01 3.300000000000000266e+00 3.350000000000000089e+00 3.325000000000000178e+00 6.946584955862598498e+00 1.887000000000000000e+03 2.421339334142578991e+03 7.793207558279748870e-01
6.700000000000000000e+01 3.350000000000000089e+00 3.400000000000000355e+00 3.375000000000000000e+00 7.157071663653167271e+00 1.827000000000000000e+03 2.494707722800572810e+03 7.323503203609758039e-01
6.800000000000000000e+01 3.400000000000000355e+00 3.450000000000000178e+00 3.425000000000000266e+00 7.370699964097251033e+00 1.794000000000000000e+03 2.569171162035535417e+03 6.982796734253498006e-01
6.900000000000000000e+01 3.450000000000000178e+00 3.500000000000000000e+00 3.475000000000000089e+00 7.587469857194911071e+00 1.777000000000000000e+03 2.644729651847446348e+03 6.719023242162753817e-01
7.000000000000000000e+01 3.500000000000000000e+00 3.550000000000000266e+00 3.525000000000000355e+00 7.807381342946263736e+00 1.747000000000000000e+03 2.721383192236410650e+03 6.419529616350461154e-01
7.100000000000000000e+01 3.550000000000000266e+00 3.600000000000000089e+00 3.575000000000000178e+00 8.030434421351102969e+00 1.782000000000000000e+03 2.799131783202286897e+03 6.366259747732709862e-01
7.200000000000000000e+01 3.600000000000000089e+00 3.650000000000000355e+00 3.625000000000000000e+00 8.256629092409607296e+00 2.050000000000000000e+03 2.877975424745219243e+03 7.123062908646907720e-01
7.300000000000000000e+01 3.650000000000000355e+00 3.700000000000000178e+00 3.675000000000000266e+00 8.485965356121596415e+00 2.160000000000000000e+03 2.957914116865072629e+03 7.302443257849767777e-01
7.400000000000000000e+01 3.700000000000000178e+00 3.750000000000000000e+00 3.725000000000000089e+00 8.718443212487249738e+00 2.504000000000000000e+03 3.038947859561947098e+03 8.239693853651514077e-01
7.500000000000000000e+01 3.750000000000000000e+00 3.800000000000000266e+00 3.775000000000000355e+00 8.954062661506567267e+00 2.847000000000000000e+03 3.121076652835820369e+03 9.121852221774836567e-01
7.600000000000000000e+01 3.800000000000000266e+00 3.850000000000000089e+00 3.825000000000000178e+00 9.192823703179280770e+00 3.201000000000000000e+03 3.204300496686628776e+03 9.989699790359731768e-01
7.700000000000000000e+01 3.850000000000000089e+00 3.900000000000000355e+00 3.875000000000000000e+00 9.434726337505809468e+00 3.876000000000000000e+03 3.288619391114482823e+03 1.178610091052968878e+00
7.800000000000000000e+01 3.900000000000000355e+00 3.950000000000000178e+00 3.925000000000000266e+00 9.679770564485702167e+00 4.353000000000000000e+03 3.374033336119234718e+03 1.290147300384043794e+00
7.900000000000000000e+01 3.950000000000000178e+00 4.000000000000000000e+00 3.975000000000000089e+00 9.927956384119321243e+00 4.699000000000000000e+03 3.460542331701048170e+03 1.357879647058148009e+00
8.000000000000000000e+01 4.000000000000000000e+00 4.049999999999999822e+00 4.025000000000000355e+00 1.017928379640648373e+01 5.089000000000000000e+03 3.548146377859805398e+03 1.434270026669423048e+00
8.100000000000000000e+01 4.049999999999999822e+00 4.100000000000000533e+00 4.075000000000000178e+00 1.043375280134743122e+01 5.379000000000000000e+03 3.636845474595612814e+03 1.479029020499723179e+00
8.200000000000000000e+01 4.100000000000000533e+00 4.150000000000000355e+00 4.125000000000000000e+00 1.069136339894165388e+01 5.737000000000000000e+03 3.726639621908304434e+03 1.539456610259043012e+00
8.300000000000000000e+01 4.150000000000000355e+00 4.200000000000000178e+00 4.175000000000000711e+00 1.095211558918957273e+01 5.760000000000000000e+03 3.817528819798039422e+03 1.508829473697260504e+00
8.400000000000000000e+01 4.200000000000000178e+00 4.250000000000000000e+00 4.224999999999999645e+00 1.121600937209112558e+01 6.096000000000000000e+03 3.909513068264731828e+03 1.559273467963046667e+00
8.500000000000000000e+01 4.250000000000000000e+00 4.299999999999999822e+00 4.275000000000000355e+00 1.148304474764625205e+01 6.394000000000000000e+03 4.002592367308421672e+03 1.597464696186312150e+00
8.600000000000000000e+01 4.299999999999999822e+00 4.350000000000000533e+00 4.325000000000000178e+00 1.175322171585519371e+01 6.638000000000000000e+03 4.096766716929180802e+03 1.620302169652377611e+00
8.700000000000000000e+01 4.350000000000000533e+00 4.400000000000000355e+00 4.375000000000000000e+00 1.202654027671729331e+01 6.978000000000000000e+03 4.192036117126771387e+03 1.664584895032520162e+00
8.800000000000000000e+01 4.400000000000000355e+00 4.450000000000000178e+00 4.425000000000000711e+00 1.230300043023314593e+01 7.581000000000000000e+03 4.288400567901422619e+03 1.767791949460973067e+00
8.900000000000000000e+01 4.450000000000000178e+00 4.500000000000000000e+00 4.474999999999999645e+00 1.258260217640269296e+01 7.733000000000000000e+03 4.385860069253059009e+03 1.763166147094378466e+00
9.000000000000000000e+01 4.500000000000000000e+00 4.549999999999999822e+00 4.525000000000000355e+00 1.286534551522575498e+01 8.269000000000000000e+03 4.484414621181703296e+03 1.843941896215878451e+00
9.100000000000000000e+01 4.549999999999999822e+00 4.600000000000000533e+00 4.575000000000000178e+00 1.315123044670263042e+01 8.371000000000000000e+03 4.584064223687370031e+03 1.826108795933592210e+00
9.200000000000000000e+01 4.600000000000000533e+00 4.650000000000000355e+00 4.625000000000000000e+00 1.344025697083272242e+01 8.587000000000000000e+03 4.684808876769906419e+03 1.832945638952209633e+00
9.300000000000000000e+01 4.650000000000000355e+00 4.700000000000000178e+00 4.675000000000000711e+00 1.373242508761651060e+01 8.309000000000000000e+03 4.786648580429465255e+03 1.735870068668066812e+00
9.400000000000000000e+01 4.700000000000000178e+00 4.750000000000000000e+00 4.724999999999999645e+00 1.402773479705399140e+01 8.161000000000000000e+03 4.889583334666023802e+03 1.669058371935371765e+00
9.500000000000000000e+01 4.750000000000000000e+00 4.800000000000000711e+00 4.775000000000000355e+00 1.432618609914528740e+01 7.822000000000000000e+03 4.993613139479663005e+03 1.566400876783790252e+00
9.600000000000000000e+01 4.800000000000000711e+00 4.850000000000000533e+00 4.825000000000001066e+00 1.462777899388962055e+01 7.560000000000000000e+03 5.098737994870101829e+03 1.482719843146716343e+00
9.700000000000000000e+01 4.850000000000000533e+00 4.900000000000000355e+00 4.875000000000000000e+00 1.493251348128782752e+01 7.089000000000000000e+03 5.204957900837588568e+03 1.361970670091150692e+00
9.800000000000000000e+01 4.900000000000000355e+00 4.950000000000000178e+00 4.925000000000000711e+00 1.524038956133960809e+01 6.710000000000000000e+03 5.312272857382085931e+03 1.263112829506788604e+00
9.900000000000000000e+01 4.950000000000000178e+00 5.000000000000000000e+00 4.974999999999999645e+00 1.555140723404502445e+01 6.431000000000000000e+03 5.420682864503563906e+03 1.186381893342687288e+00
1.000000000000000000e+02 5.000000000000000000e+00 5.050000000000000711e+00 5.025000000000000355e+00 1.586556649940425423e+01 6.092000000000000000e+03 5.530187922202129812e+03 1.101590051857434194e+00
1.010000000000000000e+02 5.050000000000000711e+00 5.100000000000000533e+00 5.075000000000001066e+00 1.618286735741658333e+01 5.883000000000000000e+03 5.640788030477508073e+03 1.042939385102543470e+00
1.020000000000000000e+02 5.100000000000000533e+00 5.150000000000000355e+00 5.125000000000000000e+00 1.650330980808278269e+01 5.726000000000000000e+03 5.752483189329968809e+03 9.953962161281773025e-01
1.030000000000000000e+02 5.150000000000000355e+00 5.200000000000000178e+00 5.175000000000000711e+00 1.682689385140238159e+01 5.422000000000000000e+03 5.865273398759344673e+03 9.244240858656123105e-01
1.040000000000000000e+02 5.200000000000000178e+00 5.250000000000000000e+00 5.224999999999999645e+00 1.715361948737584896e+01 5.217000000000000000e+03 5.979158658765760265e+03 8.725307853056557539e-01
1.050000000000000000e+02 5.250000000000000000e+00 5.300000000000000711e+00 5.275000000000000355e+00 1.748348671600307469e+01 5.448000000000000000e+03 6.094138969349290164e+03 8.939737061135180074e-01
1.060000000000000000e+02 5.300000000000000711e+00 5.350000000000000533e+00 5.325000000000001066e+00 1.781649553728321678e+01 5.545000000000000000e+03 6.210214330509485990e+03 8.928838369971504596e-01
1.070000000000000000e+02 5.350000000000000533e+00 5.400000000000000355e+00 5.375000000000000000e+00 1.815264595121735169e+01 5.602000000000000000e+03 6.327384742246866153e+03 8.853578892708078296e-01
1.080000000000000000e+02 5.400000000000000355e+00 5.450000000000000178e+00 5.425000000000000711e+00 1.849193795780512417e+01 5.682000000000000000e+03 6.445650204561202372e+03 8.815247212731444071e-01
1.090000000000000000e+02 5.450000000000000178e+00 5.500000000000000000e+00 5.474999999999999645e+00 1.883437155704628907e+01 5.837000000000000000e+03 6.565010717452533754e+03 8.891074594109682483e-01
1.100000000000000000e+02 5.500000000000000000e+00 5.550000000000000711e+00 5.525000000000000355e+00 1.917994674894156759e+01 6.018000000000000000e+03 6.685466280920957615e+03 9.001615963832203526e-01
1.110000000000000000e+02 5.550000000000000711e+00 5.600000000000000533e+00 5.575000000000001066e+00 1.952866353348964523e+01 6.165000000000000000e+03 6.807016894966111977e+03 9.056830760269020120e-01
1.120000000000000000e+02 5.600000000000000533e+00 5.650000000000000355e+00 5.625000000000000000e+00 1.988052191069171570e+01 6.334000000000000000e+03 6.929662559588402473e+03 9.140416211516390055e-01
1.130000000000000000e+02 5.650000000000000355e+00 5.700000000000000178e+00 5.675000000000000711e+00 2.023552188054742018e+01 6.331000000000000000e+03 7.053403274787687224e+03 8.975808915718870296e-01
1.140000000000000000e+02 5.700000000000000178e+00 5.750000000000000000e+00 5.724999999999999645e+00 2.059366344305664143e+01 6.377000000000000000e+03 7.178239040563919843e+03 8.883794429196140152e-01
1.150000000000000000e+02 5.750000000000000000e+00 5.800000000000000711e+00 5.775000000000000355e+00 2.095494659821985195e+01 6.456000000000000000e+03 7.304169856917293146e+03 8.838786784080537862e-01
1.160000000000000000e+02 5.800000000000000711e+00 5.850000000000000533e+00 5.825000000000001066e+00 2.131937134603586514e+01 6.497000000000000000e+03 7.431195723847414229e+03 8.742872939210184491e-01
1.170000000000000000e+02 5.850000000000000533e+00 5.900000000000000355e+00 5.875000000000000000e+00 2.168693768650587117e+01 6.455000000000000000e+03 7.559316641354596868e+03 8.539131652042150078e-01
1.180000000000000000e+02 5.900000000000000355e+00 5.950000000000000178e+00 5.925000000000000711e+00 2.205764561962939041e+01 6.607000000000000000e+03 7.688532609438779218e+03 8.593317263022279828e-01
1.190000000000000000e+02 5.950000000000000178e+00 6.000000000000000000e+00 5.974999999999999645e+00 2.243149514540666445e+01 6.803000000000000000e+03 7.818843628099980378e+03 8.700775106373580536e-01
1.200000000000000000e+02 6.000000000000000000e+00 6.050000000000000711e+00 6.025000000000000355e+00 2.280848626383781053e+01 7.119000000000000000e+03 7.950249697338245824e+03 8.954435736003928392e-01
1.210000000000000000e+02 6.050000000000000711e+00 6.100000000000000533e+00 6.075000000000001066e+00 2.318861897492175927e+01 7.398000000000000000e+03 8.082750817153280877e+03 9.152824536295122160e-01
1.220000000000000000e+02 6.100000000000000533e+00 6.150000000000000355e+00 6.125000000000000000e+00 2.357189327865981809e+01 7.690000000000000000e+03 8.216346987545464799e+03 9.359390507310226814e-01
1.230000000000000000e+02 6.150000000000000355e+00 6.200000000000000178e+00 6.175000000000000711e+00 2.395830917505127289e+01 7.711000000000000000e+03 8.351038208514564758e+03 9.233582468989312009e-01
1.240000000000000000e+02 6.200000000000000178e+00 6.250000000000000000e+00 6.224999999999999645e+00 2.434786666409636169e+01 7.943000000000000000e+03 8.486824480060584392e+03 9.359213235364680639e-01
1.250000000000000000e+02 6.250000000000000000e+00 6.300000000000000711e+00 6.275000000000000355e+00 2.474056574579556056e+01 8.441000000000000000e+03 8.623705802183840206e+03 9.788135395182924192e-01
1.260000000000000000e+02 6.300000000000000711e+00 6.350000000000000533e+00 6.325000000000001066e+00 2.513640642014756210e+01 8.650000000000000000e+03 8.761682174883819243e+03 9.872533410075103877e-01
1.270000000000000000e+02 6.350000000000000533e+00 6.400000000000000355e+00 6.375000000000000000e+00 2.553538868715331844e+01 9.125000000000000000e+03 8.900753598160821639e+03 1.025194091642477767e+00
1.280000000000000000e+02 6.400000000000000355e+00 6.450000000000000178e+00 6.425000000000000711e+00 2.593751254681282603e+01 9.576000000000000000e+03 9.040920072014820107e+03 1.059184233874764791e+00
1.290000000000000000e+02 6.450000000000000178e+00 6.500000000000000000e+00 6.474999999999999645e+00 2.634277799912585039e+01 9.868000000000000000e+03 9.182181596445860123e+03 1.074690137234880938e+00
1.300000000000000000e+02 6.500000000000000000e+00 6.550000000000000711e+00 6.525000000000000355e+00 2.675118504409310560e+01 1.012700000000000000e+04 9.324538171454052645e+03 1.086059149932228074e+00
1.310000000000000000e+02 6.550000000000000711e+00 6.600000000000000533e+00 6.575000000000001066e+00 2.716273368171292191e+01 1.059900000000000000e+04 9.467989797038930192e+03 1.119456212692031771e+00
1.320000000000000000e+02 6.600000000000000533e+00 6.650000000000000355e+00 6.625000000000000000e+00 2.757742391198649301e+01 1.080400000000000000e+04 9.612536473200785622e+03 1.123948921298862924e+00
1.330000000000000000e+02 6.650000000000000355e+00 6.700000000000000178e+00 6.675000000000000711e+00 2.799525573491429498e+01 1.094700000000000000e+04 9.758178199939866317e+03 1.121828252743679144e+00
1.340000000000000000e+02 6.700000000000000178e+00 6.750000000000000000e+00 6.724999999999999645e+00 2.841622915049513409e+01 1.113700000000000000e+04 9.904914977255744816e+03 1.124391277014839874e+00
1.350000000000000000e+02 6.750000000000000000e+00 6.800000000000000711e+00 6.775000000000000355e+00 2.884034415873020407e+01 1.111000000000000000e+04 1.005274680514881766e+04 1.105170578285098903e+00
1.360000000000000000e+02 6.800000000000000711e+00 6.850000000000000533e+00 6.825000000000001066e+00 2.926760075961807317e+01 1.115100000000000000e+04 1.020167368361859189e+04 1.093055938253131520e+00
1.370000000000000000e+02 6.850000000000000533e+00 6.900000000000000355e+00 6.875000000000000000e+00 2.969799895315993865e+01 1.105200000000000000e+04 1.035169561266551682e+04 1.067651176535527879e+00
1.380000000000000000e+02 6.900000000000000355e+00 6.950000000000000178e+00 6.925000000000000711e+00 3.013153873935507576e+01 1.120700000000000000e+04 1.050281259228935414e+04 1.067047507657865379e+00
1.390000000000000000e+02 6.950000000000000178e+00 7.000000000000000000e+00 6.974999999999999645e+00 3.056822011820420926e+01 1.119600000000000000e+04 1.065502462249028576e+04 1.050771856159566253e+00
1.400000000000000000e+02 7.000000000000000000e+00 7.050000000000000711e+00 7.025000000000000355e+00 3.100804308970733203e+01 1.134400000000000000e+04 1.080833170326831896e+04 1.049560682576914372e+00
1.410000000000000000e+02 7.050000000000000711e+00 7.100000000000000533e+00 7.075000000000001066e+00 3.145100765386278141e+01 1.141700000000000000e+04 1.096273383462284619e+04 1.041437306809591234e+00
1.420000000000000000e+02 7.100000000000000533e+00 7.150000000000000355e+00 7.125000000000000000e+00 3.189711381067269613e+01 1.153100000000000000e+04 1.111823101655481150e+04 1.037125418857602899e+00
1.430000000000000000e+02 7.150000000000000355e+00 7.200000000000000178e+00 7.175000000000000711e+00 3.234636156013613117e+01 1.123600000000000000e+04 1.127482324906364011e+04 9.965566423343386049e-01
1.440000000000000000e+02 7.200000000000000178e+00 7.250000000000000000e+00 7.224999999999999645e+00 3.279875090225284140e+01 1.155600000000000000e+04 1.143251053214931562e+04 1.010801605430707406e+00
1.450000000000000000e+02 7.250000000000000000e+00 7.300000000000000711e+00 7.275000000000000355e+00 3.325428183702401697e+01 1.153800000000000000e+04 1.159129286581231645e+04 9.954023363546011804e-01
1.460000000000000000e+02 7.300000000000000711e+00 7.350000000000000533e+00 7.325000000000001066e+00 3.371295436444751914e+01 1.146700000000000000e+04 1.175117025005188952e+04 9.758177063215780489e-01
1.470000000000000000e+02 7.350000000000000533e+00 7.400000000000000355e+00 7.375000000000000000e+00 3.417476848452525218e+01 1.162800000000000000e+04 1.191214268486860965e+04 9.761468031079293395e-01
1.480000000000000000e+02 7.400000000000000355e+00 7.450000000000000178e+00 7.425000000000000711e+00 3.463972419725649843e+01 1.168300000000000000e+04 1.207421017026238042e+04 9.675995228883879085e-01
1.490000000000000000e+02 7.450000000000000178e+00 7.500000000000000000e+00 7.474999999999999645e+00 3.510782150264149948e+01 1.159400000000000000e+04 1.223737270623310724e+04 9.474255854031964352e-01
1.500000000000000000e+02 7.500000000000000000e+00 7.550000000000000711e+00 7.525000000000000355e+00 3.557906040068048981e+01 1.193600000000000000e+04 1.240163029278097929e+04 9.624541062918136047e-01
1.510000000000000000e+02 7.550000000000000711e+00 7.600000000000000533e+00 7.575000000000001066e+00 3.605344089137204833e+01 1.204600000000000000e+04 1.256698292990546724e+04 9.585435157498549685e-01
1.520000000000000000e+02 7.600000000000000533e+00 7.650000000000000355e+00 7.625000000000000000e+00 3.653096297471759613e+01 1.206800000000000000e+04 1.273343061760717501e+04 9.477414502351746428e-01
1.530000000000000000e+02 7.650000000000000355e+00 7.700000000000000178e+00 7.675000000000000711e+00 3.701162665071665714e+01 1.253700000000000000e+04 1.290097335588573333e+04 9.717871399432291835e-01
1.540000000000000000e+02 7.700000000000000178e+00 7.750000000000000000e+00 7.724999999999999645e+00 3.749543191936971454e+01 1.271900000000000000e+04 1.306961114474146598e+04 9.731735595758307378e-01
1.550000000000000000e+02 7.750000000000000000e+00 7.800000000000000711e+00 7.775000000000000355e+00 3.798237878067676121e+01 1.296000000000000000e+04 1.323934398417431839e+04 9.789004663291298591e-01
1.560000000000000000e+02 7.800000000000000711e+00 7.850000000000000533e+00 7.825000000000001066e+00 3.847246723463612739e+01 1.302600000000000000e+04 1.341017187418367030e+04 9.713522035520475439e-01
1.570000000000000000e+02 7.850000000000000533e+00 7.900000000000000355e+00 7.875000000000000000e+00 3.896569728124948995e+01 1.323600000000000000e+04 1.358209481477017471e+04 9.745183037307466600e-01
1.580000000000000000e+02 7.900000000000000355e+00 7.950000000000000178e+00 7.925000000000000711e+00 3.946206892051684889e+01 1.330300000000000000e+04 1.375511280593383344e+04 9.671312905744549049e-01
1.590000000000000000e+02 7.950000000000000178e+00 8.000000000000000000e+00 7.974999999999999645e+00 3.996158215243772105e+01 1.336600000000000000e+04 1.392922584767446460e+04 9.595651722619963353e-01
