0.0000000000
95.1935716666
59.4626861305
86.8555307967
50.5818776723
35.9485091451
57.4531667935
97.8003190882
75.2946455501
69.3651156941
91.5264657605
58.8663798713
98.3477428679
66.5943228681
82.8998740577
84.3365463079
58.9642176225
38.3123087987
97.9213926151
83.8440988453
81.3236083107
61.6933023944
90.8336401677
55.0564556480
81.6790715008
81.5487244972
95.6855710806
99.5431309030
75.5312478454
26.7230345899
65.8003575187
88.3532160973
93.7289641505
83.1477152194
66.6749527918
47.9031431470
63.3771462434
66.9858194574
63.7991327287
72.8520000096
91.5906415069
66.7571421003
33.5972027685
91.9733321214
71.9655885527
58.3465876382
68.2909291997
45.5127385680
20.1387369168
48.9208811646
66.1932051566
51.4208260978
97.9529712566
86.3784882995
68.1715160883
48.1026044720
35.2463950152
91.5636845433
43.4165513191
32.0130591473
60.8616413477
28.8572971851
10.3649751157
78.2082604584
90.1393631232
60.5616113086
65.7307211015
70.3434517901
83.6630809330
91.3036701395
27.0023627753
56.7423044204
56.1527075949
92.7034423865
56.0883548881
84.2734210283
30.4834105360
87.6912945630
59.7424717773
61.7710287873
63.6983368526
31.0683235591
93.2648711365
73.6762249554
86.5545506938
59.2854559231
69.0850564490
35.8568355136
63.4241285952
44.8641279679
38.4029551815
87.0386270522
91.0413251298
90.7569284730
88.3529845428
47.8422681508
61.8395664188
57.7063864210
85.3350157253
75.4177635340
