42.5476101498
-19.7684653203
-5.1189576232
-39.5196470287
11.8559293280
4.3701378706
5.7483929753
12.8410228751
12.8353474468
1.2062360283
-1.8456525923
-12.8057951385
-6.2739001601
-19.3233722896
40.6666989891
21.5735847297
-26.5372056678
-27.9661767600
-23.2481028819
43.9183565183
-8.0718310099
6.2150587998
-30.8738139240
6.3849647101
12.3961883574
10.1619041146
-0.6037607392
-21.0476257399
14.4930136327
-7.1429438876
17.5867422315
0.7921005259
-35.9465392191
9.8752451819
-18.6835110358
3.7089149024
-16.0773984895
18.7559765071
29.3158365289
56.7616064001
31.7334978196
8.7239301282
-47.1782224291
-16.3996776717
-8.9362381046
-16.6383729506
-14.2227987375
33.0647047387
-3.9273951739
3.1026947319
-32.4782928327
-5.9126934218
8.9971036931
13.4033847685
-14.8187459797
0.1927724550
-9.6430838792
21.1481861228
-0.9135767474
-15.8370857254
6.4212146404
0.9997730553
27.6625069584
-59.3205320175
-4.5027562408
12.8236360950
38.2535687914
-14.3992386239
2.0584325328
18.2995480358
8.2690871244
-28.6108797968
-9.0211181306
-51.2414756870
1.0311657867
10.2405501819
-94.5107297035
27.6295370604
-30.1937835400
16.9621723791
-7.5915043133
10.5399058990
126.4110312770
-4.9613903738
21.4995610651
-25.2346308455
48.5098752239
41.4726762098
21.3561681564
-39.7848102471
-53.3128267563
8.6500191184
-18.9500118813
-26.3941839268
-34.1536090549
-3.2977285830
12.6048878239
6.7176460771
14.8074722028
18.4937850027
26.4002435671
-19.2495134567
-14.8381285278
24.6196390195
27.6319798899
1.9333655890
2.5190897082
24.5516002874
16.7158758685
-18.3802693223
-62.0653439194
21.4268726559
6.1274323693
8.3228495338
-23.0895158105
-66.3004751388
44.7350976049
14.2342859656
56.5313578566
-16.5297061683
-19.7077515193
17.3582273854
-14.9990149421
-13.4898123151
-44.9354084422
-1.7958639314
8.4244000927
6.8127634563
7.4110574750
6.2672630160
29.3328521411
-16.0937583325
31.1184016398
-68.3538583667
-11.9786518669
-23.6134790322
2.0923534742
-20.4351573806
-3.3991736022
61.5120287963
30.6217589763
-40.3721471081
-39.3052543463
36.4505720349
22.1113570534
24.9387614968
-13.3246616216
33.8774376876
33.5461508679
-29.4765581115
-17.5992516533
-28.1153921411
6.9738004722
22.2244695483
45.5719825486
99.8697724096
3.4612333312
6.0970559025
-37.9246145182
-62.9542872210
-19.0977710514
-1.9928639045
49.0338135430
-25.5978629978
-66.1139413859
-35.3457596806
35.3456873444
1.7304862232
-3.7023785546
-3.5945015415
6.0848927458
37.3468877012
-16.1582478468
-1.0178286489
-32.8511931352
-23.1333076806
-27.9112664579
14.8187424222
-5.7260980052
-38.9740837389
13.7616518105
27.9373015660
61.5633068717
6.8432513921
-63.2208532877
53.8966630187
4.4298271062
15.0410185662
-15.7106621812
17.5937991628
23.9130339704
-30.2630721471
3.5658955332
13.0107924138
26.7129364221
37.6611838113
-15.3003415247
-40.2944378541
-39.1522976413
13.0741008318
25.5681197693
-36.7348391291
-8.1619880221
-15.2234066239
-20.5099897878
24.1758290672
79.9951993488
1.1979280362
9.7413366182
-13.4111460886
33.5849491675
-23.2181521314
-51.3481621171
5.0816451805
9.3369937790
-7.3123707187
30.2261617041
-88.9088306075
35.1494059901
-43.2718344035
16.2872126452
-5.8565249439
8.5845951626
66.1646241698
-39.1269017007
22.8054206630
-13.0927612036
14.9142238541
-14.0092574880
3.7482527591
-5.8637467070
-15.3136822200
23.0515891030
-27.8110262517
5.3044371647
-18.1133901940
17.5446105367
-85.9493236341
-15.3629514832
11.1065178415
47.1835231320
-30.3267458038
26.1352926139
37.8738012918
44.2912212456
-38.7880978438
16.0064852822
-5.5697414981
28.2137812517
1.3102187442
-14.4663014101
18.4664514002
-30.1050791814
12.2618161303
-42.0075088371
34.9908568656
-12.9711794424
-12.2428628562
-29.2800467043
17.9087866174
37.4672029858
-4.7275522939
6.5878179874
-28.8852771481
-3.9851657211
-3.0568145983
-14.0195138146
-33.3742325878
5.1421301145
22.9381078120
-5.2159154253
7.7987036928
-18.0801688979
39.4203649809
-20.6689859738
4.7433536064
18.3493117941
-29.7992274350
12.0226536307
-44.1613148905
-2.0443376435
-10.4839793324
24.6021787175
26.7149120308
-1.9624305173
19.0122127252
54.5106053767
-0.9053849675
-14.6029516350
7.9891803623
-39.2221922124
-6.8819370369
-65.5510162187
38.7411777289
-31.7986691917
-9.8727466179
13.2899426102
23.0112800437
-1.6907416236
-14.1534626969
33.7880313119
17.8396806296
-8.5320268936
-19.1464545099
1.1632327415
19.2848609631
-18.6226241022
-26.5324777253
-49.7728216588
-20.9413911147
10.9038376967
31.8326933011
21.2691951235
8.6690399854
42.2266436920
36.1172989339
14.6046343413
-7.0109955167
-12.1914839844
53.7893374210
-42.3666937190
0.8970188692
1.0836403743
-3.5981871310
-7.8149295359
-63.6278346200
49.3261313021
7.5567532842
-45.2196541913
10.4535850779
-15.5042110665
-9.8089140588
32.8398873405
3.3414599753
54.6866290333
-45.3176235146
17.4202942294
8.2961788156
-5.1185449510
-32.1308098159
0.4183132153
-7.6162124670
16.7837213088
5.3993576945
-15.1390839425
0.4952860630
-14.2147990637
13.3090654594
20.1974925964
-66.3178453171
-13.5730499533
-5.4933188800
-6.3188173920
-11.3483212059
-11.3797506983
74.1893749764
20.8735290726
-75.6888288162
21.5904651562
-15.2531213923
20.6884467873
6.8994056399
7.3942221104
20.3543127668
10.3245455715
67.7891793427
31.6789812163
-34.5450060833
-45.9954043609
-32.7795281055
-47.0635612277
-14.1219893284
15.0640961904
38.2804019696
-2.7370351659
14.1213122140
1.6627807120
17.8726410409
40.5670303576
-68.6510878734
-6.8254519399
-6.5118637760
55.9340860316
51.5775070509
4.6590285533
9.4833726319
-36.2066365309
59.4980569471
-10.0403697870
13.9763207935
-3.5041358216
35.6984390465
4.6181147159
10.8792837022
-30.3624217877
-1.0034289987
-11.3043692475
-1.7907754937
-11.8965336614
13.1445740927
-18.4662664092
41.4561088449
23.6640574623
10.9649914442
-29.6193794456
-124.5304545231
20.0810004586
-41.0251142610
-29.2275472141
53.0331903656
-7.1874152438
-30.1198618577
-24.9792792638
8.6229606307
25.7681886953
4.8137948496
52.9840017395
43.2630224295
-39.8853350548
-56.6391234008
23.3514416869
31.8024887810
4.2804575659
-24.2573828132
-6.1391093318
-29.6336913436
-3.2935046224
-28.3185798252
33.0796427600
-18.0987130574
21.7729409661
19.6173846135
-20.2117594324
38.3083261202
-3.5995437315
39.2986029721
-55.9778055655
-19.8267054600
7.6081108109
6.0927928092
13.7364871086
-34.7796552775
-23.7337184230
-23.1799514950
-0.4495304425
26.3864925712
26.2480185251
21.5596736455
-1.5058751611
-16.4508762959
16.0917483344
-22.4187752939
-24.5246805429
-1.4582328699
-0.9639796732
-2.9966273100
-15.0446021734
21.7124311295
25.4696606942
-18.2683734989
22.9049066752
-10.8159586824
0.2313252858
-17.8168295008
0.6364152039
-2.0507020445
-11.8906175077
6.3690104243
30.5180169858
-11.1725086287
2.1998308594
-3.7828792750
50.6966772637
-4.2489652240
-16.0255832287
19.3637596143
-42.1097910591
10.1403585951
-65.1649815569
44.3954850055
16.8461688073
-42.0008882947
15.6303962570
-27.5050179745
-0.3255058517
33.8370752655
9.8448687151
46.0883611403
-54.0252293751
48.6389337037
1.3596836710
-11.7409183040
-33.0159892626
-6.8250179226
15.6181026580
-40.6589851025
5.2998693106
2.4707631874
23.2356112477
7.1865412801
3.9387899065
13.5620453619
15.0672849130
-24.8482155292
-10.4148342119
1.7748544114
12.1043069871
-1.2949641038
-14.5455902024
10.5889036049
-10.2856927233
-10.3029858220
24.2162780555
-11.0849213309
4.1220958041
14.2393921909
-7.5332535011
-5.3692077230
-32.4670190557
-0.0365558770
9.4951634349
-15.3643839774
30.8548511631
8.4165178170
34.6025726661
0.1087829946
-24.3214762570
17.2617664500
-19.6720530044
31.5472000487
-85.4340644750
38.4102431035
27.2477394034
-18.8442978396
-26.8553913317
-0.3460920270
-5.6539408522
-8.3512966396
-25.4825483988
24.9836585694
25.1595185802
-46.6501087688
-13.0040746325
-5.8350505748
26.2655369333
15.3566107989
-30.7886825000
25.9769225512
4.7311145560
21.9900444778
-21.1858721049
37.3446559511
-10.5749842198
19.0235019181
20.0807455031
-11.1236840554
6.4467267933
1.6176998342
25.6181278106
-24.8831147883
-23.6667137430
-89.9866911996
8.4811721629
135.5989164005
67.4524447759
31.5617123536
0.4663918956
-35.6881139412
-2.5867679451
-32.0839584796
62.9735120524
-42.6251877756
-122.5580356789
-21.5750871884
4.2179223153
22.5053676722
-5.6465174963
11.6364351638
-18.2650246879
29.3154143700
-19.1470664031
5.9481856007
-22.5964638693
-11.1967673491
8.0746793966
12.2798278478
4.1986227760
2.3403753814
9.7460052687
6.8802258704
-9.5441789284
43.0131980461
-6.2197843706
47.2737714538
-19.2456203454
6.5219955894
-21.2591000711
-51.3342083427
15.6391275939
-15.9676478499
21.3764910752
-3.6453965908
1.8146796481
1.8360259465
-22.2234177086
-42.5291525566
-4.8169942448
3.7698575705
20.8047385181
2.8967784309
14.7373155611
17.3799934711
39.9089344484
46.2505590933
-45.6147700126
-1.3592081493
-8.5804684408
-2.0217153817
-4.0536740457
-12.6116672688
40.2827656350
-37.5234675167
-35.9990292226
23.3927468514
1.8192403872
11.9939373392
-39.2041413622
6.5962753953
-9.1938024630
3.9782404179
-27.0749222570
-0.2187079526
33.5230317393
43.4367301415
-77.6356726580
-34.0067084327
-6.7191924119
-1.9445504280
-9.4865471244
-23.7002658883
77.2959189437
32.6247048890
25.1159852231
-44.0418949148
-9.3410967840
-1.5781082079
37.1854652874
58.4459610917
-3.7727771076
-6.0197616923
-48.0215417384
-11.2668421679
23.0659187886
-6.6364338530
11.6284509058
-15.5656221413
-21.2806135729
0.6599375180
3.8688917778
9.8001459609
-12.1170950813
12.1504835807
13.5659704909
92.7499749248
19.2839454950
-87.9050802463
-38.7921261409
16.8576833097
42.1368542901
4.9523471611
-7.5362228435
37.8502849070
-68.3038752280
-31.7149026690
5.2767027484
-18.9833897082
15.7237147175
-53.6164159207
15.9941987982
-20.3398727981
29.4011327846
4.0494370409
1.3372309842
15.3346466781
-12.2582479390
16.0737781213
11.2335746241
22.9463339812
-17.8066798997
-21.6232346474
-13.3859126080
-17.1533996852
20.5860519106
-1.1942163583
27.2289972088
-5.1426827158
27.0677929894
-25.5559079932
2.7581253230
-30.0783396845
-1.5031192699
29.3797283800
15.8856055380
25.6169253692
-26.2300008784
-16.2306160793
-1.1455506875
-2.0116393027
-8.8103825775
1.5583450054
23.2024919339
24.3914147042
-0.9249631791
-20.6305410544
-14.4568372244
35.9282606877
0.9212218552
-16.6350253254
-8.5017381789
-2.3106274096
12.5201465411
-10.9515807843
10.7819167854
4.0632864614
-8.8659024012
-8.0788167909
-6.6748858874
-54.4906263513
15.5745088231
-82.8636634879
-26.9712703903
-31.0667298656
36.7714792007
42.5990981188
-25.0253740344
3.1098014686
-22.4791380864
22.4254954468
-26.2941180391
13.2176585723
26.5144944680
47.9256144308
29.2315458652
-52.7967885005
58.5874993473
24.2037852355
32.6951069995
-21.9802470711
-38.1582593062
11.6205923469
5.9726957191
6.8575739626
-3.5904566427
-2.4447933005
24.4532835130
2.3318207347
32.8847820415
-3.9503933468
-42.1274256796
2.7154552571
-1.5480542894
-0.3226716951
-33.2011901319
-0.5742416344
42.4537331589
46.0474674622
33.3189463746
-30.4063464719
6.1428720008
-19.2545331157
17.5156440331
-52.5482199212
-28.6146555100
5.8105546865
-4.6472626529
7.4444625762
-18.7057716165
34.2825145614
-11.3146896094
0.5632987067
7.7226356408
6.9795257058
8.0616920814
-35.5490849221
-5.5174661316
10.6718862876
-40.7876747862
-45.8979734087
66.5583098686
-16.0115381447
17.0144975509
-27.3149563488
58.1253788459
32.9470374340
-35.9972303040
20.5416410322
-18.4200921874
-10.2324793576
-46.3157494387
22.9306998721
25.9111499585
22.7624659957
-24.6269011012
-3.0676294553
1.1820152548
32.2631269829
-12.1229839606
-47.0465325712
-63.5402556231
-29.8182305144
-7.8625765705
22.9304816776
14.5791838521
53.9616470281
41.3577873272
17.9939085547
-68.2041200303
41.2427893473
89.6564953524
-19.3860237525
-4.0851912903
2.3184918977
51.0715757059
7.5454415604
6.1323666479
50.0999746417
-42.4447551673
-102.1906561457
16.8576406195
-29.8080998868
-17.5649263406
-16.8201823186
24.2940003538
11.5680240780
-0.0587049888
3.0155248497
5.8238100014
7.0335134247
-34.0244367345
-9.2501618611
-6.7466125807
15.2349211263
1.7925020761
-21.5344532091
31.5442544232
2.9670133380
24.0657973836
-7.6812972727
1.0180788610
6.7009945176
16.5537324642
60.1309727384
-20.7937861037
4.1634614464
-22.0699688801
10.1293812781
-22.1874855832
-36.9954759979
3.1020923254
-30.3576416684
92.0484500125
15.0125999205
35.0374793348
-27.0717785963
-30.5296868332
-8.0426973029
-58.3132383675
30.2574785418
31.3317460399
-54.4416855657
4.6999091873
-17.4414531652
20.8641704266
-29.4431518245
-17.2571772508
19.1797030802
-7.8406752991
-2.0070453601
5.8944397930
-43.5266155964
-20.9492105409
46.3127694239
-7.3091191465
4.3788490482
-22.7837458871
53.7563106027
31.9578017493
-15.5317320317
24.4786984271
-0.3811110558
15.1296304293
-10.6697209445
32.5488147129
18.5040413293
-42.4799390279
-21.6774666492
-38.6801508662
19.1158503618
-21.9985042574
-5.4367567034
10.5513480652
24.3414386806
-5.7649342517
8.0008786699
-1.4323210890
2.8378647344
-18.0014753971
-23.1853802686
3.0878420911
-50.9853272211
-42.4822952912
5.2469025996
-8.8320466809
-2.0215102314
28.1568941550
68.2275984683
46.2748261146
-22.5752539425
-28.8794440032
41.8610291879
18.2293546331
14.2813519389
-15.4364842102
25.3077639445
-31.8211361085
-8.5733723767
24.0227549641
63.2841960951
-14.3330118546
-74.8414242895
-24.5707575259
-21.4059603748
-10.2778673679
-13.4146194127
-8.7414651382
20.0428045655
35.4607944215
26.7514833237
-14.2735408135
-8.6652393695
-25.6597993995
5.6254664720
5.9468764338
7.5610365368
-11.0959875859
2.1610705066
20.6125186644
6.5693852969
21.1786859170
8.5242039099
-50.1256990599
-28.3853959568
33.8769396349
31.6460457076
8.5288500294
-31.0051065256
-5.2825560526
-16.7988040025
-18.8679268792
34.9452731918
-3.4062459495
37.5177944601
-5.8626948673
-22.2883791870
-27.2183946170
-2.1456949105
27.3881973592
-5.4634831560
7.5166138000
-32.8198288639
20.1072976373
42.4785646398
-12.6006674208
1.5944241748
2.9812220679
14.3774583082
-0.7430245545
20.6933703933
31.9581788462
-16.4685453058
-58.5296208887
-7.8504786350
-24.0243688918
29.0748122611
0.0980701197
11.9268508362
-8.7252914721
9.9946165382
13.2055606368
-22.2674526758
-27.5854890489
-12.8234700775
-37.8795431271
0.5081927410
16.3743576248
15.9252268103
23.6858176187
-6.4726587334
22.4985230061
-9.3368846818
28.4223123290
-15.4502280910
30.2000744190
1.7887026461
3.6752074122
-21.2442616603
-28.7502752403
11.0754358001
-6.8654906277
-4.5381523667
28.0010297713
-3.1231220046
8.8277148089
-26.2277964026
15.1297134381
-0.3549253460
-28.7088360759
-4.5259002720
-8.0718025498
21.3853741996
-6.8316455800
36.3702065002
70.6812997957
-15.4253562915
-12.7204265466
11.8285364336
-25.7552416987
10.9699541829
-26.2614612027
37.9496167600
-36.8051783901
-73.1190907134
-5.3707338985
-56.4323971713
13.3080053188
6.5360347443
-6.6980477063
1.5995979929
8.1755137084
50.8797021173
-5.7612403614
29.9271024469
14.7644333408
-16.6021479229
-2.6594776994
8.6093246613
25.9042697172
-28.9552997899
-21.2485638864
-8.0363684771
-10.3836988077
-16.7675571294
12.1605525446
27.5177455908
-14.3361353561
-32.6222347851
-23.5798201614
9.1970018582
29.8018386537
6.9041632283
36.6394359626
-4.8346478387
22.6318018890
-43.7277221320
-27.4118679032
4.7689143787
-5.6550911166
-5.6069922770
-25.4496164477
46.9610596254
34.9719498392
-22.8710865302
41.9140279166
38.8704330581
-8.9045417983
-5.1653037918
-2.3480951972
9.9888794462
-8.9269482373
12.7228836062
17.7542918784
-30.1308688207
-48.0774303582
30.0173590696
9.7155220762
13.3273309465
-5.3108679728
3.8247394125
-6.7070162111
-20.7559210598
-10.8213044473
-8.4802009603
3.7605594023
-24.6777487168
13.2039810985
-2.6766284973
1.6276122673
14.7358427483
-1.8634046109
23.0521701644
-28.6415491660
37.6330296078
1.7426007605
-17.7380790796
4.0265847262
0.0690383949
-10.9497700073
-41.6905374729
-1.7902003615
28.4222530370
-12.1383465125
9.2644476706
4.3433794003
2.8792374917
13.0795485789
-4.1281981346
25.0482192340
-5.9894931369
-13.7646721439
-14.8968287732
-16.7878409156
15.2089049916
5.3797569519
37.2283606628
33.3255491294
7.8068231364
-14.5182530424
18.8559617578
-31.2055821946
-6.8286145740
8.6151910098
26.9544433266
-18.0114494939
-70.3970528608
-41.8544477782
-11.7631231502
36.9393573253
-22.0978372962
-1.5815874613
-14.7512337603
65.1744006807
17.1406187061
-19.6467898778
53.4700667139
20.0208214713
-20.4491585886
-5.2445819115
11.5177207627
31.1091841087
-43.6557677575
-28.9632401718
-9.2864058622
11.1651908126
-6.3659236838
-43.2181407728
1.9802287837
-6.8097549812
15.9733161631
-16.0544643519
10.9614351113
22.5393479056
12.8805243776
21.7514784554
-22.8172636430
10.7308403027
-24.2721631178
0.3676849800
-11.9744836408
16.4168877617
3.6348805653
-23.4551077836
-15.9232132547
29.2055747924
48.6545132642
19.7660924553
22.5412013729
-0.9543755584
1.4833726691
-21.5183186757
-40.9631743018
-12.1822036038
6.5866819531
-6.9301331153
-8.8815459970
-11.4972353838
-52.1891441366
-46.4759753404
36.1707127064
18.9208663159
-21.7177176023
-14.2260206637
33.4570445096
52.8522490322
-16.7557746273
-0.9240868436
-58.9035350841
40.1392363547
-41.3748266562
15.8513181722
-22.7706743773
51.9216009381
40.7869383799
-22.6503128450
-53.7850980445
-8.7733867541
29.2273574798
-18.5609877179
3.2434372892
-12.3567236159
65.0593908425
12.8336932006
-17.9366194584
18.9322776503
29.3732003331
-4.3921944869
-14.3858611675
-22.9211052440
10.7638078290
-18.1825353145
-24.5833618149
-10.0417002990
11.3045293358
28.2485299091
8.7165767370
3.8964969376
10.6108060621
58.0621641092
-19.1692048423
-2.7265191405
20.2737112500
-32.0542531979
8.3058161339
-41.1984697786
32.3438399686
-13.2872400818
-59.8012251385
-22.2695765145
88.5276946491
5.6869297236
-1.1125369133
-37.3226396534
26.3852166078
23.9545881612
-49.2764932428
-31.1170082783
15.1992071955
77.1130909394
33.9647747732
-33.7483519334
-58.8387467382
-13.9190388122
19.5834340261
-23.9359609930
-4.9667183511
-11.1898479751
39.3348232564
5.1081356511
-2.6835194112
-18.5278292714
-5.0310086443
13.0553811681
-18.1695373268
0.2028580207
27.8252432825
-69.8587718119
-28.6824428442
-6.9800640769
31.1001895154
15.8268993634
-43.2082888175
48.9536389284
7.5487275219
36.5574553144
-12.0023200393
11.6564983837
0.9968926509
26.9921186361
-31.0853570338
25.6347390515
-22.5907208482
29.4607141088
-33.3118752131
-3.2883426627
-10.5396853329
-12.3659577488
2.9015466919
13.0092828400
-18.2932535992
-56.4756803163
42.1521812668
-19.3981513340
7.0577851893
-8.1212200429
44.5477776403
46.1527427432
-44.3317473135
13.6481800062
10.0022604601
58.3979108716
-1.6396414241
3.2952122314
-14.5308869774
-16.3692644438
-8.9824028398
-77.6158691369
-14.0219246265
-25.1462822387
3.1273400361
-8.4586412108
-14.4584143910
23.1828734037
17.2363432351
32.9983261820
-16.1521253570
39.6770055703
-30.6156412299
19.3641627997
-14.9543087897
32.3217643788
1.2496994209
-28.9283349836
7.5259190833
-16.9371310046
26.0004175909
-7.6901922555
29.3698574513
46.5576120952
27.1826854295
-55.2709906228
9.9290834850
-12.9529839197
27.2419774089
-48.6115823136
-22.6556479373
3.2722662354
-13.3504287300
-4.8501052577
6.5535294357
46.5023733155
-2.6292447191
24.2566760528
14.0984480409
16.5009222840
-7.3327766463
-50.2632955847
-14.9525312162
-4.8546422800
59.5591431018
7.2408088571
21.2270527562
-16.6683343736
-3.4472060347
-3.9092506423
-52.5760065144
-7.7547043007
-36.6601940846
26.3416773215
-4.5409533198
-22.4540623225
-20.5006951771
15.2673087771
35.5383673040
-5.2541765396
-18.4191873918
-4.9462531315
6.9451434728
25.0257143703
13.3465794947
31.0200267593
7.2044640596
-12.3281033774
-17.9151533902
10.0021098585
25.7675791738
-15.8138373403
-16.2214519109
-9.4477535682
8.4730207016
39.6416485771
9.3170017094
9.9267355227
-11.5367368863
30.8676013104
-40.6194029629
-13.3147681619
14.7859587010
32.2243642584
-21.0805778504
-64.4653990498
-0.6504840048
-26.0233315693
-39.9968063477
-7.8259768174
-1.9955118843
13.7223317414
7.9834930757
28.8833406721
25.8140273246
3.3157023536
-14.6319548996
-15.3801093962
-7.2439537037
13.6144689584
16.3189030224
-22.1865333540
13.7524236068
3.4953866971
22.5352413431
-3.2141138479
2.2712195884
19.8543639825
-14.3539929145
-43.5848770812
5.4039267344
19.3212271058
10.3150398814
-28.7483126758
-8.5294358341
36.4122611154
-48.6114720305
45.9586955107
59.3395054509
-1.8690658091
9.1820851820
-2.3797689725
48.0383545721
-55.6734657646
-56.8522768808
-37.4924554398
19.0621306426
59.3336474033
0.4149489884
0.9893293660
-6.8660598307
-11.3282200391
0.9790671103
20.1195473603
62.9440285228
-18.9589531118
-64.8565375652
28.0473415505
-9.6601196507
-26.6588680661
-6.3167243852
-4.7476072130
22.9871197480
-35.8880251505
-1.3637084105
4.7122893526
21.9483728888
20.7213562075
8.1329183504
-23.6326089965
-28.1099455799
-9.6419857917
-1.4577419323
14.5083477244
31.4386305053
0.4592140086
11.4256640355
-24.7257882644
-12.0965776847
4.1459465957
-17.8047031051
16.6335359109
2.6383472238
-4.1846310547
-5.8654756611
-8.6450374063
17.9903664518
-14.3201739553
0.8326064345
7.3716650697
25.5549462773
8.7788570321
-18.3948563351
-7.6043837171
-12.5962810001
1.0472445857
57.2046277691
1.2956341032
-14.7342406791
10.7759057645
5.1011795161
-13.1621944831
-64.5280932029
-3.0902291862
5.2020695623
1.2556689374
-3.8644911271
-5.0128961305
-7.6184869073
-19.2022091297
59.0947837352
12.0240220896
-0.8052420002
-52.1854289012
-11.3694884426
43.9827713246
-13.3022409525
3.0779367730
-26.0788229328
1.0860381419
-53.7843450364
-0.2978295416
-3.0642640426
-11.0790609117
-8.8892598835
2.6130805397
64.0243912364
8.3966395880
3.1779492980
-39.8297428950
-33.5909186840
-25.1248885067
38.1405167743
-3.0143046207
36.8627544596
3.0866218621
31.6947789712
-10.3551959674
-26.4282898592
-39.3818133359
58.1356529601
-9.6511464025
8.4523538893
2.3273275885
34.6989624511
39.2917654210
-31.5583066223
-17.9746635640
21.0001838556
108.0910832428
-11.9402413369
4.4602462633
-17.4860407337
0.7850222494
1.3729247558
-11.0698267788
19.2297763426
-23.8854715009
-95.1828173340
4.2768597286
9.9110658384
8.5596107083
-1.9242061641
-26.0892678078
-4.0212282887
-0.6292883080
11.3242510340
1.7026118779
-5.6409689529
10.3438771285
26.6135571354
0.3745011859
-7.0788290987
-53.5708678222
2.7504292241
4.2814951756
-11.0757298883
37.3444828186
-66.2808649095
-5.6724055604
-4.2585989848
36.7037416718
20.7554004763
-40.0224323412
37.0834071891
-7.1100913877
21.1871243515
-5.9349706043
32.8984405418
-39.0820402032
60.6976012826
21.0285360943
-1.9628076143
3.8743917018
28.9415393074
37.4870515688
-71.7837831610
-43.4017727763
66.8780786284
-19.0155034301
-109.0563697113
-23.6660615312
-18.5217399851
-4.5502265853
6.2325985532
6.6765247178
-11.7559096880
-47.9510198581
28.6788865113
112.8192403149
-13.6861909083
-55.9432264831
13.6627753198
-7.2880776089
11.9580728067
18.6603622612
22.6830526902
33.8844910614
-36.7072232968
3.8346969075
-33.3754955070
38.7258626106
3.4008290343
-13.0145633837
-14.8307407472
-5.3880874750
50.4732330678
-25.5807193149
27.5430525934
-23.0799662443
1.5886064458
-21.6798074966
22.6131925084
10.7494900019
-29.7217968533
19.2028898017
-8.1375929301
21.1223929259
-11.8210490424
10.8060118600
-24.2797287744
-24.2129422888
20.4777657828
9.9774621827
22.4707767315
-12.2465745341
11.9886046186
3.0264203438
-4.6247577893
34.0204321542
7.1249843471
38.3905510513
11.0589976917
7.5542333751
16.6899166541
-49.7717555890
7.5841402495
15.1417212498
11.0863407809
-2.8270249747
-60.4750725549
-56.9007848349
-14.0161187559
4.5232795666
-5.7130264954
-4.0373130169
-10.3913356146
63.3597281477
27.6676748473
-16.1657767423
-6.6140357149
-22.4647668964
17.3393464475
-36.2162619908
-27.7561301797
7.6083977841
37.0654796663
15.3295345236
-17.5873790273
-2.0785182837
4.7121849987
4.7135819177
36.2617531691
4.2574665080
28.2163272493
-5.5000698648
8.3222933750
-19.1719797070
-30.5985058478
-8.9803726824
-10.6538662692
10.5263280357
34.1555858495
-7.5490607428
-16.9606141859
-13.2154185213
-1.5938834320
6.9745167194
-23.4109530466
10.9652309838
79.8481374524
6.7936394212
67.9646788583
-35.2587629310
3.4240963928
-34.2930649762
1.1727313166
-16.6191635351
-53.0947508561
-63.1198458434
-11.2846748236
12.5673595584
12.2877018227
-70.7973614737
40.5188674827
-14.2118783408
6.9394680445
-8.7120871483
6.8615477111
69.5251465165
-21.2018418066
40.6927400264
-4.0014247676
15.2144262607
-2.7468064841
-4.4417270065
26.9270101136
-35.0864995716
7.0776349582
-40.9616125511
-1.1216429755
57.7799568184
-15.9935216838
-6.0399506113
-38.2478340712
17.9744821306
10.2487621210
-18.1485859129
-4.9356789999
24.1618859654
39.1404594047
-7.5947380979
-22.9958178814
-25.7162821249
2.4427050370
-9.3789487836
-37.3014676734
11.8997235698
14.6866481931
35.8781186466
-8.7219568912
74.2098627270
8.8235655562
21.1921843290
-5.9187091860
-8.9104413502
-16.9394054449
14.3511219968
-8.3633969468
-31.6148723565
-72.9324620933
-4.5010936937
16.5099382224
-54.1628413159
25.2812248546
14.2008144574
-1.9611758991
-20.4868457566
-0.4362763134
32.0613599346
-8.5670554092
6.3258612792
-15.6165764825
-12.0198882528
-23.3738161082
32.6252942513
3.5405505837
62.1579591771
-28.1752177483
-0.6986611097
-21.6672399686
16.9561838892
26.3089481489
-5.7004874276
-12.6222330995
5.2041258082
27.0284764779
4.7987595894
-4.5823379355
-7.2833259497
28.7284937388
3.8917298624
-27.5277398468
17.8364824202
11.9582874437
-40.0309775013
18.0030158027
-14.3044995276
-7.4365933447
-48.1813561538
-2.5742134614
34.5955015046
-88.5827662254
0.2371928201
41.8259247786
16.7108988998
13.8053511851
35.7131541299
67.1392680984
-1.9574879379
-3.7181004159
34.9229877084
-5.3818784190
-71.4168630476
-8.5855153741
5.1130995756
25.6974474347
-23.0454464539
13.3429520114
-32.6521914648
10.3711099346
-4.1829673218
8.2192439149
8.3699487105
17.5251603958
-10.7942696764
-32.1618373087
-2.2279601602
-10.0591760170
27.5189539613
-4.1269790915
-0.4959631774
-6.2827168775
-23.4801598308
15.5856794320
-47.5856946989
-9.2404356048
-20.0043181417
26.4335348277
9.3150225432
24.8250845422
17.4486512115
-14.3939533369
-3.4836955046
-21.0353131675
50.8568462451
-28.3590169551
-12.3617231156
-12.2702853967
-1.0598038127
30.7256574976
-32.9335164910
30.1768639808
17.1562670453
-7.6095954821
-36.6490116173
-6.5790332877
-2.1615246832
-15.7867492066
10.4781177273
5.4395956034
48.6943622177
-28.0263853933
0.5669107740
2.9513270519
-29.8285485046
-29.6838642165
-13.0520667465
14.7305859214
36.9348784091
-4.9054958249
17.0724661333
-1.1413931339
19.1752431375
14.1309613907
16.8580781943
3.6347169195
23.3513539348
-6.1586780566
6.3158670231
-35.0564302372
-7.1886580037
-6.8300494399
7.6415882483
-59.5026497038
-18.3762090076
5.9992834285
-5.9907240383
35.0837306362
-14.2058329306
63.7730323766
-17.5926571993
13.7535145792
-32.1813218389
10.8678237484
-12.9687757455
25.6510597617
0.1497881416
0.5556832448
16.0973134796
-33.9493659736
1.7951832594
-13.7024582558
20.2687461396
97.1311944663
-1.3598817062
-10.2293914314
4.3393072271
-6.1551999891
-11.4953736156
-20.4744039276
-2.5702527572
-13.7236254924
-92.8285190099
6.4167048925
16.6419790888
13.4674236637
5.1906866881
29.6145862820
-0.3130426777
2.5524876943
0.2341025222
4.5990179552
4.0758954937
-12.2045815827
-30.8206325760
-3.7986556849
15.5554156199
-29.9569322417
-5.7884850259
-10.2639384961
56.9717442900
-5.0103928231
0.4186654097
-4.1659327361
-26.3553808838
-61.3777455072
5.4425009104
14.4333421846
39.5689352653
0.4837170120
21.6125514185
43.2677313985
-3.7638263904
-4.0083239824
-27.3943127340
33.2127651121
-12.2791602202
18.9186926720
-12.9692548247
-1.1619769374
4.2077964310
-20.3551250669
14.2060416383
-21.7389346442
-66.7976893769
-11.6321696988
60.0215861515
13.2330436551
-2.5148799776
5.8355438841
7.1000900166
18.0904015077
38.7586807212
32.0269658432
1.7030494527
-101.5514589621
-10.0119736722
-14.2331226570
-0.7856756470
7.8359615868
21.5601207070
-4.0999455064
8.4277406028
-6.4225771701
1.7403239484
35.2905861222
6.0959578150
-28.8339931435
-23.7476603391
-4.0770623599
1.5330949230
-17.6026585704
-9.7821117124
21.6369832715
36.4320373622
-31.0487726967
-23.7486813469
-12.3948554737
27.6471467782
8.0309432609
-14.5447091236
7.8504205289
20.1478699530
8.4034617231
-31.7154979605
18.0588724048
-2.1133286048
17.3477789528
-5.4666054716
-1.8211946508
24.3860037182
-33.0941645516
0.2841840855
-13.2546852276
21.8166237390
57.9256597426
6.3927556762
73.2374967962
-27.3227947484
-5.4917227400
-27.7463114279
-67.3253476748
19.3957096903
26.0287140951
29.3855247639
-12.8236716702
-82.9600829189
-20.1298119877
-49.1833253840
-1.5754649715
28.3432251294
-6.7254370432
23.1374960661
-1.0929800469
57.6133380554
-2.6035973805
-74.7276631404
-35.2179605625
14.4478248435
-4.7822728617
-6.5977908983
-6.3093105161
75.3342058593
35.1757363723
-9.4377913298
-28.0907112618
5.0531541986
61.8115529026
3.1024243605
14.0556119575
-11.6779431068
26.4770337954
-20.2518882441
-50.4628854315
39.0677686238
-9.4252712354
21.2496797614
-41.0595059807
-1.7430988131
-16.7760133515
6.5021979975
-11.8623826671
5.4020222760
-1.6069513842
21.6362444935
-15.7653874923
20.2003682574
-42.6550827916
16.2226602815
-15.3986310247
-4.0331187023
34.9025284180
-37.8026271998
2.0203919847
-22.4974225470
32.0883579445
31.3095566096
-42.7207640747
0.1639387654
-12.8020917614
-1.5693270658
1.1359359001
1.3231443957
-13.0231512340
-6.5166296653
15.6734552783
6.6063289434
49.1027452123
42.1913720793
-2.4683559331
-0.2907809111
13.9000226886
7.5111719822
-44.6280660954
-54.5120580302
-4.6996506742
-22.9620665150
14.8245755671
-2.6177029424
35.5076445719
-42.3537313064
9.8690847453
13.6267008937
27.2200619075
-6.6206942041
-21.0099705897
-8.1510510236
22.9207317045
22.5786383287
-10.5186698837
-40.6102719981
-10.9988981556
1.0342999607
-2.1216792872
-14.7966573457
25.5289253993
40.9165138857
15.6453722252
-11.3588111429
13.8393373477
-12.6447533791
5.4018538868
-8.3287573866
-22.4711763594
16.1926205930
-3.4075254704
-4.9505695876
4.9719585762
1.4035739658
89.5594462405
-13.1309784418
6.2541511877
-15.8284528133
-13.4805461646
-24.5712152600
-73.7761371545
24.7039522142
2.5839788504
17.3092024052
-10.2389326967
-6.4332331246
1.4628576443
-18.9596539430
3.5965198405
-21.3767733050
27.0473277698
2.0409058237
6.2632631790
-47.3496545149
5.4106421440
-40.0751239374
-4.3637627969
69.6048337510
33.8715179763
38.6601457523
-31.8522809994
30.1605907041
-79.5084371008
-13.6422863834
6.0325094679
46.0950504615
8.6391532703
-47.8066249149
39.4136211112
-6.6176774282
38.6248551662
-4.0957559351
-18.5201213141
17.5791409997
14.5436134079
-67.1385257628
-18.9440376215
-14.8769386858
79.3358013878
-7.0048315226
4.3146417637
-16.3374649694
-1.1168865729
7.2119016455
-10.2077296996
-20.7122442161
27.9335151802
12.1780567228
-3.0562892713
-24.8370864247
6.8078766113
15.0115836559
-10.8293681565
-15.5250166221
-30.4224240850
-3.9767747201
42.3374319413
31.4589154773
-19.3261471542
-16.5293350005
12.4762313437
17.1243940489
-13.7494910255
23.9709788360
-0.7712178907
22.6866374832
-33.9328555290
-1.2382181220
-32.2161463901
-1.7058598925
17.1720837737
24.3552928445
18.8677525608
-12.8236965729
-16.8583853268
8.5028042487
3.0868649593
14.6681407946
-6.6780935835
-20.2291592567
19.1641934842
-4.2938848276
17.5215910187
-32.9713400305
17.4786292363
-26.1166156404
26.5920365186
-7.6501760986
-16.7795151358
42.1933631040
46.9934911523
22.3804027107
-38.3140015485
-50.8274907861
13.2172755461
-41.5510341180
70.7349293911
5.1996480779
48.4785892180
-8.7413726427
0.2913014947
-17.0735203447
-58.1569091347
-5.4080060226
-28.4116670470
-10.4657174027
-33.9961959647
-1.3516887405
16.1982853487
-0.3633199045
12.5949611607
-4.6208362177
35.1676026985
-6.5209686523
4.8910890597
18.4940079405
43.4626857984
-6.9015081335
-8.3132774366
-22.4270394100
-9.3575182906
-28.2785458807
-32.2786365788
0.7929282419
20.2250254199
17.1716888891
-3.2910155451
-35.7405505819
2.3375625699
-15.2606811197
0.1519760157
30.0000280240
18.1838717557
39.8687878492
-34.9023576571
62.7307908482
-0.8559295275
-28.7489281265
1.3823272779
-8.7903442602
75.8260174122
-47.0866317369
20.8818951709
-38.0636838558
-23.2275534677
-4.5589282762
13.5724570335
-7.0907740608
-42.1011984654
21.5722577752
16.8154852080
3.0053882929
-14.3061110836
-2.0005611893
39.9826260779
-13.4654290815
23.9096412833
-52.8362876313
26.7152903136
-31.4524372356
36.8912323973
-30.3501104011
20.4593615524
36.3901653663
13.0017065109
-14.9095314869
-24.1471210766
-25.1196542108
-1.8881376672
8.4365490193
-13.0928465840
7.5508157854
-6.7535651582
2.4391451465
-8.8333665204
7.7789547203
3.6196745443
36.8529226636
-30.7094755306
-4.5159676797
-16.9343644408
-5.5604848343
-27.2041775862
-16.2779879991
22.9465237155
38.1203575013
-40.5577974105
-9.7489236199
-45.7281184896
22.5669068176
-1.4664922426
17.0110681029
35.7409561391
33.4586999416
-39.9686236841
-20.3631259266
-20.7113500931
68.5473506263
31.5343016716
5.2221043222
-22.8051147164
-10.0272211976
-11.8647673905
21.2468764366
-24.1259490967
5.9599621736
1.7606539823
35.3324735339
-1.5033030751
5.4930461369
-11.4774650662
6.5049028976
18.8907483621
-18.7141898918
-1.7347576174
-24.3920182966
-63.9999688701
28.0237765463
-7.7808864530
57.5240312903
12.4383330963
-6.9143163869
30.2195221883
-51.2930573373
19.1784366035
-24.9969269285
12.8131995208
0.9129114914
28.9141262536
-83.8876122548
-1.2289543432
-56.8510341209
20.0892432296
20.5352944187
29.2813606146
57.7000430886
-24.7583573486
-4.0170766644
-68.4543452275
70.7756926269
12.8541098008
39.8273522423
21.2728593678
-7.6695503458
-4.6581794922
-0.3445800815
1.6893862090
24.2911128344
-94.4078853936
-2.2195513717
27.0003507346
21.3265660427
5.6060945965
-20.1718891338
7.6249734499
-11.9378744011
3.7680740678
-35.1467947713
59.4637743246
7.2623294739
-21.0876490119
5.6748424607
-1.9349842601
-10.9701154571
-61.7427006845
-8.5304402403
32.8069423451
-10.9381997704
-30.3458484937
-30.2918536597
4.8411604697
12.8270797732
13.6338609932
31.7544610918
24.5740956643
24.5789433766
-21.4628866042
-2.4282010330
-0.1962517084
6.4886189484
-52.2013144083
-13.3503741814
17.4721189769
23.0391947076
13.6765488466
-25.8567270364
26.1356151623
0.0991172161
7.4307495272
-26.1965412286
25.3046321422
3.9128994708
11.7660059263
-10.6843245590
-11.9275481099
3.6112372956
-13.0651643447
3.7345503826
-3.0380688461
-8.7674682287
26.7705018190
12.0921628039
-3.2868544340
-20.4508934720
-9.6728437095
3.9655436334
-6.1006738991
3.2722271027
0.0291384503
-23.4456127661
-10.6623331639
14.0831471527
53.9887399052
-10.2262631865
-38.2420886784
-25.7558429194
6.2352311170
21.1115223344
10.4276827838
29.2193886377
3.3445680609
-15.8645011509
-57.0801976212
23.4111617544
8.8435362807
-6.5033518194
-13.0159958779
7.4992009315
63.1018270108
-9.5234563816
-53.5236204155
20.4856362002
-23.8688922776
-9.7471626481
1.3315626710
-11.8754731503
44.2079942800
-27.7356780043
41.0800032180
-0.8835572182
28.3175611890
37.0014360277
-2.8309844931
-31.4747701526
-25.0593139492
3.4614906584
-15.9899357049
5.6360880372
3.8028642296
5.8434320890
-3.3382012881
8.9355360876
-29.0458303416
23.6798338722
-34.6003504027
7.3454912184
-13.8977103014
26.5144387335
23.7434470510
-14.4979277519
-16.2802410943
-61.9726409097
5.0189545849
14.6751396199
-4.6095150072
-2.8935173720
-1.7418074338
68.2522497016
-2.1516964447
-4.8408995850
24.4841947935
-18.4183964368
3.5934366576
-6.2516075617
8.3567479442
2.5025531751
-11.7339882574
7.0530347160
13.1005865590
34.6538625999
0.4121029734
-13.3970227391
-27.7476360107
1.2920066199
-14.4623264758
6.8924032571
11.4012985895
12.4511437214
-10.7067155821
-19.5947398208
32.9176938334
5.4063470330
39.7267432401
0.4291102848
-11.4291753065
-19.4845207745
-38.7214951634
-0.5552883603
-9.0626877373
0.5658470759
4.9562545026
-0.7891584578
10.8754712279
-63.1518753706
8.9618605406
-8.3463445735
3.0944163858
-5.8737599365
-4.9380815109
60.8730142319
-1.2870343945
-3.0398108444
-38.8602585544
25.6669144370
-36.4707372371
7.0378915444
-11.6527914492
40.8074225729
35.2499307977
-19.1781069401
12.8416157949
-40.9293660152
-27.7028255044
-8.6822288933
32.3996005176
33.6372529942
-0.7995096516
24.3117250981
-27.8561676073
6.6198166828
-19.1126296215
16.4595186948
-23.4739092703
-13.0769551477
17.2762846841
-2.0302937452
20.1607956045
10.0595898750
21.4454334171
-6.3744249678
-28.9011128500
47.9406674785
13.4351213933
16.4068674171
-10.8058517716
-18.3235577299
-16.8735510293
-22.6124572878
-0.3790121197
-18.0181198415
-13.4369392854
-21.0800371075
19.1054576636
46.9389567614
44.2429065833
-18.9809528078
-33.9040989190
-31.5257339805
20.1354779293
-19.2905956834
-4.3191159365
-5.9663431764
49.6030995537
-7.5528044384
-29.4330852323
-30.5404447700
24.1673586150
23.2437235763
-34.5332852448
-20.1080708047
8.8413045306
13.7718642610
14.4477335339
6.2281314954
34.6827911567
16.4301893243
-13.0882241813
-2.3509483272
14.7337106088
36.8206773135
-32.2709926569
-29.9164702091
-25.1051395342
-3.2467849143
44.5664795165
-29.6264944831
6.0599509818
-21.8547947294
24.9894644400
3.9950698533
-16.9639025191
1.3208059201
69.9184195431
-13.6699484635
9.4105490370
-7.2072472251
-7.2144096962
-17.9749256346
1.2868363593
2.9252362093
15.7000346868
-52.1864854843
18.1486819659
-13.4594251757
-36.8989688148
-44.7543319230
29.2565089743
-14.1976494516
3.8365480031
-7.6985038052
49.4008285236
40.5582776756
-14.2235825775
18.4654552949
-55.6669009566
7.4444187001
-17.4896966771
0.0626811089
-11.6788751768
1.9179639045
50.7030440365
3.1540380285
-0.3285759904
-10.7031011430
-0.0286131234
7.1730132221
14.9848749909
-4.4396766898
-7.1861831565
-6.9758282579
5.1563341011
19.5065868775
16.5279108072
26.6989411433
-20.0567381807
-14.4751987645
-26.9047685063
-21.6108426237
-7.4190132728
14.3869924585
9.4932850650
13.1314800519
-14.7994452546
10.5331051090
11.0347638739
109.0151297679
-3.8976306002
-30.7852637245
-14.2300050847
-28.6773449198
6.5640917089
-4.2721981932
28.6519869261
17.0473583517
-67.4605547329
33.2459935232
-51.3305476559
-16.4718253381
-27.6377063093
-3.3901813806
-5.2553872819
-8.2810700334
54.9457397266
11.8945924419
32.4886748582
-26.0517715601
3.0451020607
-49.4363776227
-8.5210068864
7.8431110136
2.9267766150
21.2617195907
-27.1831917830
-5.1039472657
-41.1119675241
-6.5487445730
9.3911534447
11.7730925037
-16.0688687454
23.7356442265
57.0096638825
6.4025566403
-15.2706599598
-18.5904949644
22.2297595787
20.2765074597
-14.2397455711
-13.0388197324
-20.2547935511
-14.9495666172
-9.1982244588
-2.6903130862
29.3341162461
19.2975672343
-30.0400441809
-34.5136062369
0.3476051583
26.2532160600
35.6435690630
17.8459240750
2.1482788550
-6.3011697273
-13.3923398586
-10.8333383474
2.8894108096
-28.6717157393
-11.4018322173
-35.5454538813
28.3942126741
-56.1310800755
-8.3864223941
-16.9391137284
32.7285464900
38.3433487066
-15.3533592268
31.7943977975
-43.4850127861
-16.8857201151
-13.4949802040
-2.9229475389
13.0621748431
-17.2584034090
42.5799562962
2.6838514463
34.4396454218
-2.0960734530
-34.7978057382
-21.1987787830
-4.7252636235
34.0844283592
-17.3766351733
22.0113694311
4.7872308570
39.9664690135
-8.3139865687
31.3530757366
36.8467396960
-8.4694643687
50.8788696579
-1.4497410726
-23.3160657203
15.7820188925
-24.9924610566
36.6078131784
-73.1793384795
-25.1529276838
-45.0288146548
-19.7993196806
29.2924671881
44.5000238801
28.9423278907
-4.3088347072
2.4120439686
-27.7284372678
4.2602935496
-2.9268691104
-1.0772451414
-4.0874123678
-20.9474258523
13.8796950264
-9.3583068739
4.5118990640
7.7727183899
43.4223304914
42.4258125658
-9.2280459528
-37.2736206023
37.0744149676
14.2941281746
19.6911319775
-32.8550767598
5.1349474842
2.9090364547
-16.1394190858
-32.5902941959
-23.9935429917
-18.2052310984
23.1092884998
23.1338863704
-6.0483273821
-15.1800748595
-22.0547782750
-10.5606225166
-20.9945285866
3.2726326598
17.2966526649
39.1026394227
26.7551096212
14.4973348321
13.8560066948
-6.8856190688
-38.2385916374
26.3038893573
-19.6218457421
28.2321937829
-45.7976964415
-20.9867660806
26.9867894730
71.0869352000
-20.2963916179
-41.7454667485
-20.0333984859
36.0559068326
-7.9351570683
-59.9981029702
18.5222997014
-0.1678781246
17.8234441140
30.1391578394
-46.2698194998
26.4175591967
-32.3167032154
-4.8192556409
-14.9588493695
1.1077449356
58.4052132718
-13.3506492962
20.2838098599
26.4839389393
13.2478986676
20.9934803044
26.6073492652
-5.1179045976
-39.7298774141
-51.3069233596
-5.6993952694
-35.8223486108
-33.1849144835
-2.5968736700
27.2163075393
5.2345224343
37.3213945218
-13.5341591582
16.8156512256
-31.4757769304
12.6179534044
20.4861627130
-3.5270118531
-28.0856583993
40.5952960300
-49.6982714815
21.6176659447
-8.6529184962
21.0923816977
2.2175781346
-27.5325911166
19.4666217117
-70.2665559575
-56.7155946383
-31.4352603492
18.5669572344
-1.0242606428
1.5655359366
24.8369204071
48.2878647080
26.6668440231
3.5731208538
10.5098626531
1.6534327385
8.1499268476
-37.2903290821
-29.9691203010
-17.1325170500
-9.7812851822
29.0516943183
10.1074847501
46.3850451609
-2.2221922365
-13.3602711986
-58.0758676715
23.2732841855
-10.2392920061
12.1572559106
3.9338698580
24.2416858545
43.2933573920
-22.5350089186
-34.4639088856
-13.5232103013
-43.4181492210
20.5939104696
3.9721309723
22.3981108532
36.3787658904
5.3140270495
35.7697447667
-19.0967903621
5.2065911687
-17.2809402903
68.2116560409
0.3770697145
40.5159953792
-10.4496682498
-23.3142312265
21.4112622636
-39.6514234528
24.2215740151
-59.3791030064
69.6998610063
40.6240265515
114.9249273695
-17.9432898060
-55.5508807831
-39.9908795215
26.9018738719
7.2203780269
-45.0758580971
-93.3961211284
-7.0687020286
-28.1404702767
-2.0538338469
-56.2430197751
16.8226405641
2.7845292272
-0.9417973579
-2.8964748560
-1.7036815052
62.5820189710
-3.2501396545
-8.1170779052
3.5747656133
40.9657475737
10.8535106646
-10.6462045596
-8.1599898824
14.1876682398
6.9529759433
-26.4213289808
-52.0759628631
41.7650734202
73.9901349523
9.5602850017
-12.6760998628
-45.4091039238
65.4455405307
-35.9173924679
-32.2622020280
-16.4505537475
16.2179050647
-3.0751168465
26.9425659573
-36.9842864155
-25.3816500517
-5.7428871221
7.3361776343
-10.3515720416
-28.8924253892
29.7550632112
23.7113380725
102.9657137850
6.3906662268
14.7973605486
10.9762106726
-9.3664856096
-14.0611996336
-20.5728582594
6.1522579211
32.8644247333
-96.0736354480
-3.9781182764
-40.7909287301
21.8946899307
-7.5747768601
6.9284053470
-25.5353372339
1.3873244059
-2.5592066614
9.9699842783
1.0440475621
-2.3396686211
23.7567972331
-23.7324246720
-13.0332095253
-14.3829997366
19.9837841434
8.2457130403
11.3621314938
18.6792420133
-1.0639506938
-19.3212152474
-13.5050788140
11.7495144551
14.4836538008
9.7475100991
25.8501147949
-3.0632892824
-12.9474768807
-10.2776112265
-14.0083823384
4.7701132625
-15.2919173202
-48.2559585081
-14.2241197628
-34.7553242209
18.5811469909
-15.5014445028
11.6690161064
27.2233478690
32.6749797441
22.0684664213
45.9414593322
-43.6731213341
-19.4902317779
29.7711728420
42.5085948415
8.8384632590
-66.8946234623
-3.6457926612
-9.2101812794
-16.5942964790
1.6010055845
23.0478145756
-23.8285417140
-44.9573678197
5.4388603828
10.4615717075
3.7453154344
11.3212650899
28.7518168318
43.8581372123
-19.9150196774
-31.9675872975
-9.0713870566
-22.7164447471
37.3558621352
5.2815540182
27.6953618300
-8.8584695586
2.6934769062
-5.3047537839
15.2386636360
-30.8351211641
-21.3206712342
15.4497834012
17.5129391330
-6.9366433746
-33.6329483965
11.9264571375
28.4935836598
31.1051380240
-21.5261037126
0.8631999100
-31.3141659681
16.8693460421
-6.5815923296
-4.3869732352
22.3220321286
26.4217321663
3.4021393870
-14.6099658761
-20.6447438552
47.8232219258
-23.0731820560
14.3356290026
18.3615223843
6.1942745894
-9.1985636090
-64.6308651766
2.1016468991
-16.5889068380
-6.7716812296
8.1937353195
-4.6773058989
-12.2165372174
-51.5188791417
11.2490628749
-15.0033598584
6.9482622309
8.4830600196
35.3736340260
41.0633587735
-9.2538628664
32.5386330942
-50.7787610800
18.3976644032
-26.6112352615
-0.8027303919
-8.6280704135
0.7164925796
56.9964393994
-2.6415869375
-1.0133888654
-45.2885289404
-10.5337430907
6.1038590642
7.9605743540
20.3248992016
-3.1561262920
35.5221248591
-9.3641352755
20.1880367115
10.5101567413
-34.6687187983
-13.4585085217
-3.0628777961
25.3120448254
-26.3517190112
-17.9483877304
20.6285441005
8.1080204624
16.9827739703
-13.1760095143
-94.4357929425
-41.1086898634
43.6370018461
54.4770330721
1.4111941710
1.8392822620
25.8820589417
40.5236120269
26.1624957740
38.5571259382
-2.2914191799
-69.6632434657
-9.5024753218
6.2329495617
1.7367557571
-7.8708916777
-38.7637406987
17.7949294153
-7.8320376436
34.5780364592
-13.5587961614
-24.8080120097
-27.6977797569
26.7215230865
10.2370804152
-1.2964215006
-20.8773534053
13.7246180401
33.6417093793
-4.9554315299
44.4200805043
-19.2462310527
-1.7910114758
-16.3002794117
12.9840529169
7.2154686510
-27.1975013093
0.0041717837
-10.7782110367
-5.3121190336
-6.3367176406
-5.2099542097
6.1067703004
8.3163392744
12.7940233089
2.8966728912
5.4374361895
15.8514142252
-3.0423343111
-6.3885008837
-26.9188942274
-14.1723388914
-1.5575089885
10.2674509529
4.5792618676
2.8335435349
-2.5756127521
1.1048396286
0.5225923911
2.8058933133
16.8812898184
-2.4399835351
-5.4111520550
39.7427366586
-8.2756578616
9.1057941922
-3.0686718083
-4.5115053653
-5.8947433680
-25.9028822848
14.7785495752
-15.8639592222
-16.1168407000
20.3351353689
-38.8468490804
4.8231345222
-12.5772696199
26.4187640098
8.7779214047
-9.9586369792
19.9231770679
41.3105826107
-5.4724243865
-26.0299983594
-28.6154903411
3.2487320629
17.6954351022
-23.7373648798
-15.3411296631
-7.9374006768
2.5317900501
17.3907561512
16.9114741793
6.8439949135
-5.2211129603
26.9670132262
0.3595287753
-12.8793017770
3.0615970893
-15.3414913442
19.1252220520
-30.5968836193
-9.8638089450
50.7924243237
120.0683559783
-25.7947455729
-48.3816658052
-33.9210528676
-20.2092027623
-6.7699178861
-1.3848614171
52.2304303277
-18.4151768823
-99.3608906957
33.7893867265
-56.8445748527
7.5018406105
-29.2485033713
5.4656401982
-0.8723320607
2.4109506245
64.3449426503
3.9307843034
34.2808674302
-1.4388289767
16.4558710522
-10.0407207955
4.5819051041
-8.6391758013
-17.9002272273
1.7513000797
-12.3750140057
39.0452234416
7.2361378350
-49.0616653573
-22.9753206441
-12.0547898835
6.0369290920
-16.4452233986
5.3377924606
42.2553481251
36.3423819602
-15.2739660806
27.4091594456
-24.5401272894
10.9798867753
-10.2154495153
-40.1405016456
11.9088853665
-8.4169518342
19.0591423269
-3.2199956122
0.5891037619
10.7325645134
-36.4243946260
56.0951609944
-29.6861303560
15.7612500980
7.9101014636
14.1068319268
31.8221084969
-18.1024413371
-11.4416894717
-10.5579401475
-35.4688842192
-15.4021079064
-34.3928000147
-11.2706688722
-20.8452693294
-3.1319968281
-24.5629748607
37.5710457726
40.5435851231
19.1416257711
46.9094613733
-5.0599704046
86.4093807746
-4.9527539041
-0.9498314211
-5.1377626673
-35.1521440937
33.0024137710
-121.9983075352
-29.9490049041
-2.8602023947
-18.0942543006
4.5351486350
-14.8535088672
16.6061204855
24.4467803687
16.8006017354
-0.0716116668
8.6176445119
-14.4952264093
13.5136216024
2.8096014336
18.5357079896
26.4854864600
-16.8827353569
-8.4583459367
-16.8854710888
14.5827579726
-25.2814501641
25.4308789963
35.3210954031
14.7734670668
-93.1321828823
-15.4653653333
-27.8874453122
-2.3125460980
32.2597402250
-8.4962346974
14.9660486016
-42.9125321236
-3.7414021638
78.9915225096
10.9406746177
-32.2279858125
16.2359499857
20.4055220635
19.2961857312
-30.5031892476
-34.9397009316
15.0798382109
21.1615410482
-1.8464672641
31.9354000536
-0.8093201025
-1.1141638853
-0.8198740748
-1.3289893991
3.8642527734
-15.8337594454
-1.4991526365
26.0410159950
-16.4232225167
28.5193400957
5.7738980131
2.7448676364
19.4194312254
-28.6733379679
13.5865139760
-44.0143964806
42.9819203412
22.1357628179
28.0293938684
-25.5497949902
-7.8501964052
-34.4671533427
-39.8776247258
-26.9486552436
3.8384892225
12.7908666039
20.6767413647
-3.0947863677
50.6955649462
-31.1891440862
-62.7911690566
-3.0564956074
-8.8999371832
-15.5444501613
-0.0882051202
0.7828901098
-1.0361320829
-50.2848031573
18.4056711921
68.5296318112
-19.9777648217
-49.8481876938
63.7423464056
15.8440549047
1.2973796590
-13.5278149164
5.8109993763
49.1650231358
-45.1411243363
-7.4042649858
39.2797552377
36.2867921720
-18.2771866587
11.1155669834
-2.3516989637
26.7590572811
-39.6976368074
-36.4149909181
-33.4264688217
-53.4628485083
46.8765649973
17.6571633154
23.0406189010
-23.6833854617
30.5564547902
40.9939373524
-39.1442529055
-15.6803414488
-2.4994296736
24.1516580989
17.1279302225
9.4339586963
-6.7476454470
6.6549803841
5.9076026125
22.6736928583
-22.9106757848
-13.8252163699
-15.8780220938
82.7260977949
-71.2871298250
-24.5221072710
12.8817446065
27.0679115734
-21.9053850179
-59.5476404578
22.1537271018
-11.4590667650
-49.0284298312
14.5800684885
53.4606689351
-37.8150868163
-46.0492545224
45.5583252341
22.3465363179
-13.3545601951
-22.1077663311
15.2235216504
57.4241077033
-23.8145345768
-28.1945433760
-11.1047699139
-11.2552339841
45.4327875120
9.5760697124
7.7385745107
4.4754736294
26.6769971817
32.8436215494
-24.9846119844
-7.2825255080
-2.6841147027
-14.7524006265
-9.3642253993
-32.3753192662
9.2340783188
-16.5873130696
9.4727202349
21.8228197508
13.7611751030
3.2499771945
-32.3817500743
-9.0505554125
4.8496344794
-6.0531869528
7.2479677707
21.2995561745
38.6145917246
5.5923092113
-28.3495480260
4.9175309108
18.4770646645
-112.5362574850
56.2702715546
-13.2309838517
18.7143665819
-29.1088339988
-35.1436748274
3.6563300318
-32.1560041637
2.7711161957
82.6706669092
29.5313391571
-5.9690042005
-39.5609521932
8.1200579201
-10.9921459850
11.7214064994
-38.2308326890
16.7209678637
34.4964566248
58.8992032121
-21.7869326874
-7.8460447808
-29.8775248654
6.3638887831
26.8414007963
-26.1063806589
30.4011904414
-21.4560146638
26.9245494964
-9.2248607876
-4.9180858838
-18.5339576904
-15.3362795792
87.2424461290
-13.4741414450
17.2654176501
-33.2806354550
68.2866307488
66.0321457286
-20.1257160978
-38.7589001015
-25.2740327375
1.6442780569
-34.6691326563
-38.3907680600
0.4299308858
7.9661228974
17.3168925749
-27.6935747698
6.5175332751
-47.1286899095
-73.7689995861
19.4388457911
29.7062196644
-23.1525360696
13.1836593655
0.1876709731
-15.6014665145
-30.5852149578
17.1053257483
84.0488935538
-67.6026289880
-17.6293447045
81.8662099348
20.6943510826
-17.1782560688
-13.6622476212
42.2505359880
33.7552392898
-60.7007354567
17.1897610844
-40.1041829365
21.7457698236
-12.4142569952
0.6677095107
-6.1904917611
-5.5581511020
41.0185340371
-10.9173289937
11.4458375386
-4.8628174581
43.0070577687
4.6123479780
-34.0448509630
21.7146794813
-15.1282429970
39.2294175330
-62.7252766941
42.4688478702
-12.8083363927
-18.9459895134
-24.7310676222
12.1402877319
30.6055639651
-42.5619789681
6.3748305250
1.7425189375
20.7798240284
-6.4287542085
0.9343799312
-13.3294998471
-38.4930419810
4.1293863458
23.9582381755
34.8639245961
-11.1297496248
-14.2543195396
3.2951007625
-17.4485516010
6.0745178353
0.8875558693
15.2616926408
-11.8646760808
-10.8868718897
-14.8105518282
23.3112049639
14.6166599406
15.1929009005
-18.8275644572
-3.3492189237
-4.4616408106
-45.5444236366
-20.5262737370
70.2367581804
13.7387212304
-19.1496444183
-3.6123294539
33.9131978662
34.6076646613
-52.4378455299
-24.5582006705
-3.0260871229
-9.0796464293
38.2680040167
-4.2728598917
16.2015084607
0.3519714196
33.2543406480
-8.2846785433
-8.3706127807
-20.4168326015
-1.9127141926
15.5780438109
1.2784821194
36.1455574913
-0.7472923912
-36.3823862586
22.8878566736
-17.6973111004
33.6994905991
-56.8779526795
41.6786031833
-31.4349840486
9.7693378484
27.2409730028
5.4621336706
-2.7257957783
-52.5380359309
15.2503749878
-12.6028292063
4.1661805766
4.0760437237
-1.9672319818
-5.2879279060
-15.6396505492
35.5403654437
-6.2369529561
0.8880230901
2.4315367997
13.2707106637
16.2700772632
-39.8264332167
-1.8188964937
-29.3587734087
-37.9434895269
-44.7076015424
0.0506436513
3.2776096286
39.0465160067
30.9930168910
35.3978761447
-14.0669319822
19.7525738840
-0.9557321589
-0.0352218074
-6.4435961768
2.3138979551
31.8896159730
-22.7911301102
3.8231586883
9.3519626321
21.4258279312
3.1465008321
-12.4429721008
-18.8899313186
3.6915874144
-9.8894539119
-17.5363440490
-10.8441686204
-19.6205662211
27.9256957540
7.4738085485
69.9215347437
-40.7873142910
-99.2418928790
-4.7303698488
10.2770384660
35.3949530501
-5.8846672890
4.9057294353
-2.9015336477
-62.7679194856
24.1106138191
69.0303253027
-23.5754289974
-2.3408947792
0.4906102975
-1.8536617529
-4.6297999792
5.6702947659
15.5428326761
3.4706631276
-3.7007290518
-48.0290481030
-96.9780243102
-34.1165361519
19.3185648959
59.6104662391
24.0422715120
63.3239738983
39.2294471790
-10.3294134430
-27.3611448007
2.5878126698
14.6928418332
-10.5862923862
-13.9063123817
-40.5093617926
18.6015042991
16.9169171830
20.9180217739
-7.8821998440
-3.8265537470
19.4358088559
10.7587134622
27.4762589928
1.3793757231
-11.8476165925
12.2576419750
2.7434363280
7.0512263106
-38.3736884124
-2.9984724764
-118.4909225131
-3.3640336177
62.3383265641
20.3013875601
7.8100486201
7.7715420370
27.3609716681
22.3491653243
26.9374810771
76.0810950650
-26.4933177446
-102.0762498998
53.1903888189
12.1121252275
-79.0441370262
-4.1403280877
-40.0494007051
35.0931509459
-55.7879941519
16.6456350322
35.9844090064
17.9409489587
7.7970364023
10.6361450824
5.5036653304
3.4715430205
0.6730979657
-25.4950305463
-14.8088608209
-10.8292815902
-14.0313152902
-9.2671241105
-7.8325475546
5.5089482458
10.0804748818
6.5490754223
13.7515864040
10.1429769289
6.9753171611
3.2030143893
7.6222389038
-11.5655172131
14.3096591157
-24.7932222183
-7.9839140487
-7.8057985710
28.4086704303
-0.4502466896
-11.4002763958
-7.6639543688
26.8233487602
9.4387139130
-51.1750425816
62.4121249192
-31.1527542268
16.4322645436
-4.9316080126
12.3217709941
34.9757777294
-7.6695313724
2.3144576714
5.9734510989
-36.8126432503
28.3501243441
-3.7835563894
-6.7919080954
8.6746051306
2.2129320151
-4.5648977927
-30.4275054077
-3.0401559237
-7.6522169285
-24.8272795313
-1.5967199603
19.4031211877
29.5219366350
-4.5565150927
-16.0965996041
-2.5092128502
20.0616700875
-23.8517877274
0.8034881434
-12.2591527346
26.6914051327
-13.9357911680
-56.1431578517
44.1362426841
16.6322184431
-8.5504145223
-23.3322156697
-4.2150383534
60.6973558138
-20.4118165000
-7.4503858449
-27.9718842059
-38.7241289131
5.4639420759
1.0086787106
13.5365201648
0.9967124033
27.7144680775
24.6599409638
2.9345806253
-63.5590073045
-102.2846386764
10.7245292644
1.5822218855
2.5141921907
14.4480003478
33.4488242696
-16.2102338684
-38.0984491150
26.6080726273
103.0664306987
50.6060233848
32.0790348736
-62.9886741974
0.0920662139
-38.2235540056
33.9794483522
-46.0304648942
0.2357959011
25.7613392859
-7.7159546205
15.1851573680
17.7172913116
21.6499717725
-6.3596671941
-14.9765029634
-11.6376518352
-8.7554817621
-3.7462617344
-4.0554539909
34.6446794582
-7.4324227468
16.3981289652
-5.6952851494
-0.7756019397
-12.3426216115
-28.1905518400
10.6323551391
14.2825579377
13.6946589888
4.5554430937
2.6665500467
-32.8552759809
-14.5403914817
11.3450625187
24.6668781253
22.3636064787
-25.2668750097
1.4934997392
2.3646198718
23.7255503600
-0.2100264210
-5.0255229504
-1.7249530957
5.0130491038
16.6421700090
-8.2199969230
11.8826652674
1.4762090122
-19.8826343983
-2.1750800155
2.5417072266
23.9483708043
35.3590991902
32.6267528340
-3.7780612088
-38.2962447865
20.5117045118
-4.5723057326
8.1384159027
-51.2763061673
33.7632413353
-31.9630241868
-4.9768359344
17.1823448437
8.7863135914
14.4420948666
-49.5700917088
14.2592538181
-6.6522600681
-39.6730922996
-23.5809419656
31.6735465134
-20.5294778756
14.7435874667
7.7548809908
56.6655332342
-7.6747751550
-52.7333401534
-5.3814704901
-11.2220850243
13.0070333023
17.5602991945
12.2500324424
-19.9039474932
-14.0030674054
28.0965491501
-8.7471488674
-5.5101886340
-23.4067883780
8.6392659251
58.7013138592
-26.6048056393
-47.4723462220
-17.7845983808
2.6295992851
45.4302462578
39.9387179955
23.3604018908
19.7300405602
-84.5567329146
15.0844357110
-1.8797846131
-6.1299759953
-20.6314802394
-22.1806148286
9.0542896214
6.0525027233
13.3537478950
2.9188042154
15.4702450632
-0.3430705077
-20.9025169213
-10.8600719151
29.1577759703
10.2623897896
8.2136835130
-21.5608369541
14.6015713177
13.1159953586
-27.9584640593
-5.3042177844
-21.8840078877
12.0749503423
9.1076263144
14.9747491067
-4.9100375905
-2.5550253910
-0.4656780201
-20.6685199389
-6.8000026365
-15.4141951693
24.7987399299
-24.3110254527
-22.8084160938
36.7343304040
5.8628691857
22.9375872284
-8.2539178644
17.8965131777
-3.1705449156
-26.0522399667
33.0964188326
-17.1049688106
-40.5902562117
-18.2104677660
-3.0620299208
38.8865486181
44.2887440267
15.8901034276
26.6635070705
-64.1978890548
3.4829543549
-8.3122054376
1.7791767967
19.8607437995
-19.9407464673
-4.8643614213
-9.6132647569
4.7216717154
1.9313212016
-9.5765677650
15.2839461065
-23.8343214961
-6.5569007777
-1.7419260177
19.3458261622
4.6035751367
2.8483949899
10.2095926536
-8.3495736147
20.4443666109
-8.9906290090
5.8924546976
-28.1327220008
-17.7180407623
-10.1683230643
-26.7808067650
14.1507518676
-1.0495012384
18.2549237063
9.6777637579
12.2915593589
-1.2497468545
8.4539369851
43.2778394952
-45.1259882798
-14.9662478227
-36.0439559413
-2.0212872936
9.8484262338
-3.7741443806
46.7923265105
3.1088444960
28.1714301766
90.2103298733
7.6853160831
-9.0214193339
-1.0341801909
-23.3192224253
-20.9348808553
-19.8327781445
10.1268601831
-7.4756430423
-69.6618524758
-16.8576584071
-1.3545904899
32.1621752730
-9.9487707939
15.5182158321
-12.2931246671
22.7000481431
-14.4996460335
-16.9024641701
50.7203347635
4.0083595575
-17.2441934932
0.4492683719
-13.5917032100
3.1345463832
-69.9495193722
12.0866960834
23.8813850977
30.5301611691
-6.1217118792
15.5509058720
-43.9828377317
3.2183935429
-32.3105747964
15.5445047099
-14.3824708522
23.3753316112
18.8504559046
24.0179025085
-15.9990441388
5.5471595548
13.2248767779
26.5297028607
15.0762569753
-15.9767100360
3.8175721980
-16.2812016244
3.1129024391
-33.3837370921
21.8392139831
-39.8411352559
11.2408556791
6.4378270672
25.3105542251
25.0918889627
-24.5034480851
17.9226467105
10.9556090814
-1.4746780933
3.6783131260
-58.5495145337
-23.5055462847
1.2767756962
43.4867464836
9.0110598392
9.5796556913
1.0362447376
12.4877932796
-12.7780796956
-37.3854310453
-40.4714647311
-52.5676902214
-15.3837712688
40.4062554121
19.3095382850
16.6391971091
-8.3341861602
28.7386753575
11.2090230013
-11.4201735982
-18.2286478727
5.1258236344
1.7166273160
9.9740315488
-7.2231066438
4.7792715017
5.8730496186
-2.4463704671
-26.6710312227
-45.8947716418
19.6891978731
18.6880812616
19.5426375868
-9.8057763272
17.1733870114
57.5286145603
-8.8949732587
3.8410103174
-29.4241653469
-4.7856442036
29.1497205620
-12.9392601982
-28.8861048642
-27.2347402299
9.1180296851
23.9739232757
-3.8174631008
5.3694709794
-2.4676242701
1.5903152406
-5.1902135381
14.6028804846
59.6747209571
-63.8883161438
10.1729158210
-33.6492536908
-5.1770957806
2.0246965824
-26.6239024000
67.5556495811
-6.3099461261
-11.0893255391
-40.1248438196
2.3632668288
7.7870907657
40.7616278197
-12.4236962783
12.7459932481
11.2815904548
29.3867366920
-7.1429142417
-8.5184158269
-25.6498407186
-18.6841264865
9.0284098582
-25.7399550406
10.8085946186
-8.2036524960
15.2324403499
7.7787199240
2.1807933906
6.0027863986
9.6931832301
-1.5308596154
-3.2585116820
-0.9613127200
8.0972838708
6.6192178338
-10.0253001375
-7.8201970353
-5.6431864729
-36.3671849810
-92.8054449432
-6.2729016832
-4.1516208381
12.6685650380
-3.0351919992
-1.8209681554
18.8096393060
-33.4142843199
42.7627095926
71.2832485721
49.9636113900
10.1677787639
9.2658943949
47.7576295807
-2.9874844868
-1.6291870623
-27.2998048764
-9.4925640745
-28.6792481924
-39.6698763027
3.0949334118
19.8387761212
11.9450012970
-3.9113460209
-7.9754483399
17.3421236838
5.1264189258
1.0049373867
-12.8938283119
-9.7006480903
1.7065939272
-11.3046230171
4.7236330941
12.9968149226
2.6587140187
-10.2423052245
-9.5518619831
-3.5383283203
5.2560596529
-3.5745094719
1.2679459346
0.2095212533
-29.0831997045
27.3403250151
13.0191703705
-9.9719895330
-9.9692798895
-5.6861031934
35.6964183758
-10.8772345714
-16.1882009689
-79.2560347021
-28.4607928236
-9.2756502972
13.2284342966
-4.6092375207
-7.3758581985
11.9095873835
-4.5695498414
25.0683583477
60.3027914079
28.7899107427
38.1586233590
6.7297096232
2.7537590616
-1.6071838088
-25.1693823939
-10.2681079081
-33.0138666098
17.9967640564
6.9241920589
-43.9988572387
-68.2057126128
-9.5334968854
42.9671092047
12.8975447332
12.6772987466
-1.2029334651
47.9628154045
11.6579178337
-9.4423817148
4.1106073901
47.8881110680
8.5064601921
-4.4587947956
-40.0581308561
2.5258146045
-1.8164406199
-7.5799566074
22.5755278714
59.1753769511
-20.6528075643
-34.4541600984
-50.0802885187
34.6849090662
7.7266022742
22.5567453582
-15.1941080852
9.0305953606
-27.8837229618
-4.4499069279
-37.0544715174
-64.1722879639
29.3665857199
-0.1555951981
-7.9003550481
0.5376620406
6.1973945333
19.2602144732
-47.4508920121
16.5153053324
42.6473653476
21.5397384962
3.0538476276
86.9196356907
-34.2567296654
15.7020079239
-6.4170594585
21.1948631406
-15.1947958722
-58.6760116000
25.9927712973
23.7936056939
-15.4922791486
26.7179714970
1.2828851418
8.0437301692
-11.2091309127
-24.3445183061
9.1722225542
-15.5112300511
25.1811257633
-13.0976990396
-1.5631322398
-10.7817080776
-7.0420099653
5.9307335995
-9.1049297151
15.3302792309
-8.6298349428
4.7081899051
52.1743650179
-29.4559114585
-24.9520073249
-66.4088454612
18.5909100083
38.7584637125
8.4216880776
18.3885014208
-13.6047984366
-2.7629528759
-20.1828747518
-19.7362828198
-58.7108835847
-24.6150237319
-4.1415174848
16.6554359964
2.5117754496
26.5670247900
37.6509820334
22.4739085338
6.1235866916
-8.7309538561
12.7511812963
24.1397332960
15.3302875318
-27.4775942482
-6.4270916614
-9.7615789000
8.1548670553
-13.5134781158
2.3944662684
3.6925301569
-1.4183649429
23.9207822463
-7.0041757533
0.5920766618
-12.9432884953
4.5989966101
-3.1329087388
-7.4815591960
4.2602259567
-43.3373378106
4.5767419585
23.9609513765
17.1763907431
6.7666674998
18.6136401815
24.0760880995
-18.0334254731
-41.7643951200
12.4878241115
-3.7820966209
2.0181507479
-24.1351037783
6.2723538253
-24.2232472348
-14.8348971149
-0.6968906512
27.0137400493
19.5142568880
6.5729606032
-4.9655313257
22.3538612490
-20.3384853658
85.3897235611
-15.5060823214
7.1397338199
23.4274978805
-29.6462019512
-12.2935242951
-22.4416821572
20.5108590082
28.6338340937
-76.9346434266
2.8745439386
19.5578104043
6.8376044239
2.2940778323
-28.2285947598
-1.3469584263
-7.6811917330
3.2788049549
-4.2866073300
13.7367420641
19.7706769112
-0.5669949687
-24.3159395720
19.4756993138
10.8259434517
12.9484623134
-40.3767410507
-10.8063676118
4.8375258714
1.1076429534
-32.8486578101
-36.7639396326
26.7707093409
29.4626043371
31.6691731370
-28.7925883685
1.5881807294
-6.7906024861
4.9354868939
-35.9467076084
3.1985200573
-5.6826227543
23.4991818836
13.0281471761
10.3160525884
31.8208147460
-6.7479549511
-5.2738946803
-27.6729340459
-48.5537738196
-49.0794458361
-26.5225415754
-6.1706716382
-3.0870179326
6.0912535894
32.3413710505
46.6367846752
35.1026459635
1.9034456704
-4.7579489200
7.7920309734
29.3325544954
-16.6060884678
7.3784136828
13.3153361791
7.5992585184
0.1980340253
-42.2480314948
16.9688107092
-18.8489712334
28.6467099399
23.2928422379
-13.1750857453
3.4532134980
-7.3813035739
14.5704916479
-7.8577620617
-15.9239045992
-6.3898444400
21.8463112330
-68.7482116931
52.4336962772
37.0912432171
1.9532390747
-5.2832307954
-56.5406749982
69.0774813997
-46.0460088795
13.3901899314
-19.1185671203
26.9847106962
-13.4445547473
21.9605253729
-30.3336509477
-15.3821846155
10.0552852773
-27.6496524573
8.8772793462
-12.8417379364
23.6977080323
-8.4393642024
-0.7319820163
23.4442016170
3.7541368951
-6.7053062304
-8.2161334576
3.1464178233
10.1824902898
-21.8456198886
4.2843222171
-2.5244485172
-6.8684160940
-41.6842714966
-66.6791694535
33.8274770799
37.9296697523
-14.6876419266
-19.7465533764
-9.3071663559
80.2826006170
-19.2398749526
29.3518670789
-13.8022407279
27.6861597148
-5.3633401887
1.0324737678
2.6543999343
-66.2046166099
15.1475555805
-46.6370230290
-1.8639465396
79.4908724448
-20.7829249989
27.8648787849
-17.3384037050
12.3509284178
-16.8564275056
-55.6327120155
5.7194324009
43.5131598746
6.2309443069
-23.4234778843
-4.6485374305
-15.6183837020
24.1515584884
-12.3758025890
13.6704809055
30.9908657780
16.8990193061
-12.3171308037
5.9350002503
21.0583077829
-2.3461966680
-31.8611107610
-12.7642848237
11.6739515708
9.1799803168
0.7082865697
-7.4223182077
31.1672096114
6.4002323948
-9.8855596147
-0.1019407001
-19.3226536708
-69.8017530870
26.4654837178
13.0743818758
-14.1329393711
-11.9159411120
-7.7493170315
82.9585816460
-17.7036719440
-5.2211034735
3.8805722978
-15.9073526502
9.0446404447
-7.2697018387
17.2253908207
1.4262816080
-1.6188951605
22.3109931479
-6.4875018875
11.5250373929
-28.2986019857
-13.5758520922
-43.2411413175
-8.6632803625
17.8546684562
17.6029906055
-10.3323673695
-3.4945767687
26.4915045959
20.1766894125
27.9973939871
-1.3136458207
2.0269911820
-2.9908439703
-5.1254323073
10.9511076344
-25.9580605867
8.0249452843
-14.7195777726
37.2787671461
-24.9395571951
-34.3235469828
-27.2924633435
27.5705486559
11.9127085133
-7.7692094906
0.7820612079
25.1169813283
10.3683386275
3.5122422210
10.4183253236
10.3068718183
-42.5840391419
7.0471446507
-24.8920868506
3.5815426865
-6.3883324945
-3.7305932359
37.1105142963
-6.8818397981
15.1936467936
-9.4883152113
6.5750559818
8.8706540604
2.3534172452
9.6141221189
-24.8303069798
6.7829917676
-14.7556498270
81.2502386054
-41.0517221297
11.4462110780
-51.6949680195
-13.1438827482
12.6535368929
-31.4258020927
56.7596758532
-26.8690095135
-2.7428386649
-9.4771102130
-7.6587532763
-0.3451184527
15.1203785089
-5.1379298707
1.6360744186
-7.8646553473
-13.2687469134
9.8187968459
-5.0240892703
20.4997239745
-8.2454806157
-78.7095749176
47.6791791770
14.1517598312
19.6019141503
1.6910534994
-1.5423361709
23.4993822905
21.2820033769
1.0819849422
32.1200779676
-70.1605857745
-33.5811129764
5.7280961449
-41.1129648152
-1.2288476176
9.4723087485
5.6752254869
33.1578275357
-21.6193047750
45.9795508715
-25.0875025420
0.0655923451
38.8655912750
17.1268783828
-8.8748400741
-13.6536230099
8.1081841083
9.2031919409
-28.1405129669
-8.9857504649
3.2853057275
20.1134723041
1.9528358892
-0.9906444621
-20.2411255640
0.7197868420
0.9976492166
-4.7512382538
16.2435310582
-9.2930750241
-37.5538012933
-17.1632848440
4.5242412825
23.9172365859
6.8536500194
16.7764782006
34.9397246484
-3.5621245633
-5.7867987620
-24.5291855475
7.2207788406
-18.4746206491
-22.5355698207
-8.1455783739
13.2562837393
9.3669208127
19.2746876453
-3.2506839549
10.2509144199
-11.0969908062
-1.7072769708
-13.2230992043
28.4687711523
-78.0554883321
17.9269845117
-23.6077561704
2.3968948679
-4.3277891672
-3.6629778485
78.3810795643
-14.6195711768
48.7853789635
22.9465355739
-14.4474524899
-24.1700907895
-16.0692351698
33.7547922282
-25.5102069214
9.8363413426
-33.2429376146
9.2808098852
19.7422938406
-9.9522405605
11.6858407985
14.0042864485
7.3390355077
21.4865405464
-24.8390466175
4.4145534923
-29.5089149305
2.5702408988
-4.0820832047
-4.9143457457
-6.7431036814
-12.9759571901
-9.8281720937
-18.6313127488
31.0048076940
-5.7577729664
4.6368130345
15.3486917622
-57.8968141947
-78.2276864703
-20.0235394156
1.9571476020
15.7065153002
16.4914379390
24.7020430125
25.1335285340
-16.4209302888
25.6856945786
45.6226273857
28.6311161494
47.0860340737
-42.3487495943
50.9849690975
-2.2987713854
5.9976351115
-36.7093305338
-45.4958872223
34.7369603090
-13.7038219713
39.0221470032
0.1793179191
-52.1894311098
0.9051774456
8.1273709928
6.7431819468
-37.1226798246
-7.9510402037
45.9038184121
24.3301459303
29.4296972886
-9.4536720936
-0.5448529719
-9.5517801601
7.6302409493
-23.6341636322
-22.8999474941
0.7772953186
13.3258747355
-15.2592379529
-1.2764377319
-16.8083417103
21.0233089134
8.7286307964
-5.2866863319
2.3214327799
-30.5763211608
12.0739328920
-12.0399514727
14.4627936966
43.0111133401
-43.5666827444
4.1640199768
-46.7538400867
29.7178966269
11.1734276544
8.0991717274
11.9704624588
-23.4899121755
-6.5761232374
-2.8839927085
-7.0364637936
-56.4213332880
5.1942501361
26.9582949336
-2.8072641438
16.0064497070
-6.9200973549
54.4388881701
-17.4181846208
-22.4448471630
27.7706460421
3.7669629361
-0.3046161015
7.3007400040
-6.4576222874
10.1258332460
-74.6133944519
9.9563898132
-22.3019499352
0.3832171069
-25.4371165126
14.9173853025
10.5979195433
10.6635545786
2.0781696469
8.1068441096
24.5464312126
2.4084639189
25.4007942460
-16.9956948784
10.4066744497
-28.2300379266
-11.6975829821
24.9952963991
3.2012889927
-3.0443573534
-0.7809156869
27.0913722238
15.6788389900
-23.9487633172
58.7352869776
-17.1317699711
77.7012673748
-25.3435490258
-26.1017155660
-31.6538485320
-38.2845322489
18.6393539271
20.8130275368
18.6600741022
24.7940831379
-60.3289344275
-18.2575788011
-69.5851820173
25.9596804436
18.2726365922
-13.8939393315
-15.1293268544
-14.6056446767
81.2321272773
-12.5912056067
11.7263941407
12.2779091594
11.4036619678
-7.3629657505
-31.0547267973
11.2312278475
10.3728092427
25.7060198691
0.0017099807
-12.3329570189
-3.0428122044
-23.6732832943
9.6882287923
-15.9999430052
19.8338382851
-12.9335195487
5.5536935310
-19.4752403939
3.9334797168
8.7241210484
-1.2089741319
6.7590793123
-73.5371240706
-51.3559068355
8.2230445307
-2.4885709405
8.9551297151
-17.2502839653
75.9084771396
39.5171757390
-52.4820026387
-56.4218337123
20.0469787209
13.6724114523
19.6250569957
-41.8619695587
45.6412343947
29.4516044891
22.6156436388
24.2736786208
-0.6792109688
-6.9926648084
-35.7189955758
7.8351564017
24.3367913753
10.7728107232
-2.6863417094
4.0213753329
4.1126671935
4.5765059764
-18.2571993324
12.5548015172
16.5916105523
1.8899614885
10.4271610144
-10.9393298756
11.8120271748
-22.7002390633
-8.7694711118
-13.6651517424
4.2744026690
-7.3607399296
-11.0415848232
4.4671099028
23.9315484839
35.0526260638
-15.6130853707
-32.8142720196
-7.3808410965
-6.2306905373
17.2235088933
-16.6771605777
-0.7130619457
-24.1737894231
16.3280458456
11.2261880293
20.1310393317
4.0505552876
-7.9643903858
4.4789564403
-24.2774306172
87.7577017306
-7.5190495146
-14.3295776632
-9.7793368478
-0.4192500286
16.7457851146
-68.6111440527
29.6412961329
15.0536963772
-10.7571256230
-17.1953499464
-25.6082556960
-52.0803623279
-39.2174749425
31.4178213922
-10.1831970502
55.0703323345
-10.3308352647
46.2526129674
-18.5752509965
-23.3367017008
21.5506173886
6.1080557505
-1.5842650871
1.3788527679
-2.2551585770
3.0834438120
-19.5119753326
-0.6443306832
4.4902752792
40.2864180210
-27.2889710459
-60.0044116368
-41.6492678836
-6.0527351479
20.9299536918
-1.7758967644
28.2675578911
39.6745224222
-22.1104071959
-91.8813818164
-64.8229261279
38.9156408207
46.7427465574
39.6546382640
-39.3034767728
60.7955528184
20.3999118564
39.6203449689
-15.5765899716
8.5669261527
-27.9861427411
-45.7654688791
-47.8374330274
-41.6302920785
-4.9196855814
2.9262868632
58.9177959910
41.7757649499
44.0336758606
0.6226037303
-2.3923115979
25.4418076940
4.4264439058
17.8600913006
-9.8839539879
15.7835142362
-14.7670232144
-9.3913597808
-0.2135744531
1.5157626916
-2.8865873255
50.3982085546
41.5925230877
14.3111271851
-24.7622065839
-1.6508725108
-17.2485502678
-26.5453203681
-3.3106056151
14.9209404495
-4.2226656736
35.0332790910
8.8848485603
-5.3008096814
-0.8875950020
-27.7031338227
11.5059477472
0.9700155967
-4.4391169735
-12.6286864386
-2.9606868838
32.6368324705
21.1390919190
63.4855967190
4.5923547225
-4.2448788208
-6.4708574431
14.5895658777
-15.2590280593
-119.1079290806
-42.9473056836
-49.1585425224
-38.9442065105
26.7833610635
4.6039854372
-2.9449768809
-0.6437757103
27.9635940014
22.4939266919
31.9664287323
24.9236301836
10.9868144502
-58.1338635282
-26.5541192978
4.5436012996
11.7550155650
6.8973434648
-36.5921126622
29.1046634010
4.1603379449
6.3549511101
-11.4490677656
29.7665219791
8.1598523250
-26.5140889108
-10.6250942433
-8.7465903369
3.3026000120
-8.6099733156
-5.7510611144
10.0178803392
7.6770436661
-2.4668854920
-12.2677121248
13.2849964733
-8.3418300822
-25.6051594688
-5.4778507885
26.8990456444
43.5765358855
-20.6208420724
24.3064172801
-22.1330875638
-13.7530817478
24.8073597979
7.1752259987
-0.3351704444
-13.5892176902
7.6394217194
15.8572212816
-11.1750866439
-14.5743764584
