-64.3997929185
-50.4463582016
-107.0877999844
38.5614692801
31.4741741325
99.5094564454
34.0032927248
13.2759752965
-5.7008216155
-45.9612282073
18.5514548509
5.4600051284
14.3301699836
-11.2174141122
-13.4479193118
28.2314285855
-5.1785624208
6.0348910499
20.7622991418
-42.8671845881
14.7819677066
11.8679316841
42.5047977530
6.9770849629
-27.1340700215
14.9809484361
-18.2295045050
73.2638033638
17.4420009148
47.6814984351
-32.2432975004
25.5972462707
-16.3541289171
-44.8743048663
-39.4736026359
-21.0141674787
43.7808595109
-30.7509420294
-138.9236494594
-41.8950487000
61.9011499206
95.6480681895
-5.0954600994
-37.1109732832
43.8995601725
-6.1314642955
-23.0638587235
-18.1039260827
-0.5231485603
14.6582865977
19.7085787830
0.1457018011
5.3119435438
3.6977568444
-59.2004430592
63.5401914239
18.3742932241
-20.7287404133
-62.1678410175
-33.5635903739
75.7799965095
6.3605648732
12.6103740841
-8.4761758960
-9.1842413511
14.1482650736
-3.2432791663
-0.6177177687
-14.3560208769
14.1799264888
6.5206625388
3.0159454617
82.4329254997
-40.0016486361
-31.7970731351
-10.4191788438
26.9826407059
-55.6547202990
-67.6598514491
9.6629690644
85.1708671341
71.9534713849
-188.0308602368
-52.9044461283
-81.2134273938
165.6176613837
67.8789911321
4.0159007056
18.7491311775
-10.5578250112
21.8062957700
-91.2034932664
-77.0013919287
-23.0031446988
71.4369278465
99.8232246278
-8.9912964495
6.7741080174
-31.7911440311
47.4640189013
35.0196597285
88.5951618449
-16.8866810363
-11.2520519376
-124.9855118308
-20.0694240510
16.4800630856
34.0960239110
23.3945841433
3.9042082448
9.1238000652
-20.8526586864
9.8405813031
1.6654378742
-18.4635855300
-3.1219104079
-7.2778446912
-22.1083243266
-3.3299508083
-9.7187500746
23.4767615244
7.4256453952
-16.0622984194
9.9123234612
-0.7351851767
33.1608856318
5.3068563726
71.1997636874
4.4091781723
-23.9850043173
-22.6593752502
-18.8419809458
23.1089199137
-50.3523226125
20.7334836964
26.0322053384
64.1061836896
-3.7803018299
-11.9539036918
-0.0815844707
-10.5321519910
-13.5552360938
-67.6453844354
10.9172235778
91.1589064045
19.3651650807
20.6872366854
12.3863725358
-26.7538958745
9.9777096199
-101.5034141128
14.6265066003
-33.5026391850
120.2149547711
60.2999361006
5.9606230935
-40.4911554604
-83.5440395850
11.9699122725
-79.7343531157
26.2131615918
-14.8955693388
-42.0544230149
21.1447263483
-69.1647766205
3.6090574489
21.0103728522
9.5659096323
37.1811738743
-39.3424508559
51.1668629168
-5.8273961272
-33.1712022727
40.9760375836
-38.6454253924
10.2552509770
-21.0649206087
31.0326930504
23.9921192421
-25.6604505191
-166.0528576156
34.4565134328
62.1670109429
134.9357341246
17.2158648891
-1.4755168157
32.6180168717
-56.2900830811
-57.0077418265
30.9295266412
-63.2553572689
-5.8115654196
8.1915670469
18.7660884149
29.3815561749
-39.4017418957
43.0295234549
-17.3911292026
-21.6386207095
-23.5467249514
50.4535917084
-11.0402169107
8.4386802424
-8.1160895533
36.5128452740
21.5723333271
-50.7187412383
-12.3051438114
-16.6893604560
-63.5552513480
-2.0221683441
13.0366766600
60.1329725326
23.0274540251
12.4373628300
12.3620632095
56.6461850660
26.1181773461
2.8909836663
0.8422055035
-1.4462033256
-15.0356147747
-55.9427561702
-24.1780559428
5.5208021605
-12.2534420247
-28.2832489543
4.9858309669
-28.4863800565
-184.1057934042
-88.1635230754
15.5757561470
30.5811324915
1.6395276899
-12.6435770664
15.3038474387
105.3122705075
5.0275244261
-8.2198844475
-64.0151126525
16.4244480903
-2.1320227826
-43.4117134973
35.1173713621
6.3444377104
-20.5081777453
-2.8341591337
15.0931270833
3.7051326497
-24.0561535650
-6.3205908542
8.6614011042
-16.4951230097
-13.5086333366
81.2340606756
25.8347661760
45.7947389676
-49.7872790035
-7.3776433694
-20.3788046966
-33.8932485550
112.7611224156
58.2392167224
2.5431942852
-87.6781666239
-85.9250491600
42.3005994120
-28.4240058827
24.0567464754
-40.1017319112
-73.5529064737
21.4746216935
67.6747927911
36.9156685982
-11.1724240712
-60.5094706352
29.5185184768
-11.1042038009
-9.5095475699
-24.3424107050
-45.4940148139
-9.0876443891
12.1055701715
43.1006727027
4.5790825759
-1.6137242294
-0.5248917169
2.5831208714
154.5871563453
-106.4953639150
-29.4500966169
-63.5149334410
111.4812660312
-36.8739277062
-84.5825814376
-5.9060516205
58.4002511865
29.8452121059
58.8719706988
6.9637089043
-74.5728309398
-42.9953718160
-3.2268792647
41.8925584763
-17.5656820237
-7.5798613896
9.8392413256
-17.6854499241
2.6747611024
-6.2099893486
-8.9716829735
1.5621884576
-4.4170994553
22.5738775708
-4.2508592380
14.9537931399
10.7201283034
90.2911227464
-5.0957446964
-11.7105495481
-19.8059346703
-7.4759953461
11.4916351711
-55.7127069359
59.2508404430
-270.5960047552
-303.2226781187
-41.3487410596
275.9820028078
285.9322251016
-17.8187361815
-7.8562287842
19.6582999813
-24.5992594893
-54.1394784866
-4.5304757815
-0.8516090624
48.9307606430
6.9615981433
29.9243063530
4.2706268706
0.2738060216
-13.7768660005
-55.7849234223
36.4022081938
-0.6686962047
-1.2973709576
-25.8321573702
12.8896348814
56.5236897778
0.1177282886
53.8844084336
25.3752606178
-20.8938066680
-9.4496873361
25.0357601241
65.6778705717
-48.8568840075
-55.6785552969
-45.1171609652
-107.6183362082
24.3851002537
58.1098436737
133.9301580902
-41.3373571800
-44.3335705836
18.8509931838
8.2442649230
12.6356320670
-119.2425817189
68.5674786859
-66.8514774129
29.6623585393
-25.1282541461
-25.6692255930
87.0560850346
-40.8543723700
91.6962018068
-73.2584671702
2.1952270310
17.8485002834
56.1171904091
-1.7189065339
-46.4228682429
22.4070325849
-3.5010766073
24.2256073567
44.7381726390
-29.0067182215
49.5210622350
-27.3432488098
28.5691503480
-43.7750489890
-11.1586685500
1.8060525042
-1.6132024682
-8.0813568622
-108.0779603485
-66.7166495885
24.6121849360
114.3108716130
26.6593859571
-29.0559297845
-12.7626334742
33.5754485819
15.3211604223
9.2297887278
-6.9172958784
-10.8791231557
-26.2763658402
6.0023284109
-12.5272480463
8.8329893733
-3.6693445781
-62.4976177807
-29.1382257477
26.7514056508
23.5107945813
-28.4887516981
-40.1828420536
31.2632166130
52.3906299777
11.4415698171
-14.9144238895
43.9640688238
-59.6274571276
22.3157243837
-32.5283688196
49.9723856297
-21.7009948834
-17.9641178110
-1.0407474793
-29.4209254253
17.5125572521
-61.1773249071
-7.5621096523
-2.6065764067
29.7842609170
79.1066981688
145.6448817275
122.2996277293
-17.0229318457
15.3682375078
27.9037862997
16.2734931030
-15.5476521942
-19.5960443895
0.1049214240
-5.0969305172
-10.5913837397
-113.6138461495
73.9502750222
-125.5428476046
-22.6035230907
-53.8701785840
66.4778252803
133.6799499024
-81.1498673992
33.6935563331
97.0348856096
-70.5640451590
62.4799490508
-81.8110810747
64.2896301666
-91.7135147905
-28.2136412736
12.8404233184
34.6237141650
108.5602336660
18.3260303177
62.0880352779
-37.6160143600
35.7216656394
39.1547354240
-73.0584192020
-42.7940194450
-99.4786251047
36.5270751236
93.3082065961
24.8761486450
-39.3424508559
-110.4868367122
-48.5256842593
-2.8351196486
17.9085028157
22.6872420389
36.7610375665
60.2689861779
-33.4080106856
-15.9533214883
-14.4695039270
2.4581946506
-24.7623098487
-42.0987727127
35.9746012150
-136.4879735458
72.7604224362
37.6227735385
119.2141220198
-46.7348576942
23.7008816548
13.8438648754
-1.7183729146
-62.1374840051
-99.1756478915
120.3038913307
-50.4474254403
7.4900473226
-133.1498880068
5.4251657134
99.1275035672
12.4121048471
38.5538800270
21.5251376594
-27.1537546467
53.7112785974
-4.0933110871
11.1781990185
-52.5527316804
-18.3107332294
14.0705938115
0.3039733027
69.0539023761
-14.1436403725
-59.5577308648
-77.3219192897
39.7302142560
54.3277868290
-1.3337637978
-33.4607797109
9.6891045547
-131.1019754932
-71.7866263990
50.7186226562
17.5496734430
41.4446739619
-14.8506267307
104.0339556901
21.4206668474
-40.0001070690
19.0911218949
-74.3498966303
42.7968654149
0.3205985102
57.0098763039
-37.6575180878
-22.3246180397
13.1860900802
-0.8028243949
8.2493165196
-48.9644379536
4.4788925769
1.0431665537
60.7876641937
-6.2345476973
-7.6570938980
-6.2953328712
5.1887486214
92.3047650390
7.9492445673
51.0776891930
-6.0603861970
-3.8149277972
-11.4933190366
-81.6326150450
-1.6500933532
-41.7270178933
-202.3283015665
15.1059339479
-14.0436756794
-18.8066434861
0.1808258131
33.1758269738
236.7052464239
-9.1352906687
-13.0385739733
6.5725540568
6.7683449283
33.5556453746
4.7092975574
-10.1193559139
-30.6907023330
1.5114946186
3.4621579688
-5.9604926532
-73.1863692659
-76.5020427918
26.9859610041
29.2357002171
-40.3132823411
30.0291329113
37.0169376941
113.9427928382
-49.6126076004
-95.8743227972
-16.4117598078
5.7351392693
26.6975693867
12.2971988120
28.9640286729
49.2518809144
-5.7490489472
-36.7354238373
-72.3351870989
-81.7696959289
-15.3929025804
66.4532787898
86.2838785327
-4.4232064324
19.8042745212
-4.2421315969
0.4571339166
-0.0263015052
-26.3740774737
-67.8430607620
22.6022186879
28.7950492095
53.6371647977
-21.9305697894
0.0929327757
11.8995930993
-161.5716408300
-73.2488620218
2.0402402530
126.7535706367
78.8981122909
41.0441036973
21.1064243366
31.7026817998
-53.3296814655
-44.5377689246
-49.8821446672
55.6512814187
-3.6066976655
39.8672951400
-14.9637540345
42.7048457212
18.4540989636
-45.3412810955
76.0712340968
63.1588314561
-71.1896842106
6.5684748332
-7.0382495995
-6.0785173970
-77.5628780753
-56.3973998631
77.7367194039
-96.0428279322
-97.5739597432
90.0863314951
16.0774769256
49.0747192876
-67.7416730840
78.5510225441
49.8446727300
-22.0476103019
-12.4738861105
-83.9441355213
118.0696863702
-9.4950212651
83.6821877077
-98.5816702551
18.8865678077
-5.6144582870
-10.9074642727
-15.7436683717
-25.6054284342
12.5064961824
7.1064580117
6.0532001230
10.0991732440
9.4224608907
9.1881071269
-20.1170940470
-273.6649089736
-65.9516765934
307.8509366830
263.8261538345
84.8667041001
-305.6619114948
7.9800996244
-15.4028634751
2.6314074941
92.2280424336
31.6601108332
52.5989786914
-61.8980667865
79.7679118443
-30.7179762113
-24.0292354330
-108.9478784840
-18.2930644996
37.3094796844
9.9791326048
-27.9273841336
150.0857806061
60.3706110200
-6.8910773806
-23.7853120954
-5.8693741833
17.2169321278
15.7858835920
-167.8956231316
-224.3537370194
-170.5850646955
-29.8431962105
145.9686108047
150.9312708332
192.9460874336
81.5156931145
333.8251553846
125.3104267287
-157.4283829710
-111.0329071884
-147.6228308142
-174.4271240725
-223.5841393233
21.6956586898
330.8914347368
75.1474796972
74.7193983901
20.5142254314
-24.1558810939
-127.4757355010
-12.8723218978
-85.9271836374
74.2214722381
15.1904829706
0.4222707852
24.8616816313
-23.5745917400
0.5226386573
-26.5610814132
15.9387358925
-0.8776852617
-2.6358898968
3.8831362093
48.6041855960
218.7009292880
68.3173890801
-50.0861058440
-207.8554122936
-111.6881917600
10.2354240533
-19.0295777956
36.7936476384
32.0864134091
407.6330133293
156.9184800290
-107.7941934322
-68.6474030075
-19.4813755186
74.7738275646
-340.5653607854
-129.0896376035
-39.3639142123
-34.7069587848
8.1982195015
32.5869483668
33.9230126570
1.9839730563
1.7454689197
1.2633734754
-1.2018293761
-60.2812001320
-39.2487710131
-84.7947247779
60.1629737988
-17.1953501893
32.9843169154
1.5286297291
50.3915732808
54.3206719042
-31.3368560844
36.4643452035
-59.7187653288
41.4948341816
-4.1217589280
53.4211082488
-7.5165622755
-25.1984547372
-2.6952402276
28.0830824040
-71.7680090125
-27.1067961432
3.7159710518
49.8584282512
48.8520221422
-45.5452422723
25.9618861653
-16.4300214480
106.9032862686
-1.3222850525
1.1018883995
-83.2288484176
-35.4071859645
-34.1586352490
-17.8917827424
47.4034234586
37.8768949349
-106.8738779129
-2.7569029089
-33.1701350340
110.9285549584
-7.8441452703
-12.2427696375
1.5602437115
18.4359559054
35.6936802686
-61.6076592737
50.5492874466
-128.3318981153
65.5432799115
-56.7199431194
118.5602604332
2.4989513113
9.6413871259
7.2666149683
90.9109512762
11.6398864870
-28.6902226512
-48.4374591922
12.1754150163
36.2200661197
-39.7589111193
-22.4709483258
-17.0581507233
-51.9256696438
-23.3033945241
41.0177784756
-4.4194710968
2.1056382699
12.9096752528
53.8954365670
13.5234560965
-66.7701301063
68.9278496256
61.9271193960
-33.2786376368
14.5515627261
-28.0092057684
1.6739639258
-85.0184891619
-29.9240691888
38.6418679300
27.6847651988
109.7038392410
-97.3645437907
-117.1605175664
-73.6503809431
46.0423383497
90.7949780024
-79.1472532400
79.3189600911
218.7424330158
24.9140949105
167.4153657095
11.1037176143
-5.1417545433
-24.0756010261
-229.8737328218
-25.0498713916
-147.1390159297
108.2042502632
-4.5295626995
8.7298585387
-53.6931355393
70.2174297405
-34.8094137015
-45.4213239992
-72.4425038809
24.8245654404
-38.3464799699
132.6044104410
3.3880323108
58.9875882264
-121.6747001701
-32.9738816924
-19.1450767411
-7.6259542439
15.6962355398
47.0308385647
102.4864595521
-1.9128830996
-47.0231307295
-14.9490498567
-0.5476594761
-0.7501976680
-89.3083144712
1.2956515174
89.2136859718
-71.0664774300
81.1995532905
-91.3772160129
78.4049294221
-75.8773523968
1.3813626445
-4.3810623613
2.7197748598
22.6358959984
106.6421685295
88.1451428531
-20.5085334916
22.3030361012
-37.9572935849
8.8305228660
-120.4888793748
-52.7625033791
-21.5590521342
-61.2985157924
14.3002872995
-9.1162819613
-3.5814041079
-16.9845112519
-90.0002409053
2.7642431396
-11.7791729976
27.6783617665
-13.6569795181
-33.3095875595
-49.9058610831
18.8020187850
13.7693953295
13.5060245308
-4.7058468189
26.6346023025
39.6125808331
35.9968946460
-96.9395456177
37.1512911903
-2.0233067321
-10.0409020101
-69.6029374044
-26.0884132441
111.6025754985
-299.1873299521
-72.1599227854
252.1849510865
278.6655152677
37.6596525652
116.1047813123
6.6587988032
28.0533183020
-375.0027825034
-17.4163871856
-76.8557731350
-37.9275294829
-3.2642563362
-7.9362361132
21.1027482921
26.6349580487
93.0763786306
22.7647947189
22.8824281418
52.9912482105
60.8452950844
-57.7708175083
-40.3062859984
-32.9924990789
42.8956442871
-4.7171121165
-21.2666287260
91.4197869794
-49.6632421483
41.6140091715
8.9270723952
-2.7765993923
-28.4544814771
-101.6553177567
39.9346497611
-20.3629146979
-77.8341938733
122.9459000628
37.1911347690
6.2441054129
-68.7777247129
-70.5089044920
71.6574905144
-53.1789636424
25.3643510665
3.6511185125
15.7140228518
29.6548878682
3.3667586858
-11.9380136931
-6.3203536900
-3.7020139410
-1.8289388455
-12.4390229792
-74.2137644030
37.1815296205
29.2483884996
3.7443003106
-10.6322708407
-3.1390099438
76.8769993273
-29.2981929730
-28.3843994681
-68.8068959044
-63.0302884819
-22.1159135797
4.5512869365
33.7540331936
-36.3757643901
50.7492168327
34.1549592046
55.2829654796
-24.9668639359
22.7375208406
81.7817913010
-39.8446459628
-4.9473036493
-12.8636654060
61.2752737048
-11.2507356765
-81.6078313903
112.7300539108
109.3568680763
20.0052711460
-32.5108186718
31.3263022793
-30.6547719629
-76.8580261945
-143.5412356366
-4.9014005263
-28.9789700149
62.9247504311
28.1400018022
-7.5444883553
-28.7814122704
39.7060235118
38.2542231120
-35.3563142523
-70.0354062484
1.9107960550
-0.2589714035
-3.6482844008
-27.4754678285
-11.2272564248
50.6779490029
3.4879614293
-5.0696210643
-4.7789408128
238.4021559821
-48.0781554912
-401.4110116160
-265.9606312662
153.5780228485
388.2246843716
28.3969691685
-104.3486725292
12.4046341761
7.5554334812
-22.2387646141
-28.1864859774
3.8322170644
5.1030967854
6.3428249941
-0.6874084569
15.5175323460
12.5112394656
17.2329407085
-85.2743892896
-93.8255802091
-43.4770522231
39.2122477326
126.6480325859
28.7388413038
56.1371121985
-30.2774437858
-54.6240048636
166.8141545663
18.5435098516
53.7552725490
-0.4515605589
32.7403935778
12.1755335984
-176.0327254294
-47.7458885043
-36.4179796104
28.2855020138
10.3879206076
60.0199638108
-28.4200926740
-21.7018249579
-21.3535493903
-15.5471778659
13.0932403120
93.8972037851
-18.3191525571
-8.5631439931
-46.1572443848
-20.4539857350
-10.3898772119
-45.8363612775
40.2524497343
20.4799552104
-52.2692019282
43.0374684543
47.9162909526
34.5225636511
-58.7720060058
-43.0122104713
0.0901460969
2.3570085621
-4.5678172783
-65.6757360943
-31.0833275983
41.1553336879
47.7710279052
6.1172937370
-49.3549287415
19.1306097274
30.9775523834
13.2127710481
92.4824009942
36.4037497609
-14.3535306533
-90.6941832348
-20.9509632303
0.6637987648
-4.4106960230
-8.4983863195
13.2494129107
-55.3755780837
32.1742827301
-1.2558672297
7.7351090481
-22.7384694972
6.5450430143
46.7298772469
-10.8294728390
-7.0408346889
49.5529608144
-70.9197913976
118.3766953741
-22.9987571618
-48.1222680248
-27.5269324510
-27.0027996594
132.9269536973
-92.5222445729
-66.6066054187
-24.5722227752
-49.8894967561
8.7520926786
-2.6747136696
18.4046502364
56.2107516699
21.6413480974
43.1172741938
3.7651351820
-0.1716949930
-0.6584507130
2.4369328837
2.5953466838
1.4206963203
-0.4904317645
2.6631993497
-2.7821846083
0.7186666930
-5.3492613243
1.8730276627
-2.8831453908
1.1822633330
-4.7413621517
1.5642280694
0.8090855287
1.2994224276
4.5161747827
3.6947448596
1.0197584512
-4.0433761734
-4.5334047589
0.1729401048
-2.1032429119
0.4045071897
0.3796879605
-0.2460340986
4.6894943502
0.4859967948
-0.2556866799
-1.8436667398
0.7039269405
0.5177175010
-1.4185262682
-0.9601590980
-2.1009187031
2.2906737468
-2.5892041320
2.1084486652
-1.6777704105
3.6310307082
-0.6581186832
-0.8170661026
-1.0493091054
-12.5495414773
8.9138267769
-4.8207409958
-1.1134264358
-5.3979392679
-1.7659717613
4.5955892014
-6.2104755351
-0.0101506260
0.2090127734
6.0966723134
-1.0736777227
2.9632001527
-5.1201607466
1.9906373692
1.1615589019
-3.3266898011
0.2397136738
-1.9547781483
-0.7186074020
-2.5746066781
-0.2794149540
3.7831122252
-2.3639456138
-2.0794553467
-4.0636181344
1.7970521243
-8.1677794817
-18.0908820540
0.0122613870
1.8707627450
9.5576326031
2.0977644198
2.5604361195
8.9045536583
4.2208223972
-2.3204022741
0.8616648227
5.7077586671
2.8618480493
0.8964449467
-6.7852547328
1.0844094009
-3.1078584315
-0.2311994805
-2.0498809761
1.8914790343
1.2202451730
1.8397416730
-3.1917789692
-2.7581954536
2.3171175505
-0.3868977509
-2.4898204912
10.1006910946
-14.2012712631
10.3306454632
-9.0362390576
12.4589447685
-11.0764081614
3.2100050348
5.1980335982
3.1467177790
1.1344036057
6.4595809096
-10.7181835573
-2.6386647174
-3.7390826991
1.6910753198
-5.5963863780
-3.3230018984
9.2301563323
-0.9233749369
4.3183442994
1.9292118520
0.7398810271
-1.3224629256
-1.0901250572
3.5687869747
0.0430690113
0.1864703201
0.9861997227
2.5798835806
4.1353958671
0.1485121964
4.1795558335
-0.1541092706
-1.3803191222
-2.9872841730
-1.0066788478
2.0144012179
-0.3962064441
-1.1469021569
-1.2519658793
1.9625215581
1.7777113872
-1.7362313757
2.9301394689
1.7747705516
2.8962724270
1.9502008800
1.4859994715
1.3512309381
-2.1040018372
0.5227928140
0.9829980065
-0.0334638628
-1.2646897365
-1.1106516151
3.4610670136
6.0758137256
-0.2613667615
-4.5441482953
-1.7618806795
4.8095942803
0.0166014911
1.0196161527
1.2409496041
2.2949308435
3.5164448448
4.3982093300
-4.4509427808
-4.8842891322
-0.1932769314
-2.9159451940
0.9618311053
-3.4243895764
3.2692842164
-1.4773548379
1.8363620837
-4.5166728274
0.9312487870
-1.1487401791
-3.2603668440
-3.2154598105
2.7435624250
-3.4648972148
-0.2145979893
4.2427600819
-0.2606434108
0.4318996501
0.0751810384
0.2737467306
0.0756790832
-0.4543590959
-4.7866012151
5.0093813679
0.5704983846
0.5627194002
1.8253220921
2.6546732982
0.4512522455
-4.4375192894
2.6982403542
-1.2212175461
-0.7009386721
0.2000242518
-1.4882406728
2.9970909110
0.8453597868
2.7412737908
-2.1851712706
-2.5174026829
4.0587799855
9.2422161298
1.5390056610
0.8240268707
0.1857825440
2.5467754640
-5.1306434024
-7.8300102864
-1.6202343855
0.6774712786
-9.8397868032
-1.1843503776
2.0917878830
-2.6749271173
-3.3321801514
1.8576001341
1.2411274773
26.3182253143
-13.0653735233
0.4365599258
-8.9322425739
8.0791512355
-11.4613018752
-15.3291054216
14.9862846297
15.9421747728
-6.9608510762
1.0726934915
3.4373387395
1.7182187579
0.3099972723
3.0114630591
4.7816919170
1.3310008353
-3.3541652689
11.7408116948
0.1375314958
0.3793440724
-2.9813076362
2.6176638311
-0.8252126915
-9.3854988565
1.4396575948
-1.2731564969
4.3415389542
0.1448717266
1.7849804686
-1.2837340184
-0.4128790845
0.5524739086
-1.9062899360
-0.5429517676
1.1478982463
-4.0100190344
-2.1327224169
5.5910383262
1.6710942394
-0.8356834891
-7.7651814635
2.6493015300
2.2263666851
-0.1651255458
-1.6419586225
-3.5676011539
-3.5457939094
-0.7915353809
-1.0471746280
-1.8303855469
-5.6610136114
3.2804546483
2.5059476540
2.8280877313
-8.5191144670
-2.2425412807
-4.8556159854
5.1383275212
2.3704201953
-2.0594386917
3.3084044444
-0.9025874984
-1.7718534324
1.7542558518
-1.2751486759
-0.7047925897
2.3419960708
2.3794561498
0.4277611355
-1.5058619698
1.2471277305
-9.4230893757
-4.6195783561
2.8838687415
5.8866871669
-3.8881403731
-9.6855945252
-0.6912979491
0.3854984824
0.1194833033
1.9649643489
-1.0394549346
2.2055555301
-0.9937415429
1.7847077298
0.5802221152
-2.9029485981
-2.0251921871
-2.9442744528
-0.5156423147
-0.1072812074
-0.7480276159
1.2384000894
3.5184014491
2.4086510577
-3.3774192147
0.6556403178
-1.1469021569
-1.5327445272
-1.1515980072
-5.0188442179
0.3730829386
-1.0295177563
1.3439499984
-2.6407280456
-0.3141476451
4.4916164340
5.0961597337
-1.6145187293
-5.6815757440
-0.9827608424
-1.9026257497
-0.1462947115
-4.6231358184
-0.2456309196
1.8990089963
0.5278325524
3.5485212973
2.9486857062
1.6430377194
0.1520103678
-2.8892523679
-1.3665517428
-5.0856652197
1.5089806785
3.0242936401
5.0320424033
5.4588904568
3.6516046990
-2.1110574709
-2.8022368379
-2.6103354586
-3.6687635259
-2.7056991670
3.8109434393
-3.0847705006
6.4405840605
0.7088599550
-1.2748166461
-3.0876401870
-4.8054794822
3.5704589820
-3.7117258133
0.4104600101
-0.0485830780
2.4878520287
0.3282826290
2.9622396378
1.1726344681
3.9437197937
0.4945584209
-4.1891846984
-3.6897525540
0.0657656213
0.2172305115
0.1256021386
-0.1502672112
3.0000791794
0.9681278137
1.4265661332
0.1960517521
-2.7583733267
2.0200694413
-2.6995091824
0.3006411462
-0.5225082171
-0.6394775803
0.5350067682
-0.2396188081
1.3714491827
-5.2200661486
-0.5216900007
-2.6930938919
-0.0215582221
0.0665838377
0.8090380958
-0.5752416678
1.7210884442
-0.2633233658
-1.5498440631
-6.1051034992
1.7137007806
-1.8142109512
5.5608591870
3.0502512573
-4.2990747115
4.8490583964
0.1502790694
-4.3895884128
3.9384784658
5.3081963501
-1.8048666834
-0.9697523882
-1.3000983454
2.1395646029
1.9126696519
-1.1588196558
-6.8780689265
-3.1235824153
3.6523873407
1.1900897502
2.3591786142
0.7265524013
2.0303030748
2.2441539970
-3.4040290334
-3.4407301870
-0.7404739375
-1.6447571596
0.7549053765
-6.0596747046
-2.0503790208
2.9020948071
1.4054348067
3.1364960037
1.7951548111
-1.1779706617
0.3115269811
0.9196277432
0.1204201018
-1.8801663039
-2.2257026254
-1.5222025804
0.9356363240
-1.6640148893
1.2174347778
-3.2353815998
0.4512878201
-4.1522700970
2.7650732142
3.2827432824
-1.1498667088
-0.0749913071
0.5569088783
-0.2713276562
0.4502205814
-2.3593920619
-1.6711179559
1.4980592690
-0.5401057977
-2.0806767422
1.8570427984
0.9680210899
5.7573141182
4.2850938843
-1.2894852493
-0.8437352123
0.6226507832
-0.7547037870
-1.2030389133
-2.9732440548
5.5388384948
-4.0205491231
5.0456437678
-1.7927594530
-0.3843245198
-1.9819215863
-3.4366509634
3.2984672662
-3.3180214511
0.9473759498
-5.3229242444
0.7262559461
2.1418176624
0.0497451824
-1.3343685664
0.3896369969
2.3491940031
-1.0161654142
1.0668473950
3.2916487966
-1.8898781762
-3.9792469848
-2.8919441811
0.6106502768
-0.5552368710
-0.3906923774
-1.2953194876
3.0592634953
2.9080001947
2.4396721297
-1.5323294900
0.0457489663
-2.3510557417
-1.8595330220
2.9165618208
0.9198649074
1.8100605785
-2.0730519144
-0.9320670034
-4.2699035199
-2.0568536024
2.4346086750
0.7440432580
-0.5368329323
3.5967249126
-0.6710085553
-0.9747802684
1.3831769503
-2.9101583885
0.9388024655
-0.4086694207
0.1311873546
-5.5035010351
-0.8244893408
11.0033734586
-12.0817351735
20.7895730201
-2.5110111088
9.6926264425
-17.9120602780
-3.7535615710
1.5053639251
0.1389070480
-0.9021250283
6.6420668718
-2.3810925825
-0.6078991725
-1.4508280267
2.8460410581
1.8180174360
-9.3208953395
2.4886465286
-0.6103538216
-1.5295546693
-3.7548778321
4.8628376340
1.9221917929
2.7834060037
0.3249267561
3.6849025470
-0.6662889885
2.7321904035
-3.7925276423
-1.1338699863
-2.2886697097
-2.2971008955
-1.7613589184
1.4907546129
-0.4035941077
-0.5690398251
-1.7253455408
3.7428298928
-1.0897930274
6.5521105063
-2.1248248504
1.0005481543
4.3020392635
2.1051402252
-2.5783538718
96.2814150763
-56.9456048168
358.6692868681
-57.6136962529
50.6876727334
-405.6823381209
-36.4471508020
9.2487618606
40.3101992070
162.9128041495
-70.5699742630
-20.8359386132
-38.7814390376
60.4618006392
6.4814830197
-116.7129887982
8.7988851672
8.1314459326
2.9461124750
-19.9258211527
-17.0200858758
14.7418869637
-43.0074671881
14.6944541319
-15.7072636732
66.8546791290
1.6621294342
47.9931321401
141.9344484588
-21.7231697323
-47.2573303366
-158.9972238833
32.9138791601
2.6040506084
24.2041440003
-9.0542872501
71.8048880393
-172.2973899240
30.9909521584
-7.5516744293
17.6000708268
5.7721368781
-72.2222969592
152.4016886195
-31.5411730074
98.5765712257
-36.9415194916
27.9233523429
-100.7384411177
14.5190712363
-38.1222412575
4.1938212577
30.4867411562
11.1933538083
17.3816426363
-18.4608581421
-167.0904508116
-2.8975531135
51.4462422962
105.7309838303
-6.0943836792
-33.2736571894
61.5478939057
55.5591431429
-21.7312333137
20.1876503843
8.3791283221
-21.7211538369
6.2739880969
-67.6444357787
40.2852969703
-30.2906063966
-77.8172366359
-37.8694242639
80.3222830661
-26.9149303385
51.8121865937
24.5504036725
94.3758010581
-1.0111019594
-42.4506057426
-72.5984393155
249.1883819366
-287.7417876353
89.2065710470
-257.9954729838
282.8609492416
-10.8362794504
10.7167605724
6.0120284250
-22.8832582164
-28.4657467747
-58.6891171322
25.0113322157
-7.4038025761
20.3876983525
0.9113032812
24.7042046297
37.8368141921
-81.3385314877
-21.8444791996
57.5053122322
82.8645642693
18.6198767108
-70.7221150710
-5.3785866725
2.0774631678
6.7284776332
6.5309791797
-20.3955247698
28.8200700283
-3.7417982287
-1.3131542324
-31.9528899876
12.9281740572
9.3035230649
19.3958778393
-112.3545044649
41.7642526663
116.8294364003
33.2906144268
-10.1567567018
-126.5057340904
84.2975101184
-32.2917975709
7.0047383038
-2.5523606799
1.4714850250
2.8249097315
-2.5321898682
0.4357891423
0.1375196376
7.3924898457
6.2545050612
-4.4952569039
33.5303873916
-34.8691790696
52.1489596996
32.1560210898
-9.1258989680
-33.6295220101
-62.2201357145
39.2139078817
-20.6700422839
-53.5219030164
-29.4476063932
40.0152855752
9.0269303644
-3.5883411596
-23.4838764492
39.8751215572
35.0434947265
-19.7154565436
23.1187622263
128.7137324114
12.4838470052
-37.9581236594
-71.7019587942
55.9563931093
23.7306457567
-57.1406723376
-68.4161679524
204.8730729933
-61.0579127530
-31.1505636374
-27.6456331126
20.4925249108
-3.9488543978
-184.1449254904
41.4012729208
32.9577545296
29.6328316015
-24.5624990447
3.5334850896
-38.9225517123
-0.7718151811
-13.1688956787
1.8796445427
34.0234516783
27.4883932751
99.2096809483
10.6642287112
-28.8168683122
-22.0257911992
-11.5111300650
40.6200541808
-83.4326910123
10.3109608380
-5.8299219255
12.0701141297
-17.3968211425
-28.0528439737
-13.7529124204
16.4526706252
-4.3184747397
-0.8512770326
-5.5239683021
29.6127912300
-87.1185777905
-47.2744061561
6.9787806866
97.7877632326
55.8079283457
-16.5500265125
-18.7917021440
4.9535647831
6.7248845961
151.9143162726
-47.2569745904
-205.5276460723
-7.5725567335
-10.1602074403
3.6476084829
-150.8399626320
53.7361808341
204.0951745515
9.2340221081
16.1537252027
87.4616357466
-56.7221961789
-40.4143142729
20.6800031786
52.7964178538
31.2936922074
-104.2016307505
9.3669051864
-3.3284803905
-108.0072854291
-28.4955108766
8.6263719579
19.2802603117
12.5235720019
-3.6842147709
89.2544782071
-42.7522785530
-54.0842192376
-73.9633190510
35.0158651020
-59.8543046457
48.7002370804
32.3749236086
80.7843974300
-26.1926468920
-48.4506218030
-45.1928163319
-7.9722376326
25.4762925496
18.7330040147
-16.4818418168
20.8328554791
22.3414566950
22.7216308419
84.4173966008
1.5969922979
-24.0129896881
-42.9412983878
-13.8793209172
-37.1746518599
-39.4064851789
0.6052073593
56.8966304179
-181.0700921681
-27.4777208880
99.3644305621
125.9365401087
80.5964448340
-70.9037828169
55.1512207892
-49.6121332720
-31.2236101984
208.7424062485
-177.4094633728
-79.4923270914
-218.4886673656
174.8955232866
102.6243705106
21.9927067990
-0.5629684226
-14.8573859092
112.3370728992
-39.8719198411
34.5112983536
-90.2516349139
16.9306749878
-58.3638464880
-29.0070739677
11.4815912690
26.0062358630
35.3245342550
-4.9209428530
-0.2967160794
14.9785767945
-38.1780934170
5.8428710886
-25.3022140568
44.3210008832
-18.8755396743
-12.4362955913
-10.1665041487
-47.9322995333
3.7556130410
-7.2894183022
-4.1317198226
4.5560539361
12.6891125849
57.0766380147
-237.1084254943
28.9816974027
42.7555988512
38.1835481926
7.8072425271
12.7805393682
201.4081046293
-34.6110258824
-57.6408515491
-105.1948742487
-2.8220519034
-86.9456851186
65.7963340692
-48.3795911374
97.4984229585
47.0806430381
49.9950348069
-6.3624859029
-35.4242617839
-11.2615740786
-11.9209378737
-38.6949927017
11.7811770347
6.1885497086
84.9790013295
-1.3983198819
5.6267078158
104.4393878200
135.0412721754
144.2681437841
-135.0555020250
-65.1395079306
-170.7024609542
32.8137958850
-65.7130894493
17.3256718947
-213.0564223021
7.8567742617
267.2697774243
-14.5024697452
101.8625992317
0.6780997636
217.7072114615
-112.4734422906
-262.9498322668
29.7322033841
-104.4832631894
-3.0549826823
-59.3276816305
-10.5253098050
-34.1090679398
39.4859351722
111.4305129011
26.7509313225
-23.6679158366
6.6509368113
-20.4139049921
-18.4867090355
-24.4328888317
-30.0388566418
48.4988847094
7.0143790269
55.2401573489
234.9798771666
0.1764145597
123.2625142151
34.8823416804
36.2082079117
-41.8885266856
-272.5253351893
-36.2715307422
-89.3540871539
-9.1284129080
4.2380879480
8.8616862365
6.1285353182
13.3273213370
-0.1381481227
8.2623961230
-12.5979229657
-5.8422544617
2.2941482017
-64.2148048744
-39.9388001339
12.1451765861
26.1823302511
94.0100939248
-28.9881008350
38.2868331839
-47.4767071838
-48.8862923632
129.0991241699
111.8456687616
28.7677753312
-123.9823074379
-60.4313250447
23.0465457399
-8.9611884595
-51.5194074393
-133.0526507016
42.4932952913
17.8711494606
16.3061031749
0.1227443105
-18.7720175188
108.9966157186
-33.0232118375
10.6248357443
251.4734586093
227.4178979546
-287.6196480934
-15.0634815634
27.3260544082
117.1676324911
-228.4732784625
-257.5899222718
175.6734217284
-38.4121744420
33.3094689775
192.2749128634
-5.2966227392
-52.5137181762
-158.9391186643
45.6926397972
21.4586131128
-48.1151531000
-126.6504042275
32.3092291366
27.9248939099
-2.0302319255
1.3126561876
-1.1103314435
119.5153205018
-32.9117446827
-27.5437711063
135.7503930111
247.6527440066
75.9622571657
-127.1069452337
-243.5509898755
-74.3146777526
-8.0480708724
-2.0503434462
-6.5127768305
-26.9291601880
55.9681327352
144.8563108986
13.4951149795
-44.3917943846
-88.0342686087
17.3336168941
-8.7749315872
-46.3574109350
-34.2237368107
-1.2721129746
24.1790045994
5.3775431502
-21.3497547638
-28.1371558323
24.5645149400
20.8256219722
6.0847073816
-56.2170365201
51.1126709065
4.6276656539
35.1254349435
-27.8622825719
-1.5558917492
16.4058307038
-24.9778920693
-5.0155950689
97.1603454498
-89.8049362203
-38.1237828245
-68.4605176501
27.3343551538
-28.2266853023
-26.4837658973
57.2663693419
67.0677711260
-23.8194637343
-67.8953554590
-11.8622397443
-30.0879496227
15.1991394624
7.1797298786
39.6160197134
56.4289426962
6.9528230694
7.4723785927
-27.8920466739
-4.7333460032
-17.8862093847
61.6649344182
13.6658731740
-1.1277037182
-36.4173867000
-12.1826485232
-39.3112637690
2.0041557262
-31.0043519334
24.6032912800
58.1749452353
25.0780939265
9.8839586278
-63.2507325678
4.1791763709
-21.7320633882
15.6680130049
-140.3976247081
72.2278703170
34.4207016448
16.6431134449
-49.4679374633
-47.9350269212
124.6511103665
-16.4461486108
13.6753597404
7.0104658183
28.3699324544
-29.9867991089
-14.7275385321
-10.7583473077
17.1703293706
10.3305387393
18.4073776243
-37.9086749323
-39.2002709426
-9.3702136264
-25.7077647688
49.8778757123
-3.4226819945
63.2168180930
-10.9774395578
-33.1365763055
75.8109464322
-16.6561574737
25.8396280413
-74.5821989241
3.4965111972
7.3640775795
-11.9196334708
10.4027315094
-9.1676754346
129.3386599705
-48.8076724445
30.8723700788
-135.1693408213
52.0614461249
-21.3941044615
7.7001510511
-4.6379585784
23.6028142750
163.9575122702
-120.7711047241
-40.7274895449
-146.7322793969
69.4575557749
19.1349972643
-15.1801663297
56.0651328762
-22.1243329073
24.2122075817
-108.6904367893
54.6767738890
-27.9213364475
55.6374073153
-72.3894976914
31.2642838517
44.9990532139
-8.2588386606
-36.0158677787
129.3754204152
-16.9468021506
30.6176557720
-107.4715315937
33.1955115990
10.2681527073
-18.5290428379
-9.1063566413
58.4049944696
3.3578887462
21.1161480671
-4.5549511227
18.0626595191
-7.5250053196
-50.3622835072
-16.8055708939
-11.0831199071
16.9494109564
5.7916910630
32.1128572129
10.4408912226
16.4435398051
-15.3390663163
-22.1527926064
-22.6558177878
5.8789437571
22.3954115411
15.7462771774
-1.0568865003
20.7747502601
18.1894237621
-11.4835478733
-37.8658668015
-31.2855100439
-82.2594399174
-27.1440309162
24.4519805465
-2.1849459647
-1.7812332749
-11.5668043513
92.8996913321
27.2697279205
-16.2730187747
7.3222418218
84.4765690585
39.4299644306
-8.0426753878
-70.4487833777
-26.1532776416
0.1534689273
-5.9287600888
-18.3704985975
-72.1669191281
-35.1265021822
-56.3809169540
65.9540482350
-18.4754437379
16.1390210248
5.6379375387
54.1170664736
34.1024273433
-53.2478598306
22.3752525876
90.6939460706
42.2990578450
-28.5248006503
-87.6723561020
14.6592352543
9.5653048637
-0.3878582657
-152.3708572788
-54.2629224314
-99.8183627626
80.0322312995
-37.4070727358
54.2650569089
52.4252559449
83.7940106087
31.5392756942
-18.1194603352
28.6757556375
40.4197690485
4.7102462141
-12.1537144958
-18.8352217672
9.4486675302
-16.6546159067
-24.5895357588
35.1256721076
-38.3567966108
-45.2559019982
13.5744463907
68.2467141607
20.1346441948
-50.6875541514
-32.8609915527
23.5868056942
113.1916939464
141.7980790674
-74.8933583008
-59.1129294845
-57.2741957592
90.1796555917
-50.9302916682
-81.9280030051
-9.0447532509
93.5612607538
-49.9423843636
-84.8221172382
-4.2045529359
66.0812868063
60.5025928745
-88.7119651932
-18.1083136197
21.0637347880
7.8119502357
11.2897610389
-2.7703856914
0.6136385452
32.7445439506
15.7448541925
-9.5365605676
-47.0084265517
-19.5540663334
12.5043617050
40.2484179436
-85.3706779382
-37.7147932322
-44.9073892665
63.2672154768
22.8451933688
1.0253911000
21.4864799015
17.0066861008
0.8009152234
29.3348348356
-34.3253616528
-21.1723559728
-21.5496841499
19.2861894157
16.8739927538
-9.3764984766
-7.4931897477
-6.8287387814
-57.7085619165
-3.3304251366
11.9426383942
5.9522867733
5.2739142709
-3.1109415656
49.7315454261
-40.7461069314
-36.4673097555
2.5193711454
43.2709565689
75.1895763355
-20.2548864234
-7.7056888342
-31.6139824043
18.5717323865
-18.7223316275
15.2343583401
-8.7647691029
20.7711927977
-50.1304555417
13.9543833735
6.6401102675
35.1970585195
-7.9513790448
-59.5897480263
-131.3818292009
28.6917642183
59.2321044744
99.8809741006
-64.2392327828
-0.9945479011
31.8981050668
33.2936975609
-11.3096472537
-50.3350096289
6.9337076382
8.8847978838
21.9541676232
-1.8205432343
9.2173969005
23.7274440406
-1.5426461309
-50.5823718468
35.0168137586
49.3214885951
47.4206178601
1.0308458756
-21.3510591667
-7.4955732475
-37.0322347824
-30.3212005732
6.9033624841
-109.9540474288
36.7654251035
-18.0402475060
109.2546503237
-40.0928382552
13.0598001655
3.4256228300
10.1053988031
5.6527128658
64.1095039878
-113.2719740142
23.4141501864
-67.4983426568
95.7635671349
-29.1742746999
0.6912386580
18.8232449772
-24.1595571384
-60.8864430660
-11.0590951778
98.7757891193
56.7953613220
37.9620368681
-73.7393175027
1.4860350461
-36.9984388897
-105.4039344550
40.9276560952
4.0527085830
108.7104771607
-47.7961673060
-39.4999278576
-6.3229980704
20.2961529871
45.5791567470
-15.8604717200
40.3827714397
25.3405160685
1.3458591699
1.1810182211
-41.9257614586
8.8228980383
-44.2826988715
7.6986213423
46.3908510815
4.1122605034
80.1952816589
-34.3346110550
-17.8495675221
-56.6605334976
-12.2226106840
11.1187419638
-26.2432814400
-18.4365488158
21.7133274197
-3.5871909134
23.3457283265
-18.6699183484
-11.9984905537
-8.0456992308
1.9670039607
3.4579720213
-100.0788875913
20.8243175694
79.1123901086
89.1102823984
9.6945474722
-0.4333344932
22.4320534037
-36.6008331771
-75.2830190141
-35.6380652733
80.7670844464
-23.8680823869
48.5288859755
-37.8949194110
23.0332645470
-17.8619000584
-40.3126894307
3.6798390922
-4.6947001034
6.6942429868
15.3965786249
22.5787394361
30.5901447295
10.7990802520
-16.1190992355
-45.2051488682
-25.0112136336
39.8536582008
-34.7165639332
5.4923898943
-18.0012340019
16.0632470760
1.9037404213
-22.9072117964
14.4253913935
-1.1395737843
-24.0670631164
9.9040701485
17.4237392745
18.9494163098
-21.3681349861
-4.7204679893
15.1074755149
9.1205627744
0.2232307647
2.9598205634
22.4031193763
48.0436481060
7.8245317943
-65.3409788838
-9.7744243609
-7.6946369844
40.0960399714
-32.4946915090
126.8804534618
-26.3772791899
65.6923375854
-36.5175885572
-35.7896131710
4.1935840935
-92.5850930750
62.1322663936
-72.5118743975
8.7485470745
-14.6300640627
-6.1072854095
-0.1267523848
2.3879584849
-12.6080024425
-16.6185669545
14.5153951918
22.4596830282
67.1690402219
-103.1939202386
25.3571175596
-38.0087582074
80.2727157568
-23.4377480203
-25.5247926201
24.9387599830
-2.2704436440
-54.6470097871
31.6392403872
101.5715988085
105.6733529397
11.8288826053
-95.3833929879
-43.1635212048
-40.0245349774
-9.1076610441
86.6313240257
-13.4191038665
-87.9448577207
-31.1077555067
27.1959698670
-8.4561710992
-50.8054247384
-14.5388744436
97.8017559180
-43.1993329928
37.1983682758
2.1534505644
21.3906655812
-10.6980127456
22.0541323162
21.4197181907
-24.6654282897
-23.5530098016
-52.9090708294
-52.3568340850
-31.3635370523
6.3368958901
23.9879688693
25.5418684395
51.4105490903
21.0626675492
8.2044569189
-14.6523574937
-90.4685215374
66.1237391908
-39.2562416841
-12.9159601030
-53.6872064353
49.2308918863
110.3454868734
-8.6403172105
100.0666736371
-97.6626591387
79.8541210161
-35.3452861189
26.6496622266
-95.8960233178
-68.2356860273
62.8718628237
24.7953942489
-18.2522722642
-60.4590732514
34.7726532569
15.3867363123
25.2109058556
-12.9178574163
7.2057230705
36.8644411399
-19.1913237521
-100.0857653519
25.6350739541
10.6239226623
113.3233200547
-29.9641499317
-1.5246453712
-10.7270772133
2.0903056070
-10.1227355032
16.7516160477
-9.5404144852
-13.0107071846
6.1454806973
-8.3651712113
-62.5112547198
-17.6578202995
20.5770739335
71.7234221506
38.9789967821
10.8166659744
1.1753499977
-13.5443265425
-16.1140002060
16.2031739299
-25.3592520371
2.6588118127
-21.1901432847
109.4536310532
21.3761985675
39.2921720542
-66.7752291358
-68.2993646040
-14.1808751455
-47.7270339537
53.3772328794
-27.6002161761
-57.3783108250
-1.4676666820
-8.2433874156
31.5663124083
-10.6708100166
7.5050242392
22.6265280142
12.5835745341
5.3156788794
76.3223909413
13.8346154732
114.5009586865
-57.8899924982
-31.2124634829
-107.2943699669
-14.3228178947
10.2379498516
-2.3135956628
61.2478812444
-2.1911715239
-55.2095631724
-53.8628264951
-13.2889007432
57.6522354287
-8.1231689034
17.1091410175
0.4058471672
26.7202185639
3.6828036441
-6.1024354025
31.6031914350
23.7244794886
19.7563673611
-61.9153797701
-27.0382557012
-10.9289987783
-31.5057169656
64.3332683719
-37.6958200995
7.5785332703
-21.0897042634
12.6580440801
19.2069765866
-46.6807842659
24.7247193295
63.1372495177
-19.1507686809
-91.7401957584
-14.1940377563
62.2989927974
87.0554921242
-48.5253285131
-44.6966689111
-0.6760245772
-29.9335557552
-83.5905237602
8.4693337100
46.6943026230
55.5125403856
16.0270795417
-16.7026416489
25.0785682548
-22.1278903697
-5.0798546978
13.3111941741
47.6690473168
-3.8029154325
-10.1790501327
16.3228232481
5.7541716931
1.8233892042
-55.8864296824
8.4404589736
-41.4026959058
-5.2232560066
-18.7902791591
-2.9844382031
39.0146899881
7.4507017886
43.8242605520
-36.0171721816
2.1671112199
22.4806720563
101.3909983014
-43.2645531366
10.4402153047
-55.7310871582
31.5527940512
-27.6566612460
-44.0154148642
129.0493196965
-61.4097457830
70.2489725737
-39.6680772463
28.2355789583
-115.7154763452
-85.2917022732
27.5793457301
49.5368336515
53.4477892167
2.0008828608
64.1098597340
-17.3019554788
31.1043166264
-6.5526678420
-30.6279724129
-33.4841403806
-63.5231156045
-24.6996985107
16.8815820069
-27.1162827095
-35.2679706031
30.5125920495
-27.3778747770
64.1961874879
-44.4852370633
57.7615681061
-14.8571487450
1.1827376613
18.4239791154
14.9928066440
-1.7983921018
-18.5277384350
-1.5420057877
-5.0296351871
-0.4112189354
28.4122662568
-28.8010968956
0.9368695776
-14.3487873701
63.7778299113
-3.7104214105
-16.1444758005
-27.7148850470
-0.8533522190
50.2784459770
20.1058287495
94.1622347329
-60.7688096431
-25.5923844054
-59.6592371249
44.0412657575
14.9393261262
-32.6724460462
-19.5631971535
-30.1446318567
71.1024078001
5.5133314895
-5.3329918630
-51.6248269080
-0.0004861865
38.4164433968
-4.8325992037
-9.0600977720
76.8134393326
4.5944033806
19.3276931435
-4.1069717426
32.6276220201
-19.9611586124
-79.7168029680
-43.8865161437
24.1753285550
5.9225108132
15.6106192784
-23.8780432816
-0.4524736409
-5.0954126666
0.1330490932
7.7938901849
-19.0146364536
16.5015264420
-21.2417264893
-33.1532963787
-17.5040193424
6.3033134452
10.0105449977
-2.4556332777
0.9493799870
14.7758014385
83.9220792546
51.7888259240
-20.3159561944
-7.5821500237
-13.4160207324
10.3363492612
-67.2872665552
-28.2945142518
33.4801085899
-77.2485169824
35.8394176444
-24.8853980472
74.5500631805
-1.9623555432
42.3853855989
-38.7015147160
1.5836755304
-11.0214928004
-15.7077380016
0.6544426388
11.3305769907
-12.8263120509
11.6046320347
-5.6080548547
8.5313165630
2.2844600458
-10.6635172187
-21.0930245616
-61.9487013345
-24.7907695478
-7.7725928435
81.6019022864
9.0419902885
-2.8600693181
-12.5278409567
22.1236214148
-74.5945314603
-6.6110813744
-8.6321587634
1.9080449508
3.9447395996
-41.8163101992
81.7219073508
-0.3298479124
40.7509687967
-30.1518653636
-104.8117355497
-74.0405159848
0.0830430303
85.2402376507
48.4450484453
27.9786115919
-14.7909799447
7.2807855268
18.8935641504
-27.7357554930
-71.8893184799
-52.7951134510
38.3200361662
29.2700890202
23.9540543946
-8.1494111176
25.5699723924
29.6138584687
-61.8755361914
105.1155428375
22.7602885999
57.8247723545
-109.1233799617
-55.1479004910
-11.5108217516
0.7378769899
46.0340376041
119.0149041262
12.3391768682
-18.9230910882
-20.8589435366
14.5104147445
-40.8624359514
-87.7277339331
-10.0865323943
-35.0943664386
-6.3726365289
-34.8526961605
4.6794148734
2.1814122187
-6.6524428038
42.9377409254
-17.1802902652
43.0074671881
24.3403948097
5.7888332349
29.4988338516
-8.1822583536
3.7536682949
-32.3459895812
-14.1954607412
-18.6638706623
-4.2233481955
17.7433179789
-25.3568803955
23.6243962135
-8.0211053075
26.9835893625
-23.3384948197
-8.9954231058
5.6839473856
-4.2335343961
-84.8454779079
86.0826447437
-42.5904140144
115.0645793106
-84.1336296844
-41.3001224070
-10.7182784230
-30.5225529442
75.3233369212
-81.2684494787
-29.6175345132
-28.9730409109
32.8772372976
10.2786353631
-4.2059759208
31.5609762147
73.0712260666
63.2923548777
-8.8645440647
121.6201524136
-13.5195428879
-30.6633098726
-98.3635978108
44.7576201000
17.8132814058
-14.1353396269
-25.4544734469
-5.7153953531
-4.2794375191
86.6320355182
-17.5034264320
8.3889232019
-25.8610913977
-1.9482798504
-25.8978518423
-15.2776407991
28.2021388119
-4.4735089505
12.1066374102
15.1781504344
20.2218020232
-13.9987330713
-38.0883267828
-10.5432631318
21.4535140834
-67.1116464954
12.2986217970
33.4970658273
4.1377675087
-24.4035990581
23.1005005861
59.8063974856
5.6940387205
-54.1892829601
24.9130276718
9.4655417602
17.4444911384
-14.1885829806
1.0770217374
-8.0848431753
-9.3665968730
-20.1455537461
-3.6983971876
23.0855592440
90.0007152336
-1.8541731120
-3.6293824173
-16.7343030641
-17.1863379513
-25.9114887815
-22.3899567655
-32.1125014666
-132.8237872881
67.7561400977
69.0359964821
128.7493070353
-44.3564569249
-35.8095349603
3.7678151370
-13.1572746349
-21.8855085991
14.9987357480
-21.7445145066
84.7407699317
21.7790218917
36.7643578647
-9.9298617508
-29.3526221475
-47.5038624800
-74.2347534310
60.4984425018
77.9558590869
-2.5805120656
-4.5023718286
-19.6357693862
20.4582546898
-42.9238668221
-40.3173141318
-44.4617578116
-45.6267081609
18.7235174483
-12.2381449364
15.4728269020
-13.6179660139
56.2554571139
7.2301272624
-4.0151892131
-53.2636312472
56.7678502796
2.0218481725
-33.5863581332
-42.0008239150
-1.7895695951
24.0205789412
-20.1530244171
25.9864326557
23.2468308722
-3.3015859749
404.4004658411
-105.1870478315
15.8043823964
-478.6304759890
141.4921373022
6.5624034308
18.5828791020
11.7729711548
-74.6896342881
-30.8082171738
83.0652051478
56.0920510083
25.7524702128
-76.2002513993
19.5073449940
12.7360710884
2.5518389188
17.9564099758
37.3863208719
0.5463669315
-24.2297577295
-6.6466204236
-11.7862523477
14.5750419778
-36.2325172380
17.0205602041
20.8106806302
70.0632730371
-72.4294598522
-29.4772519131
-114.1505486415
39.1437072906
18.5876223852
40.9634678832
-3.2065424381
16.2593818356
-34.1868577839
-62.1945219854
-14.2873618529
11.8042056746
-10.9812104680
-0.3064398099
42.8982530929
60.2712392374
-81.7769294358
121.9925001433
42.5997819987
73.4768953607
-55.2087330978
-7.9592528949
42.9576627147
-52.5797683945
75.2144785722
-8.6827695949
53.5062501819
-40.4330502414
9.2499358232
1.0168413320
16.9352996889
2.8464916700
-57.4959442479
23.7237679961
42.4208416407
-98.0812538795
-22.7717910616
24.5700882977
-6.5840446603
-2.2293668117
-12.7339366110
82.4236760975
-8.2053818591
-115.1583777355
-71.0465556406
104.5486019153
21.7659778630
-16.6607821748
1.1579540067
48.1061408619
91.2183160263
-78.3308156224
106.5035460785
-34.6518181178
-48.0207617647
17.3394274160
14.8993639654
-1.3374754169
-83.5940812226
12.9628000245
43.5427466952
-27.2814675463
6.6587157958
112.6178752635
0.6460588857
2.1597591310
-25.2934389829
16.4328674179
0.6456319902
-73.0020927143
-206.6506183655
-145.9330361808
-94.8048310219
-20.8058187650
-28.0827266578
3.2909491623
237.1060538527
183.5532009135
92.3893140617
-29.3661405046
9.6183703443
-0.1352428617
39.7973317130
-6.7695900401
3.3938784074
-3.7079430450
4.8658021860
-3.8278651020
-15.9760892475
34.8834089191
74.4167769231
0.6452999604
-8.2088918887
-78.5188868005
5.2829383672
-5.3318179004
-0.9882037598
5.9797503830
-78.6380617904
-17.9536825880
-5.2372368337
71.8825593014
-31.1466504288
-9.8557360929
0.1850591933
42.8612554841
22.1601446953
-39.2969153374
-66.0082402453
-21.5021327360
5.1292797085
39.5492580026
-5.7019718616
28.0374283034
15.0373935059
43.1681459059
-15.3541262404
59.8251334542
-26.1663216704
-32.4962330760
-35.1840144908
-12.8047301124
32.5682123983
-22.8506481445
-13.7807792091
26.6195423784
-15.5190739130
7.8065903257
-18.7707131160
11.2814010023
-2.0357934251
-9.6740802052
9.0751814125
11.5777139027
21.8448349459
-103.2189410574
-5.9396340655
8.7082647420
16.8707910376
-29.5642911595
-17.8479073730
56.7019186433
-22.2376973754
-43.1298438942
26.1914610712
16.1086640125
47.2583975753
-8.6143714515
5.0737951535
-10.7470938683
-3.3053094522
40.7248807392
-32.7165585798
8.1211767245
-35.0998212143
22.6029301803
-104.7172256324
32.7338715634
-8.1969269569
-12.6929072114
37.1137006711
12.1133965887
-6.1993881107
-31.0980317762
2.8979325761
15.1903643885
-5.6542781493
-18.1781584645
-14.2264106640
-49.9841252556
-22.7480746457
7.6071589843
10.8291289510
11.9566310796
-20.3340992526
58.2284257532
11.8854818319
22.3018502804
-8.0448572981
173.6859860754
61.2438494537
82.8100165127
-137.5765570359
-78.4927987430
-42.5413210335
-16.1473217704
-28.8864759929
18.2755143518
32.5270644167
-98.2339875979
4.5647697189
7.5729836290
24.3102749615
-26.3245101645
-40.9411744522
66.3025609667
1.9482442757
104.1773214242
367.3684682229
9.0157717907
-101.8237043096
-390.2417655445
-25.0582907192
3.1599633973
6.4641937525
-31.8824522323
-66.5054549048
105.2873682708
10.1518474037
7.5989768208
-15.8465976167
17.4721207630
41.0118493716
-69.5078345766
4.5608565103
-18.3880487453
-2.9021659564
7.5302822221
17.7762837970
-9.7429645352
-5.0197098670
-5.1424660358
-3.4886729217
69.9921237894
-38.7187091176
-55.5157421017
-76.4148849633
31.4251997336
78.9365328846
-10.3894266000
-5.0284849409
-0.0211787594
-33.6203911900
-1.4451242287
-60.6942215151
71.7895909510
-27.8423607825
90.8949426954
-44.2496144713
4.9149307416
-17.1724638480
-7.1109522725
45.9190129870
96.4328443918
-4.5362388706
-38.4041108606
-71.1972734637
4.2743266315
-17.6240244069
-25.0267478860
-14.0870767205
2.4204499747
-8.2263471708
26.1963229365
23.0745311106
20.1718789678
-12.1003525600
-18.5503876122
-14.1353396269
34.2172147963
35.0565387553
-18.5323631361
-16.8503949200
-16.2834539977
20.0260230099
-14.2253434253
-13.4832567715
20.6642317620
-50.3500695530
-6.9774525673
-51.5645872116
44.5613667584
16.4384407757
16.9929305796
16.0109523789
-12.7983266801
46.0046292484
-85.6546820187
68.8170939633
-3.7828513446
7.3826712495
3.7415610646
55.8650849081
66.7177168272
-32.1767729537
-58.2899698525
6.6927962854
-28.5205316954
75.7950564336
4.7523665687
-19.9452686138
-19.4352470897
-0.9458699574
52.4011837827
-63.2684012976
-77.8621792440
15.9642310396
-101.1209869063
34.1522318167
35.3821651457
54.7332189589
32.9572802012
-43.0733988244
28.6532250424
26.4044344861
4.7256263098
-22.5876330921
-20.0585144997
15.8687724656
17.1137657186
-9.0906089411
-13.1150594146
10.5569475038
16.1892998266
-7.3695797880
-17.8256139421
-38.1459576734
20.1568190437
61.0728540950
35.4552117067
-25.1792444403
-44.0026079996
-36.0643678492
70.7106126093
-36.9448397898
1.4332778789
18.9516693693
9.9414946528
-20.8001268251
54.7563424644
-0.4044834733
-111.4569567049
-33.9153048218
88.3326211208
13.2381476131
-52.1810954431
-50.3485279860
88.8668333891
106.2962646035
-31.0281869314
-27.9203877909
12.1647426292
-16.8071124609
-4.2376729107
18.3038554688
14.4754330310
21.9665001595
-22.7372836764
-0.7360508259
92.2704948180
-118.9686571151
-35.1324312862
12.8681715250
-62.0256611041
4.0225175856
-101.0546995238
22.6826173378
1.1275258451
-13.3798531982
-23.0108525339
-9.5279159340
21.1111676198
-14.0962075407
-32.5712955324
-8.1707796083
29.8537500156
35.9462600980
-80.5030021553
-22.4417771342
-49.2492721087
-24.8406926032
-0.1558761435
19.3875770937
112.2348551466
14.0785388108
34.6840724434
-41.1910268938
19.5424452896
-42.9414169698
-24.6715945578
31.9426919287
22.0847264928
16.4293099555
-5.9030040611
43.9786544195
4.5578919583
163.7594801974
12.4588261864
-18.6529611110
-90.6435486868
24.7055090326
6.2415321817
-101.7810147610
-45.3342847528
-9.8067142612
19.7033611715
-42.2009904652
5.5269921451
-20.4153279771
38.5165266720
0.7288528937
9.5416714552
-0.8074609542
14.0372722471
-8.5139324301
84.5030128622
-12.4551501420
-5.2480159448
6.5221803894
0.6663245631
1.4019484935
-103.7845775768
31.1832922914
12.0003878669
20.1818398624
-10.3822879589
-11.7224433307
-7.0501078075
-21.7114301064
-16.9122947655
-15.1504022277
99.4041555588
31.3293854134
-15.4141287726
-45.2592222964
-38.8742888059
-20.1686772516
-41.5306459696
-8.6534798213
46.4589171951
-48.8847507962
-13.0399969582
-166.1406083545
99.9374191704
33.6286919356
154.1341728015
-44.9576680682
-28.4327809565
10.4124789563
21.6408737691
-67.8507685971
-17.3646853989
-12.5637713268
83.4368413851
24.4779500219
11.2931524864
-21.6362490680
-20.5145811776
46.8147820158
10.7179701096
-49.0326226494
-52.5247463096
0.4489517531
13.9361217333
20.7694140665
-11.9088425015
55.6160625410
70.5198140433
35.3379340300
86.9248146726
-92.2412050444
-11.1284894107
-65.0269735372
35.0717172614
-27.3556999281
-13.9100336758
13.3044349956
-61.7347792630
-54.4272771937
0.6832818005
29.8292035252
40.9606219133
-29.3168103595
37.3356863239
23.4254154840
8.5644483960
-36.4049355817
-16.2459820606
-19.2681649396
21.7177149566
18.5091210485
21.3631545388
19.2167003171
3.1948739615
-100.9553277412
246.7633784101
364.7312027740
0.8627913525
-9.3944399453
0.1635721205
65.2477733692
-245.4234009114
-353.8904290628
-102.2964910607
61.6051690501
-55.4353434518
27.0590075651
-43.5027845344
29.0179835191
68.1245746188
-3.6995355756
-6.6127415235
-23.3004299722
7.6072775664
44.0097229244
-1.5600658384
-5.2237659095
11.6776667375
-5.0171603523
34.5984561820
-26.7969411694
-41.8093138565
-16.2066128102
14.7565911416
-11.4029357756
10.8881591101
-40.7036545469
-37.6400865221
63.0933741482
-20.4429576016
28.5840916900
129.7240517290
333.8737740372
8.4564794126
4.4824856139
34.3053212814
-14.1717443253
-136.8496488883
-386.8088143420
-34.9297745122
5.5353640399
-25.8415253545
20.2481272449
48.5407441834
12.2712293366
11.0524071485
-31.6637868777
22.7059780074
16.0700062545
10.0484794050
-51.8825057668
-2.9631171452
-16.1270442348
44.1976755204
-10.3029328312
7.3419501634
8.2581153099
-25.3285392785
28.4809252808
8.4121771476
44.5667029520
-52.1354413425
-20.6357720629
2.4100384681
6.7917293144
4.6764740378
-60.7117716628
4.3870270399
52.2837875240
79.7413494584
17.7188900705
-28.6218007913
4.7552836879
-23.7222264291
-10.5555838099
8.3224935209
2.8348350516
38.6158984546
-0.3545722760
-33.3110105445
18.6336322320
35.2296685914
34.2640547177
-23.3431195208
-34.4096735114
33.8784257951
-28.4883959519
-2.2269240209
-28.2776755965
-12.1405518850
31.7245009024
-13.4052297632
44.0184979983
14.0378651575
3.7249002824
11.0705976395
6.7995320152
-30.0028076896
34.0134907837
-30.8307477689
10.0423961443
1.4853235536
98.5524990635
-90.4196657206
88.2124974742
-21.3217693930
17.7486541724
-73.5485189368
15.3605296727
-22.1619234265
-2.6242569948
75.3239298316
-95.9186724950
-41.7797869187
-3.4951356451
112.2120873873
3.5958829798
-64.8079524363
-14.9507100058
22.0779673142
39.0513318507
-71.7377705822
-35.4310209624
-29.2412735748
-9.1792253291
40.7149198445
-1.1250356214
80.6747090065
0.5840641745
15.4569369033
22.2746949842
-5.1487153114
-26.4083476947
-51.2249681358
-22.3349346806
-10.1670970591
32.4476144234
45.7414956139
50.9729812168
0.1317921232
19.1622711426
5.4553448526
-20.4560016303
-18.3051598717
-47.2368156369
-5.5868168042
-3.7188407381
86.8643378120
46.5448892028
9.3686009101
-63.2134977948
16.8649805157
13.9102708400
-26.3605591167
-62.7388137304
-30.4470161595
44.6602642127
-4.2352894109
-33.5639461201
18.8928526579
29.6674575687
37.1644538011
11.6617055896
-63.2157508543
15.6904250179
-54.4541953257
-27.3596131367
-43.5359875166
48.8708766929
4.1220316667
20.5627255019
11.9509391398
38.6966528508
27.1213817390
-46.7987734351
71.6606922305
-30.6087621160
23.3824887712
0.5442917451
54.8117202955
17.3393088339
-71.4236466536
-14.1805193992
-59.7727201750
-101.3296913663
-4.8679010888
40.1375436992
26.1965601007
-14.8270288968
-38.6991430744
37.5735619755
35.8605252545
34.9831364480
-40.6820726084
29.8669126265
11.2235922385
17.1869308617
-37.5207929501
-34.3182467281
23.2289249782
9.8284147818
-136.8034018773
-150.3122723781
285.2503781443
66.8495800996
22.4040680329
-385.4332622194
72.5916801370
127.5670437023
94.2091932364
38.4290130973
-21.4123661018
-59.5399435529
-34.7243903505
28.7284060808
-24.0196302845
-21.5656927306
-1.5201036776
74.0173924792
78.5799565715
20.5521716968
13.9606682238
17.8739954305
7.6365436236
-19.1979643485
-80.1044477860
-27.1703561378
0.5545253785
14.2498899157
-29.1414274639
4.9184763457
2.3547555026
42.1567593496
-20.4039440974
-0.0035337460
-2.3463006003
7.2335068517
-12.0851740538
56.3512714342
-103.2018652380
6.7230702903
-59.3537696880
66.6851067553
13.3073995476
5.0600159159
5.0219629266
-74.6093542203
95.7430524352
-67.3071883445
60.3352735603
-90.6052466751
62.1630977343
-2.9904740310
13.0020506928
15.1111515594
-26.2526494243
-104.2440831350
57.2278301661
-31.1995380363
49.2004162919
-11.2290232978
40.1490461609
41.0540645919
-40.9424788551
34.4191600778
154.9915212365
37.4641107161
33.9505236994
-76.1974054294
-56.5948390255
-73.6901059397
-74.6086427278
16.8578655910
-9.8440438998
0.4376983138
17.8291714045
23.8122302274
-1.7985818332
-0.4651737816
-35.3647335800
5.4337629142
-2.0385326711
18.3542528526
-6.1681891656
-72.9610633147
-26.2488547977
-20.8014312280
59.3867355061
3.1973879016
15.4154331755
-10.6187643419
65.7031285547
-15.9852200677
49.1016374196
-34.1642086068
1.7601256648
25.4143927040
-7.7781306266
2.4803339248
-60.9265238089
-4.8477658517
-19.8540789946
-21.7959791291
-10.4377132228
9.3678538430
13.4974866211
2.9772995619
8.9006641661
1.9586320659
-263.3648695451
184.2184463797
84.5991829287
274.9325514039
-88.6609748990
-125.1788006204
7.2581007750
-35.6241911700
34.6622533408
81.2972649240
-58.4261020798
-48.2287547322
45.6331115932
33.5762786564
-28.2685447764
-96.1723195631
33.9199295229
65.4532761131
-12.7504195200
-15.4046422063
16.6552088170
-7.4634375039
26.6618761808
9.3339275101
27.7253202700
-17.1556251927
-3.1744778438
0.3962775934
-45.5423963024
20.8566904771
16.6119263580
40.8908956505
-0.3274288380
-29.3195377473
15.4817205580
-34.7064844565
35.6831264635
66.0417989738
-19.8220618331
2.1782460772
-12.5897408022
-1.4079013139
-48.4616499364
-56.0903908592
27.4203271615
58.9874696443
11.9248510823
-76.6557251668
-9.5224018673
-7.7467063755
1.8785298712
-50.5562837893
-11.8237717177
65.2476547872
39.4483446530
83.1012541000
-105.6037452590
-54.3466413796
-44.9707120969
75.4291121361
15.9301979828
-13.6203376555
9.3090964226
45.3162602767
-24.5987851610
-32.1295772861
-18.9681522784
4.7383975998
22.2203843917
-3.7847367997
9.2977481176
14.4077226636
-17.4033431568
2.6381785309
6.4541735668
4.6020282083
-15.8394826919
-53.0457959671
17.6290048542
19.8441180999
52.1337811934
-26.6228626766
-1.3312617159
-35.2055964292
37.2542204353
15.4555139184
35.9314373381
-4.7245827875
-8.4587324721
-3.0097673353
81.7507227962
45.2311183436
50.5141871511
-33.0936495927
-23.1204223754
-10.3623780277
-32.0545148297
-22.2889248337
-33.8376335597
-60.8813440366
18.1087879480
20.5968771408
18.7796067719
-25.0470254216
24.8357121559
27.6188335626
13.2320999271
-52.9244864997
-18.2046022683
-34.0253489916
42.6487563975
11.6016911991
-30.3163387079
14.0287343374
27.6667407227
65.5091282725
-55.9397916182
-7.8677668205
-1.1999320628
-6.7098483885
0.2667741043
11.9949330913
-2.9014307475
1.8563905969
-5.5944416319
-8.4092481703
39.3415021993
-43.4991084899
-81.8698977861
-52.4545457185
10.4219062316
56.7320384915
4.3097470987
19.9166903326
20.9832175559
-91.0192167148
-120.0619838885
-37.2567106590
39.3550205564
2.7565945955
-7.2348468292
-14.8310606875
29.4327836333
-33.1946815245
9.3006533786
-35.9495803962
1.5290329082
1.4361357071
31.6931952334
25.2718570444
1.2089324427
9.7400118415
-2.1799892338
25.3754977820
-73.0414619647
-79.1823535355
-82.6680737635
22.3600740814
-20.2462299316
64.1501776411
48.7439938678
80.6562102021
68.9809743972
-1.9154444725
55.2554544372
1.4725641219
-5.1976659938
-18.1936927169
-83.6919114382
2.5195727349
-30.8641879154
9.4406158070
-46.9204386487
-74.6820450350
11.2948956430
69.4151033904
69.6421880727
-16.9117018551
-7.6072419918
-8.3482021157
51.1323555317
20.8847944299
110.2940222509
-20.0458262172
-18.3885230736
-19.0818724927
-4.7154282510
-0.4666441994
-46.4723169701
-13.2246292561
-6.9515186666
45.3862237036
14.2738434958
1.8361486359
-47.6941867176
6.6641942878
-1.0458583669
3.0191234614
35.9827833785
-24.5332092710
-16.2226213909
-22.6204803281
13.6695492185
-13.2989802199
-14.1576330579
9.9785515527
26.1337115985
-18.0487854158
13.0765202387
-44.7441017429
84.8560317130
-6.7635067794
-6.4180416071
-82.0599848596
7.0793382901
46.8106316430
-34.4075390340
-4.1743382220
-54.8914074530
-0.6840407258
4.1553295147
-17.9134832630
44.3838493853
2.3986901631
54.6929010518
-24.9201425965
104.2267701514
-58.1406750143
37.8038483739
-99.1451722970
65.5310659573
7.9523751342
-5.9086129934
-15.2000881191
-38.6844388966
-22.1884858124
51.9300571807
11.9818890625
34.0605678692
-1.3952723224
6.0597339956
-6.1350217579
-16.5416071849
-16.1221823695
20.1314424786
-15.4697437679
3.3285752562
-15.1553826751
12.2083808345
3.0821972695
-16.8986578263
1.1134975850
9.2932419986
-44.2930155124
-53.2974271399
22.1072570879
6.0896641125
26.3202412096
-33.6135134294
35.4330368578
13.4638093105
6.6365053723
-28.2590582100
15.0375120880
-13.6580467568
0.4791664670
2.6135016001
-4.6006526562
9.7962434636
-21.1409317217
-4.0636774254
-7.3360803505
-85.2299210098
18.4648899328
17.0874404970
24.7104894799
-10.8455525690
-13.1393687409
43.7253630977
-90.6983336076
-28.5465011708
27.7286405683
78.5899174661
29.2581122301
-2.3531190699
8.2286358049
15.7155644188
-8.5249487053
-56.1409068251
26.7076488635
-9.5251766880
14.6254393616
2.0537586101
-3.2535483744
42.9916957716
-23.8090285113
11.0433711941
65.8647559291
-74.5149628850
-0.4525329319
5.6811014157
11.5523373376
0.0921382758
-32.0610368441
71.2550229365
5.4519296887
61.0949103618
76.1701315511
32.6151709018
-17.1587083268
115.7546084314
20.0990695709
-43.2759370162
5.1149312769
-38.9242118614
-26.4234076188
-5.3824168737
-25.5492205285
8.8511680061
-5.1829618159
32.2519539922
8.9207519704
-11.1848989060
-1.2045923385
-1.2208855163
-8.1981009195
2.3162993342
0.4211561137
-8.5382891892
9.0411364975
8.3795196429
-11.7931538248
-10.9045352953
-27.9992448738
30.3259438563
-91.1967340878
29.8290849431
-34.5396394706
66.0282806168
-12.5055475258
-8.6123555561
2.4351897271
9.9042005888
3.5083931216
-4.6327409669
23.5619034575
-16.4932256964
1.4091464257
-20.2803815705
9.4033098848
15.8961649259
175.0425650653
47.8418214067
107.6056479257
-1.6007632081
0.9432848681
-7.1040152208
-52.3175834167
-7.9999621228
-26.6723114038
-46.7084138905
97.5441956412
-48.3200629334
47.5217683740
-81.8559051007
42.1176272633
-15.5731473413
-6.3237451375
7.8110015790
-58.6869826548
125.4811849232
24.0008943160
81.0670971076
-96.5970805720
58.6508151205
-24.0109737927
-35.2638202303
-58.1978315767
41.9134289223
46.2517543022
-50.2865095584
-18.2063809995
-5.5707014996
12.4608420818
-27.6730255730
-34.9385495861
42.9979806218
-23.3555706391
-81.1382463554
34.6863255030
4.3070552854
-3.0493974663
9.6460236852
24.9998297540
80.0886763694
-38.2563575895
56.7333428944
34.6779061753
6.9784486568
-31.4651618944
10.2696942743
-7.6170012969
-37.5266034720
-32.2666581700
-9.0036171275
31.6456438195
38.4662478702
-11.6085215269
5.0697870792
-0.0765328741
7.2955252793
-27.6860696017
-44.4210841583
-7.4738490105
-105.8967615775
82.8191473328
-85.1548585534
61.2194215453
-13.7466275702
38.2226802789
25.7069346943
-67.8164983762
69.0939831190
-39.5091772598
46.9939595380
-12.0293218944
-5.7972644208
5.1831159726
3.9954452968
48.3521986770
-47.1128973638
11.4142722224
30.4145246698
6.6078796583
15.6359958434
0.6790484203
-12.6799817648
15.9356527584
-10.7742135899
-4.9301092477
11.1102040541
8.5627170976
-13.1624922464
4.5798296430
13.4195781948
-52.7622662149
-21.0565012811
8.2511545418
-19.9764557007
-6.4267336736
31.9924964021
15.8358066475
46.9003982772
-29.4516381839
-0.4995744429
-36.1517628419
-5.9651292126
-11.2813179949
-10.5022930233
4.1998926602
18.7241103587
-37.1039769405
6.0376065796
-46.4494306287
16.6750120243
-7.1641719098
36.0382797917
8.2759974875
13.8379357714
59.5602210885
37.1112104474
-11.2924528521
-64.3064688219
-26.5525435034
-4.9050409961
-2.2263192522
-16.0462898386
38.2896791538
-1.5370727732
-56.9412172798
-14.5750419778
21.8874059124
52.0441331413
-16.6761978451
2.4178055943
-6.8503800109
-16.1871653491
52.1606993254
8.9989568518
-0.5885821518
-13.9735936704
-6.3925108854
9.1291836916
-30.9501599230
-6.1889054548
-27.2659332939
-24.1162746794
-3.6561819673
6.2989733411
27.6637761708
12.0601532350
7.2793388254
7.6076214544
3.7301297521
-11.3502023249
-209.7645837741
-28.8824442021
72.0932796567
68.9770611886
56.6468965584
41.5642046981
24.4530477852
1.8445798218
41.3898890412
21.4804322154
-11.5766585221
-58.0746247960
7.5048700825
-1.2538750508
-22.4145032559
13.2356573895
14.2401661852
-16.2732559389
-69.9752851341
5.1324932829
12.0223255517
32.0375575924
10.1380325914
-1.1723973040
12.3001633640
-11.1578503336
22.1824381263
17.1365334779
-26.2794489743
12.5970928912
14.0067966527
-2.0992941286
-26.4725005997
-31.8358494751
23.1587243871
13.0514994200
79.6151781258
3.0303650425
5.0432484098
-1.5644889499
0.8976663421
-9.9588787857
-46.3192275054
32.2848012282
6.4396472620
-34.6736372204
-53.7361808341
10.8674546791
43.6983263835
63.9466907926
-19.8193344453
-13.0727256122
-7.1129088768
-13.6324330276
75.7207054697
31.2898975809
19.3030280710
-25.3286578605
-11.6338625173
-31.0725366291
21.9305697894
7.4288352531
-5.0732022431
-0.1137676471
34.3909375428
-4.2325145902
-25.8378493101
-42.5291070793
4.8100211758
2.4050698789
-1.7793003870
-79.1793889835
-46.5764320359
85.2262449653
27.1108279339
44.3326219270
-62.6406277686
12.4290620845
0.1656473069
-19.7076301264
-24.2042625824
-39.2007452709
-37.1642166369
83.7807294157
68.9325929087
64.9070870547
-51.0840926253
-6.4033137129
-26.0182126530
-35.7899689172
-55.7277668600
18.5969903694
-39.2568345945
28.5512444540
8.2788553156
45.4464634000
0.2756084693
-56.3643154629
21.2599881296
-44.1736033583
91.1605665536
-41.8425168388
18.5496761197
-67.0168994138
18.4682102311
11.1791832497
-32.1428584790
99.1257248360
-4.0790693793
61.1122233454
-15.1735257332
9.2276186758
-10.7099421028
-77.0157403603
-1.3625318103
-53.3902769081
21.2929539477
25.5231324710
10.0275615261
-19.9106426465
-45.4697054876
-43.3217096989
-135.9187795640
-39.0802658781
-62.9230902820
-5.4051846330
70.2186155613
8.6737454987
18.6764403627
-26.3890188157
-15.6746536014
-9.5543834542
-36.5551790764
-2.1117333888
44.0486178465
-20.3874611884
92.6454513535
-32.0430123680
18.6754917061
3.0212105060
-13.0836351635
7.5096252239
-87.1666035327
-70.6094620955
-65.4423665618
-26.8763911626
73.9378239039
64.2151606207
30.1428531255
-6.2292707947
-8.4431982197
-2.3713569937
-58.8105451816
9.6820014882
86.6121137288
86.9358428060
0.6455252664
-83.2403508793
-22.6253421934
-24.4205562955
-2.8366374992
42.5485545403
72.1606342779
4.3999762030
29.8720116559
-96.1660347129
-2.8306253878
-64.6770378204
23.2285692320
-0.3884986090
41.2866040499
94.5624492513
23.8523109703
-39.1280544561
-95.1003375641
-66.3351710386
-12.6146430389
0.1000832751
41.0912993649
70.1207853457
-43.7813338392
-5.3272999231
-52.0359509778
11.7110120183
-8.7169568085
-10.4320805740
18.5898754447
21.0685966532
2.5219918094
5.5326129357
31.4817633856
-38.1170236460
22.9276079141
-30.5268218991
35.4872288681
-25.4683475502
-5.7013315184
-41.4554649312
-150.7640701011
39.9982097558
65.3525999276
116.9515759422
-32.7724107392
-20.3599501459
34.3595132918
-1.4990197838
-57.5721925251
9.9961372750
82.5829318304
24.3886577161
-10.6795969487
2.1847918080
30.0048235850
4.8065704373
-78.3861934535
55.6222288092
27.4983541698
2.5791483717
-45.9408320896
-25.2384168980
-12.5694632666
-15.0100010456
-9.9038211261
11.6496339339
48.4986475452
2.6465978585
-39.7699392527
-14.7884897210
-5.0592925652
11.9470259312
-25.8086781185
-0.3564814475
30.0905584285
-44.6424769008
16.0068020061
12.4106818621
3.1520183979
-3.5332953583
-1.4607414886
41.3430491198
-9.4429281576
-8.4076710286
56.6030211890
-14.0829263478
6.6344301859
-17.3674127867
12.2955386629
-20.0717956926
-37.1841384263
6.9209244900
8.3184498720
79.0603325757
-42.0883374897
29.8422475539
-18.7137937178
16.9603205077
-14.9172698594
-61.0964519289
22.9244061980
-19.4870674584
-69.0804647619
8.8850706226
47.1142017666
58.0793680792
9.5445292833
-61.3476087733
18.1550349590
-21.8380757673
19.3911345561
91.6029962923
16.4205348816
4.6336896235
3.7193032082
3.1249105346
-4.9123456522
-94.6988186428
-15.4797046626
-1.3229846868
25.9688825080
-47.8592529724
-30.3723094494
-9.2089182818
-10.2179213384
-22.3999176602
-18.7211458067
51.4538315493
56.2011465215
19.4274206724
17.6815367154
-1.4543261981
-10.4774856523
-17.1828990710
5.9308708498
-4.2988256891
4.7150250719
-6.1429904737
22.8922704544
-1.0262330327
-15.4833807071
-5.9187636195
10.2999445628
-3.5570117742
-19.4271835083
-7.8488055460
22.3738296027
-17.2348380218
-45.5866274180
-56.2026880885
-2.6763856769
-7.0979793930
10.9194173463
14.2913936436
52.4007094544
48.3242133062
10.9178994957
-22.4436744475
28.9422095702
-35.4273449180
32.6352112732
-33.5902713418
29.6589196590
-3.7571664662
7.4277205816
9.6429642676
-7.6740867100
33.9915530990
-1.1104025928
19.1756709176
-14.0850608252
-9.4064048771
-8.5969043112
-22.5011867561
3.7944842467
12.2953014988
10.9313704199
-2.8778803465
-30.1883886441
-24.9910546801
0.1526032782
8.5691679627
6.4554068204
-71.8274186344
37.1000637319
-29.4019522926
-3.9828637382
-22.7768900910
25.9736257911
78.4706238941
-7.3932013382
3.6343272900
-88.2331307561
2.0002425176
11.4248616021
11.0105951073
26.3278304627
-25.3332825616
75.7061198739
-30.8659666465
8.6741486778
41.5536508930
-26.3420603123
-17.5950903794
-73.3035283604
15.7008602409
-13.2464483587
23.5873986046
9.2967876028
22.5170767547
74.6494349632
-48.2096630174
6.2439986890
-47.6275435889
56.7753209506
-6.2582166803
-27.2056935975
-9.4288998976
1.0162247052
0.1638211429
48.2668195797
-20.2308142613
-7.3808332273
-34.1255508488
34.0974468960
8.4388462573
-19.6437143855
-13.2254593306
-145.8452854419
65.4816172301
-79.7764497540
17.8345075980
15.3761825072
23.7409623976
133.1937633763
-85.0174219232
52.5577121277
16.9077886465
56.9752503367
-8.0560158718
-2.1307183797
-46.6029944217
3.1833596416
-13.1196841157
-1.9128000922
10.6353658330
-19.6687352043
-56.9290033257
-88.4330601422
5.2364897666
13.4715171457
18.0258990744
22.0391909742
55.8852438616
64.2425530810
-4.3007230024
-3.2847591778
17.7245820103
19.6465603554
-20.0330193526
18.0064516134
-15.4660677235
24.8073710389
-30.0884239510
4.8782770208
-25.2579829411
1.4899482547
-10.0020308044
32.3412462981
-14.7435471129
-1.4347957296
-8.5610569485
-1.4854658521
-42.7081660194
-1.1943468469
8.5867062523
-8.9270723952
7.6573192039
4.7078034232
56.6784393916
-7.9778109903
-18.0586277284
46.0519434981
-23.4548238397
26.7012454312
-49.5501148445
40.8712110253
-41.9982151092
13.5934195234
-21.8646381531
30.5320395106
21.0250770300
30.3050734103
18.4871833638
-16.5378125583
-6.5139982259
-7.6534297117
-6.8710132928
-19.7598062414
-14.9416977678
11.6459578894
-2.9165262462
19.0432147347
31.1152261777
2.4171533928
-31.1262543111
-44.6159145150
-2.2757086884
7.1284787038
33.5663177617
43.2235237371
28.2122182886
-13.8008195805
-38.8138119454
-7.8501099489
-18.5335489569
-6.5661269081
-26.0448936209
39.4224937596
-0.8524154205
91.1248733476
51.9420339708
-13.1962881391
-19.5275039476
-94.6161669333
19.6024478218
-85.3592940585
-26.3183438963
7.0479851883
72.9557271212
39.3724521220
-8.2308058570
-84.6930999357
-19.7096460217
-16.6324410578
7.8584225526
-67.5578708607
1.0350081066
-56.2249815194
57.9288874203
-2.8802638463
67.2803887946
-2.8113913745
2.4641830456
-3.6480590948
27.3157377673
-7.9217098085
-34.6752973696
-29.4843668379
-3.4554462231
30.8466377676
-0.8192598711
10.8510666357
10.8187411608
-55.7680847670
-29.1715473121
31.9511112564
18.4871833638
-6.8317033334
5.9881578524
40.0690032572
25.2296418241
-23.1586058050
-86.9575433265
30.7163160622
25.4062105406
69.6525047136
-76.5468668178
17.9894943760
13.9128796457
51.0385571068
-50.3498323888
12.4638066338
58.4149553643
-172.6543219834
25.4210333005
10.4732522721
46.9631281973
-38.1900702070
-75.4625522825
127.2278989548
4.8979616460
129.8141741095
19.2285585251
-7.4549707434
-3.5516637224
2.4279917949
4.7841465660
-110.3810614972
-24.6893818698
-25.2398398830
-53.9482055924
44.0868012761
11.4610409946
77.8126119348
-11.9705051829
23.2926035549
-25.7602966300
-34.7311495290
-11.6115097953
3.9704244781
-34.3687626940
5.8232338962
-7.9566085145
19.7938392982
15.5522768953
8.5998925796
11.6910902289
21.0964634419
-100.0214938648
14.3764169946
-24.8270556641
18.0055029567
0.6866258151
19.8684274262
75.9362876903
-13.8750519623
-4.7912259162
26.1193631669
-1.3036083750
-8.5736740818
-18.0573233255
-6.2366228837
10.6153136033
-13.3518678274
9.6652695567
-120.0607980677
-134.2716744792
27.9423254756
11.5391747268
92.3966661507
33.7938767724
99.3541139212
38.9627510373
-65.2335435197
86.8811764673
-35.4205857394
-42.4602108911
-45.5240160801
-1.0031213854
-13.6302985502
-36.0833409820
37.9591908981
60.9311485100
8.4648987402
22.0949245516
37.1199855213
-15.8626061974
-22.5492124983
-18.2874911419
5.4811838878
9.7379010804
-4.0995603627
-58.6771403422
-4.6067833497
-71.4184290421
7.5062930675
-10.2486933880
5.0146582705
50.3519668663
16.1692594551
63.7544692417
-80.5628861055
-106.4797110805
-315.9287479410
28.0794063595
53.5508370438
-2.3082357528
51.9720352369
55.5163350121
316.0010830095
-8.5158534598
31.1588643830
-18.1338087668
14.3964573660
-6.5887760853
13.8042584608
-5.5486333746
-24.6381544114
0.7911440600
-6.1485045403
-18.2354336089
61.0824592435
13.8024797297
-7.9508928583
-41.0387675037
-9.0457967732
16.6946966495
-13.8039027146
-7.4484368708
-34.0455079451
-40.9602661670
46.2480782577
57.0537516733
-1.4018536279
-40.5541225446
-29.8698771784
56.7101008068
19.0732160009
-54.0659575973
11.3729819423
-1.0742943496
31.9447078241
3.1477257267
-31.9866858802
31.5080886072
-22.8467349359
26.7841343048
27.5148370789
0.8601944050
-9.7212758729
-14.4336921390
0.7895906348
-18.5331932107
-2.2918477094
-6.0469982803
-25.5047522487
-18.6191652183
43.6450830298
24.1010961732
35.2493532166
-38.5956209190
-4.2886869213
-11.3899747543
0.6188442985
83.9479301479
-44.3336891657
18.9994579474
-80.3883332844
-24.0004199877
-16.5146890528
-18.7418976706
80.0791898030
-9.2199108406
82.3908288615
-9.3189624517
-13.3627773787
-77.8414273801
10.6620942337
5.1513952664
4.7669640227
-1.1002045339
-2.8392700214
58.1423351635
-17.7766395432
9.3678894177
-7.8355955023
-1.4255107527
-18.6011407422
-43.6218409422
26.0694401114
8.0880686079
-88.2606417985
-56.1679435392
125.9211244383
14.2715904363
52.4353354216
9.7050538444
71.6194256669
12.7230270596
-149.5450463235
179.7455303396
191.2527353378
56.5101714207
-32.2729430202
-44.7999539024
-69.2435151213
-129.8438196294
-151.9771647747
13.1075887436
9.6137930760
69.0418070040
65.2405398624
24.9566658770
-21.0774903092
-15.9536772345
-34.6545455056
-48.7460097631
-40.0939054939
-41.3471994926
-78.0144386342
-58.2064880685
42.9729598030
96.1010517333
65.2265471770
-3.2551610907
-22.2408990915
-13.8573832325
-32.2257473526
-19.3510538132
-97.5401638505
-26.7667027391
4.5133762456
34.4127566455
48.0426994494
28.6006931812
65.5583398356
67.2621271543
23.4324118267
60.8642682171
-57.5528636461
-23.1920459515
-2.4080818638
-8.6083949147
-5.9697539137
-52.9193874703
-5.4977260879
-43.6776931017
-17.2383954842
31.7689691822
8.1125320909
9.9200550128
-24.0511731177
36.9475671776
3.2620625677
131.5324284420
9.4412324339
-37.4159663918
-66.2726782827
37.3050921474
-31.2221872135
-70.4440400945
-31.3714820516
61.5127936101
31.2670112395
-38.9469796207
-16.3007669813
4.5360728557
34.8977573508
-13.8962781546
-26.1080978693
0.5666326089
34.4042187357
-23.3522503409
-43.0205112169
53.0557568618
-11.0130853309
-3.9006152078
-6.6223585302
40.8670606525
48.9826995939
-44.7719685316
-41.2184193542
27.4861402156
88.3492226119
37.8158251640
14.1741159669
-33.9903672782
1.4762401663
-45.4063826572
-59.7610991312
-47.4686436024
86.1955348834
30.4747643662
39.3110266049
-73.0433592779
-23.9474137981
13.7614503301
-13.6195075809
-8.6667135814
46.0601256616
26.9612959316
14.3498546088
-30.1400071556
-29.0159676237
-16.5558370344
-8.7041025111
0.0285664230
2.9430174828
-17.3817612184
-21.1025111280
-11.9165503367
16.3282780238
19.3544926935
0.9493562706
1.3960668224
0.3169224658
14.0984606002
105.3391886395
-32.2178023533
0.9718275746
-59.5450425823
56.8787245239
-20.5653343077
-48.7680660299
-26.4671644062
17.7320526813
20.7317049653
6.1990560809
-147.3311188985
19.6712254280
23.1021607352
46.5975396461
-38.8044439611
-29.5076089255
81.1536620257
19.9024604831
35.9789887520
17.6344596299
12.0938305456
-0.6458572962
36.2831517860
-38.6150683801
-38.8703755973
-55.4156588266
10.8263185557
-33.6674682756
12.5502529698
-2.4530481883
32.6864387316
-10.8986180496
-6.1805335600
3.7154967235
-1.8660313200
140.9952783889
53.9418021601
180.6574265313
-27.8556419754
43.7757604815
-51.8104078625
-111.4054920823
-94.6066803670
-112.8100968144
-32.0962557217
-78.5806680639
32.8507934938
-19.3610147079
14.0893297801
19.9321060029
40.7282010374
71.3081477081
-45.8567573952
-35.2026318773
56.6250774558
2.7922166522
-16.3352743665
7.1662470962
-10.0016632000
48.5540253764
-56.6047999202
8.3492100634
-88.6489981090
53.1860785672
-1.5609314876
5.1921282107
-14.8183724050
11.4520643312
80.4830803659
-46.5157180112
-21.0108471805
-133.9633610724
67.2758826756
-50.1676903147
0.2143371088
-17.4341744975
-23.1795948331
133.4510864889
-48.8290172188
68.5489798814
-7.0354629207
-60.3390681869
-1.4627218093
14.4081969919
18.6795234968
11.4489574807
-15.8103115004
38.7532165027
-5.9474604827
55.1994836956
31.6648541164
17.3158295821
-52.8572504606
-36.6460129494
-25.9344937049
0.4844196531
1.3718167871
23.8709283568
16.9462092402
33.2884799494
22.8083143421
-21.9351944905
-35.2768642590
-4.7622800306
-6.8870930227
7.1670178797
-6.5078082413
-29.7958819608
68.9971015600
-43.2946729848
0.9428223980
-57.4170871650
9.0582360334
21.7743971906
-11.6547685379
41.9900329457
-12.4188640256
101.5979240302
44.9641900826
13.1079444898
-14.3859035610
-1.9041554586
11.8425432609
-101.9644612380
-38.3349775082
-6.4379752547
-41.5561411167
8.4806227240
14.3132127462
33.0667314607
-14.0009861308
-11.8469663724
5.4328735486
0.7228052076
-116.8766320680
-29.3577211769
33.6538313364
152.4443781681
-16.5006963674
7.8133139296
-37.1201041033
38.7923485890
-31.8165205961
-75.2478001365
124.6072349971
15.9575904431
63.5709041825
-108.8423404332
-84.1397959526
16.2420688519
-16.9034011095
62.2143251926
-75.1619467109
18.8115053513
29.1219800028
65.2272586695
-15.9137150737
-24.7551949239
-0.7994448056
-9.4965628322
-5.9860708078
-72.0342257811
0.2673432983
0.9643213290
22.4935975030
6.7953223514
22.7143973351
45.3880024348
-4.7286501528
-36.9386735217
-88.7106607904
51.1055559817
-11.7800742214
-7.8136696758
-13.4072456586
-12.8829942849
92.0036851391
-22.3961230336
41.7808541574
-68.1066687248
44.5765452646
5.9442587666
27.5473285687
-29.5484011608
-6.1740234039
39.2054885541
-16.8913057374
-2.3130146106
117.7123985645
-30.0897283539
-125.6910752040
-20.8447136871
30.6743380060
59.6669449601
-101.5310437373
-11.6087468329
54.8638964105
-52.3197178941
-47.1294988549
26.1187702565
-12.5387505080
13.6810516802
12.5857090115
67.7235300258
41.3730503859
-35.5796043081
-10.4392073570
-53.2208231165
-27.9284513723
4.9160216967
81.8302913715
20.9686319602
13.5089890828
-30.3407666163
5.1111959414
90.6788861465
-63.5889286586
6.6924642556
-64.8667691477
48.7699633432
12.5235720019
-20.9325830080
22.2041386468
-30.5721202535
-19.6384967740
-101.4274029998
-41.4488243347
-18.5138643317
48.2101373457
-12.0862412925
39.4695708452
49.3970253798
61.0084640258
-65.6344695306
-77.9626182654
-71.6426677545
46.3527862339
65.2546511299
34.8544748917
16.3677658563
15.9923349924
29.4464205724
29.8950165793
1.8021985866
2.0626522661
-37.0582042578
0.4312355904
0.8941800289
0.1651729786
-4.9203618008
-7.3642198780
-190.5459861438
-64.5713811876
-59.4888346766
183.0172099140
57.8165901910
65.0191471199
-2.0747357800
6.9832393728
-7.0749863278
-9.5880251901
242.6877123365
6.0254519164
-4.7354330478
-4.8459159713
-6.0444250491
16.2201311672
-236.7479359725
10.6907555223
9.7646887722
3.0488164141
22.8419916527
-2.8542469380
-8.9427726625
-20.5455311004
-5.1410786254
1.2704884001
-3.7778946137
-36.4925677384
-43.1766838156
-75.6410183122
31.3973329449
40.6435334326
37.3883367673
-3.7739576887
4.2798169818
40.2090486932
-81.0997071795
68.3106299016
42.4296167146
43.2449870935
-34.7700444511
-83.1678972287
38.5206770447
-33.3411303927
52.7442417388
-5.8287242465
43.8850931588
74.9119756873
32.6436306009
-12.2696877696
-56.0172257161
-21.5131608694
-36.0717199382
-30.3969745220
51.5963672089
-33.0481140742
46.2945624329
13.2079091829
-9.2361210109
-26.8979731011
-55.0462756489
32.8197249890
-17.0052631158
-24.2454105640
-44.2384677558
10.4816715997
19.2905769527
25.4743952363
-7.8203221305
22.0504562718
4.6512634877
8.0491262529
-45.4157506414
-24.4372763687
-14.3240037155
20.6813075814
-31.6880962040
-3.5215320160
22.3115740109
60.8136336692
12.6410868427
-28.8590835325
-54.1222840851
32.0676774406
23.5608362188
44.9774712755
3.4616599240
7.2546856111
14.0678664237
-26.4674015703
66.9962661320
79.0540477254
-28.0330407664
-31.8268372370
-67.6771644327
-16.9093302135
-34.6777875932
-17.4612112117
44.4150364722
-30.9366415659
-18.2738542027
-21.9916395603
2.9714890400
37.3722096044
-35.1451195687
17.7606309625
-26.3379099395
58.5644873666
-14.0135558312
-11.1187893966
7.8083809151
34.5329988741
29.0827293345
40.1912613812
-18.0197328063
-20.7137990712
-49.8136042252
115.5460225535
85.9447337852
-0.6147532167
-98.2719338633
-32.0547519939
-19.0324237655
-20.8608408499
-51.4146994631
17.3959910679
66.1404592640
-17.5473018014
-76.0758587979
-56.0484128030
15.3453511665
66.5260881866
7.9316588450
7.7751186418
5.4969434461
-114.1487699103
20.3509379079
-28.9072278568
24.6354270236
-35.6968819848
1.7242190111
91.2560251276
17.5081697152
23.6004426334
-104.7704689861
-99.4237216019
-75.6397139094
135.8049407676
77.9326169993
78.5982182117
-28.3417099195
21.8326209917
-2.9846397927
-23.5696112927
-18.3281647951
0.7788233820
42.4872476052
21.1258717976
-5.2651629135
-21.2016457465
2.9503814299
2.2892507619
21.1612092573
14.4626261664
-4.0719188799
48.9984710105
-16.3763037660
-6.5898788986
-72.1568396513
-3.8108011408
10.8098949377
68.8888361214
-62.0857822184
1.6239104300
-85.3973589061
-4.4583185861
-23.8306104498
8.3128409396
75.4906562354
24.4286198769
147.9916210815
7.9889102730
-345.3169447124
-12.3165276910
6.2185509747
-33.4560364278
-128.2228026021
-11.0471302460
377.7681165982
