5.0523756856
8.8952734536
8.9352746096
9.3149665896
19.7258729831
27.5667057351
3.4670568187
8.6773091518
164.3024588418
14.3233192766
54.2200798935
8.5470301573
12.8631786970
4.9323864228
18.9247348411
10.3156673041
20.8309132840
10.0829270924
19.8839607983
6.9134078598
6.7124961898
8.1510302560
10.6899561493
87.5671374007
8.6162575714
12.2436833617
27.1634770116
125.9987684799
44.4668138063
25.5765690216
46.7739611682
51.3700045313
51.0841751405
298.2337626781
25.6833588903
17.5105083727
21.3190671977
18.1703346276
9.9506290478
23.2869050533
39.0351584126
10.1113312604
42.1667178296
17.1109813859
18.6589145619
28.2985649042
23.3279767606
27.4366746345
22.0816347424
27.9635797418
20.1272293700
26.3274842721
27.0871641519
25.5424017183
24.1068660469
23.2119181613
29.2533616866
29.5866440765
29.6940906336
28.9545822992
23.5355638850
24.7067723877
23.1977930961
24.7945624935
31.2654688527
28.6800217817
28.3705026890
18.2860047536
27.5017972180
37.8287750244
4.3176563744
4.6304995736
0.3472350983
0.0000000000
4.6560255222
10.7821519497
5.8083966613
5.0459537796
11.4590811407
7.6008389326
6.9765811260
6.1619663169
9.2414397946
6.5983045886
10.7076096328
9.7865151170
8.6148246350
13.0075574870
9.2314982149
8.8932502226
8.9521007152
9.1618824428
8.6279078593
8.6504579896
14.1782503674
9.5121020925
10.4886249642
10.8468473412
9.6629015548
10.5164604682
