2.1573560376
-5.9624617531
0.0449095683
-1.5371790601
1.7096798261
0.4538128907
-1.3707836848
5.2391441187
2.5230052093
-1.9799304494
-1.0642389577
6.3528427790
2.4216765165
-0.1686433336
-4.1186512468
1.3840100320
2.1108068782
-4.0602436042
-3.0765574876
5.5340618006
0.3401881454
0.2877333158
-2.2988572748
0.3508611735
3.0976352550
-4.5761091084
2.2710168473
7.2670383975
3.2945514775
0.5267766024
-3.9833915013
-1.8415134982
1.1004771374
-4.6676073688
-1.9764201728
-5.7849955023
2.6573893181
-7.7344132449
0.3528271082
0.4771076484
7.3535167894
-2.4388160888
-0.2059599744
2.5236520070
1.3786471978
3.7541108146
5.9339487255
0.2089924687
-6.0709336236
-0.7764019225
0.6381641172
-0.6549882950
-2.5775634330
-1.6139361558
-1.8582188312
-1.5690485412
-2.0669672086
-6.7492947431
6.8447451479
3.2688363101
1.7128673680
-4.3403656155
3.2671243988
-3.5149243496
-0.2134279714
-2.3410307344
8.6229778901
-5.7115465321
-0.3149897949
1.8298667778
0.2669045932
-0.3388516206
-0.8134933470
1.8062947055
-6.8543837120
-0.0355194493
1.0526073534
2.9304854585
-2.9402349900
-4.5421601770
3.4603953229
-2.5239948942
1.5449271390
0.3373479161
-6.9945310321
-7.8594327995
0.3045172552
5.7049747602
-0.9789384848
1.8905050371
5.2893040018
2.0070529974
4.9669548482
-3.6155522140
1.4827652531
-5.2408315120
-1.1223758902
-1.3776274927
-2.3623562274
-4.2912947161
2.3654724315
-0.0343995968
10.0169261188
4.6503738201
-0.4046116853
1.3257916543
-0.1513347460
1.0063768977
-1.7647249572
-0.5997079602
3.2305996019
-4.7552517942
7.8144426208
5.3827974331
4.6683672922
0.0674300957
-4.3840321073
-7.6804335826
-2.7813158258
-3.6182680985
2.2520700867
-0.2097992143
2.1372550943
4.0002558714
4.4429033637
4.9968843514
2.5975775626
2.4805478905
-5.5380096557
-4.5245422436
-2.9137043324
0.2612378140
-0.5508521972
-1.9163815477
2.6160580135
-1.7728378262
-2.3275233091
3.6712935499
1.5008869695
0.4000092658
-0.5825238049
6.0294848186
-4.4569010471
-8.1732921894
-4.9398036359
-7.2104203711
27.3059896798
2.2945688569
9.2772697565
-1.8707824805
-8.3360819973
-1.3141268590
-40.8881962328
-3.1807170103
5.5819386156
0.8422739715
1.9623438415
3.0383255230
-6.8900307022
2.8602730823
2.1911617514
-0.3668904565
-9.5611006349
3.7837073236
-10.6341596941
2.8134961354
-3.4649699637
-0.0597921194
13.3979420781
-12.5466011927
27.8725613139
0.6225516835
-6.5208042422
-0.6928789658
4.4003633774
4.4731259204
4.0818539411
-2.3338357743
2.7113937404
1.3000517498
4.9627254676
4.3692043803
-3.4180808595
-3.6586102601
-0.5924284601
-0.7219873222
-2.1353102599
-7.5563530835
-1.4712987623
-3.8561276227
7.5449596024
16.6252805888
0.8529951592
-5.7978675842
-14.8054651128
4.5206786841
0.9495557010
-2.2249611513
-14.3206552345
-18.4052348470
-7.9737410687
0.6457745522
-3.9149391477
0.3979525486
0.9471154200
-4.9399532550
9.6925920078
-5.0157453383
28.3314210216
-8.1113787094
13.0140257563
-4.8128194678
14.9960730833
4.0431336762
4.8244551400
-2.9849852421
4.0787646855
3.8570859176
6.5904635342
-3.2592752501
0.1810475677
-1.4735705768
0.2336505037
-2.4299763236
-4.7624171792
-4.2511308102
-0.7672657531
3.8307313896
0.4209547463
4.4298708911
-1.5454190204
2.9588876570
-0.4622102970
-1.6346621898
-12.9113762336
9.5970040654
-2.7861991320
1.4206095520
-2.5497080761
-3.5653641970
4.5945269915
-15.5262059570
3.1678374799
-1.6787170881
-4.4240742396
-3.2694871756
10.4538588592
5.1469747549
4.5807296005
-2.0607536132
2.9474574498
0.8673574667
6.6158056304
1.8029880997
5.4533574263
-2.4581927694
0.3147792936
-1.4733451830
-1.7846031448
-4.5404171594
-1.2557858153
-3.1003233723
1.3610081664
4.7429493540
-0.4441662462
2.5804264531
-4.5815157784
3.0070908066
-0.2646547092
-1.7789131091
-6.2985311279
4.2993323363
-15.0952366513
1.7853045613
-3.6184580414
-0.3902817479
1.5862704696
1.7406320416
10.5109112449
1.1191507688
-16.3988186620
2.2328884499
2.8210152415
10.7736581712
-1.0247683880
-2.8488208176
1.9495240125
2.6597401956
16.9936585336
26.5033057063
-3.2449881200
5.0834849066
8.6023118942
1.4422685950
-8.9648078912
0.8558322684
4.7947896938
-320.9527002955
264.2851466295
-219.0317237533
9.6706550045
-13.7635134920
-4.2123801977
-20.2605403400
15.0074614610
-14.0752650694
-2.3929892457
4.2958654343
4.7650629965
0.6322404989
1.6300288092
3.1290815220
0.3938637013
-6.1985261451
2.9609700268
223.9639080804
-177.5327979882
221.0055870810
6.7480476656
2.4594059433
1.6774962742
89.0851793815
-126.1445205186
0.7891009488
-16.5412756574
-13.4585176773
0.8359938556
3.6363164363
-3.0094742295
-2.8774864345
11.9865304700
9.8869736801
3.9393969387
8.6245869652
4.6659618834
1.9287126775
-2.4019285079
0.8826858520
1.8576822330
-8.4642006452
-2.2729339283
-5.2675452265
-2.0691848216
5.6123918217
-10.2454225486
2.1413503501
1.7624388682
2.1642480213
0.8608496556
-5.0461093991
9.3968427695
-0.9885163120
5.4876558610
-1.3395726123
1.0163841931
-0.9010495728
-5.4213336886
2.1990878693
-3.6100231594
5.0284840149
106.9239484677
84.7223981986
79.6311937737
14.9303454025
5.9992131084
-1.6952219096
-3.1671341171
-3.0712315527
-31.4247596492
-69.1150132628
-44.5915209298
-50.3753772433
-4.9975323021
-3.2116381933
-5.0819879219
-40.0962849551
-25.2086974749
-8.3540067375
2.6324597451
6.6100382289
-10.1143638908
1.9575472913
1.1833361048
3.5650397467
-12.9752295323
-5.7066137748
21.9659859613
6.2965907004
-10.5447177866
6.9990255883
-0.8318045058
-6.7013509625
-8.2895663011
-1.5578929320
0.5207850386
3.1740385834
-4.9237283955
-3.2558953625
2.5736099788
3.9971756579
1.6873910595
-0.0401035518
2.0754939523
2.2227329697
-4.7596460854
7.6038877515
5.2719798529
0.4083586369
-1.7799131205
1.8882247110
1.2778225624
-3.2139456040
-9.3386536741
1.3775426691
-1.1294650231
-0.1636948652
-6.1277092228
1.2682567728
0.5049165452
1.6893138041
-0.2863421467
2.5721509195
4.8772731917
-4.3138132050
5.2826544813
-3.5373955944
-1.9014373972
-2.6485936123
-0.3657958807
2.6038307553
-4.0232130249
2.6267294942
2.3070210200
-6.8714356634
-0.6592438008
-1.4750129310
1.7679790103
0.3553355285
-1.6542450272
5.4399330443
3.3815826930
0.5777687130
-2.0352098802
9.6756707612
1.8920632660
1.9414603108
-4.1774233659
0.1840437486
5.0868564232
-19.3263443037
-0.1702143473
9.9735516751
-6.5345549586
-2.9512279277
-0.7771580064
1.8411872284
10.3034800767
-17.2402615636
20.0025664975
6.9718671050
5.2399472115
-1.9627283185
-4.2571279594
-2.2235020736
0.4433307741
-11.7284157345
-0.3021604903
-3.0393787374
2.2317050586
-5.8609606804
-0.1363166380
-1.5185653584
1.6878380559
0.4114252078
-1.4484474244
4.7303623812
2.6000123298
0.1850606427
-2.5824612074
6.6637625301
2.5544678170
-0.0855234730
-3.5626950701
0.3094075696
2.3734035512
-3.1485714737
-4.1723035737
6.8931165356
0.7188495818
0.0290091637
-2.3090918365
0.5039543715
1.8561279913
-3.2490507959
-1.8286777690
7.0965088264
3.1343014430
0.9681002118
-4.1565798499
-1.3974312132
0.9102705311
-2.9663908606
-3.3345027582
-4.1001138109
2.3334992079
-5.6367454413
0.2797830720
-1.8336100074
1.7362304933
0.4696084274
-2.0569307993
6.4804966622
0.8943845141
-0.2086729602
-3.9930300931
4.1146161721
3.5991973553
-0.9938117725
-2.9535837518
-2.5139284647
6.3741769081
0.1711212956
39.1601968769
-1.3559706289
2.1392992850
4.6745319763
-0.7392588285
0.2488497477
10.3071885426
-13.7463884109
-6.0020248371
-48.9942941737
16.2654019225
2.1612506366
-6.2212743747
1.7706562500
1.8973429070
1.7540968211
-6.1617570586
-3.4206474662
0.2860567010
-9.8473897563
2.8118012359
-2.1687549079
1.9258751947
1.2866430121
1.5265999692
8.3370919963
-0.4477446736
-1.4481591929
0.0038807743
7.5731707859
1.0981048435
-4.7297010577
-3.5837023505
-2.1512880926
3.0459073515
-2.6246948344
-4.7784156717
8.1293698501
1.4569972931
-0.9333900586
-2.4314675569
1.2793630647
6.2564614223
-7.8604357581
1.0331439328
9.1785561874
9.8145812958
-16.4170395157
-4.5292728521
-0.9424690586
0.1378852764
-2.3364983475
-5.4452432704
7.4941767732
0.6556229950
-7.7154380553
-2.6817983476
-1.8979451908
1.6247379793
1.2644221450
-1.4119548154
5.2435199360
5.8764996177
-9.6840717672
26.6887605621
-32.1845378223
12.2372655674
6.1765319792
-18.5490028553
-1.3699785603
-3.9732355000
-12.9236088327
10.7918323065
-2.4646362232
16.3496113524
1.6668523624
-1.5378815536
-0.7480086230
1.2276982341
-8.5412839415
6.5980231877
-9.0590692871
5.2310106173
33.5773375758
-3.4441477972
-1.5986716528
5.5822176621
0.2878959549
-19.1334141430
-2.1611550645
2.2610874666
2.9221170509
3.2458158692
-1.0553346760
3.9400441007
-1.2710464188
3.6009896418
0.0735827145
0.1715254501
2.3491543497
5.7927719480
0.1382510674
-1.1187119035
-13.6611241707
1.3358182606
-3.4719596227
1.0583158698
-1.0724192189
-0.3849135591
-0.1220175648
-0.5597599357
0.0812753858
0.4894005508
0.2951999268
0.3481499149
-0.3200968115
0.0211133959
-3.8895074382
3.1715184299
-8.9098798270
3.4978312582
-3.3087097937
5.8447056622
-2.2180608151
-0.0358023238
0.7606757657
7.7201161249
12.1242283288
5.4002312949
5.2736839097
-3.1889123324
15.4153881001
7.0119037420
4.0152019105
3.4570758147
-21.9551760343
-10.3834842475
-39.2788881284
-11.9093317141
3.2794491939
-4.2918112401
-3.7699817478
6.5893406562
-6.2676977457
-1.5292362649
-0.5699632711
0.6080064067
0.2080730885
0.1433325906
0.5207418139
0.4360858994
-0.3306771707
0.0541319310
2.8363000401
-9.3582211416
26.5337667252
10.3218469175
-3.1736532117
-5.2461652276
5.3557160366
0.8533586949
3.0952202529
-6.9830607779
-0.7912946064
-0.4916914363
8.8011718003
1.0489755293
7.8956704303
2.4737598753
0.0708453951
-1.7651620352
5.7346659627
-0.6574873481
0.6841250158
-3.8812185318
3.9646993661
-5.3563315549
-2.6801180523
0.7196087604
0.8876113660
-0.6449274622
-0.0666759143
-0.2400936900
0.1717465639
0.3158676500
0.3533873734
0.3548337126
-0.3254137252
-0.0202027026
0.3638931157
2.8589186325
-4.9109609970
-2.5580142018
-7.5961746371
2.4848492868
-1.1527320021
0.4581308953
0.4787989413
-4.2265238613
5.9737323076
-3.2849362160
1.3255230958
-0.6046397581
4.4027591977
2.1344297921
1.7312504988
-1.6472398439
8.1362337991
2.1654655859
1.2094583739
-1.9692732248
0.7385893785
-1.9080594318
-2.7282572019
0.9830897039
1.0700073024
-0.6128117429
-0.0992433713
-0.3426535325
0.1815407337
0.3980810558
0.3476548626
0.3532438584
-0.3193106774
-0.0111308376
-0.3528537547
-6.3364829507
-3.5122025824
-1.6697796107
-4.6954068269
3.0226704204
-0.5714718806
0.0648750539
0.6536722825
4.8649014153
4.4873185138
4.2220427310
3.2594702179
-1.9506319312
3.0267485007
-3.4510152721
-4.9408735254
-3.3941561961
-0.8262780594
1.4679182059
1.4330216382
-2.3412934309
1.0491643352
-1.3240353007
-3.6091056217
-2.7293311823
-3.6151614115
-0.8079056933
6.3054644430
-1.1383566008
2.5076804537
-2.0064888211
4.8474553937
1.1309048223
-2.7853232117
-0.5383707102
-2.5383264759
-5.1554950162
-1.4804877219
1.8909055297
3.7554783489
-3.5566069102
-0.0799378855
2.5027998410
1.5179065877
2.3501433313
4.5502046232
4.9160278836
15.7785044419
-4.2582609633
-0.0686760179
-2.9160248461
-5.2130789429
-2.1795689973
0.2871250869
-0.3765887290
1.3169777100
-1.6802135262
1.1194354928
-1.4854060133
-16.0641530612
1.0799377047
-1.8777759722
-1.1086411709
6.5823749825
-1.6194314175
2.6718085090
-1.9891466827
5.0210447029
1.0996005506
-2.8526253744
-0.5818808423
-3.0423441809
-5.4510928782
-1.7020870370
2.7174091351
4.2401235772
-3.2572784373
-0.0932142672
2.5687171878
1.5180544404
-77.9312825524
5.1924763981
-51.4210021327
-37.8609958537
-7.4860527152
-19.9593217462
-55.3005439921
-23.5560503776
-28.1290841452
2.9063655552
3.8948287772
5.5684804476
-1.2449882603
1.4744087608
-0.0962311818
-0.6370867168
-6.1181544607
-4.7682571245
21.2204436086
-26.4293323900
26.6513774539
17.5778386808
-11.0941099929
45.4617405910
5.0538990308
-4.1169874974
4.3220087553
68.7010719993
24.3778118650
-1.3150418300
52.5779767890
42.3560468483
19.1576758226
4.9373017094
1.5051147819
4.5276550878
-0.8137726218
3.6372052475
4.7547341287
7.5022489104
-1.6720788788
1.7860495369
-1.2414840117
-5.9292862863
-5.4639861457
0.8021114055
0.2134762048
3.7631404189
-0.8284804893
0.8359439272
-1.0393512051
-7.2578767301
0.4162648489
-4.0438387617
-0.8073456955
6.8315908372
-0.1835307437
2.3216941722
-2.6329743413
4.2054132741
0.7884805693
-2.6785975758
-0.4316972096
-2.9481620233
-5.2059841647
-1.5737257760
2.4559439832
3.5292122707
-3.1744454591
0.0266425312
2.6552279083
1.4012379401
-1.5956891883
-8.0495995871
-9.2994140050
-3.6202751987
10.7119720705
-1.5429213948
0.5719040214
1.7425307365
2.1030616265
-2.8206199353
6.1304605560
-0.2877919495
-5.7341893935
-2.5891486764
-2.7747288155
-0.6015413544
-2.0685127611
-0.1229080917
7.3626627295
-2.7527324313
13.8700884687
-1.3323856381
-1.6098582807
-3.6842975173
9.7175505448
-3.1999781254
1.6801280246
-7.5087266045
1.2677325443
-4.4163006373
4.2559726052
0.2045586287
5.9729556007
1.3053374165
0.2125753307
-1.4978713117
-22.1207111705
-2.6016085486
-45.1381620057
-16.9807219468
11.1760647331
-3.9970008543
0.8443795563
0.4471383772
1.6441896759
0.5229717850
3.7823341279
1.0667566461
-1.9394385626
-2.8414961235
-1.7607944321
-2.2600984689
-1.0014850845
-0.4545987758
38.5072236841
-7.8507982340
47.0703978645
-2.5453768763
0.2886451783
12.6280041586
7.0128003153
-0.9516073333
-9.2498487450
-10.3161145842
3.3246280563
-5.7267128618
7.3859356535
-4.1943770886
5.6116279203
1.8891506128
0.4225619374
-1.6938585907
165.6397050046
300.0123273262
-206.4912073744
10.0299240260
60.0107359785
-45.1638375067
-5.5690356165
8.8238356422
-4.6254342366
-47.0702794302
-217.0432486330
143.8288269169
-150.5094234625
-95.4009506026
69.9631763747
0.1489366773
-14.9571789165
7.9965512090
10.8922578907
-0.6088954024
-0.8361471391
-8.4070224111
4.9360506977
6.4223331387
17.7173810213
-39.8178074283
32.3194635218
-5.1954323729
0.9384739247
-2.5627855076
10.1837184469
-7.2651318829
-0.3379861629
2.1392702287
0.3717892963
-0.5129532338
-26.0588499880
2.2635804409
-14.4063710141
-3.1935655797
2.0644330643
2.1458018130
-37.4928353422
-7.6350649065
-7.6814611560
33.4098773866
21.1681838919
-2.1518172399
-9.8876445668
-12.1976351281
7.5546260399
41.5941959839
-11.0348655361
16.8636861959
-9.6188077672
-13.4602966764
0.7481088971
11.5673588829
12.6138022211
-3.0836107338
-1.0045357897
3.0820384864
-3.5022990618
1.7144387576
4.1171197566
-9.8386385966
-3.4060148637
0.2511651397
11.5748420814
2.3763828840
-1.2324607538
1.7771327772
-0.9841550551
5.0473366423
2.1378360448
-4.3503126952
-0.4186658555
0.7364978352
-25.5742956736
-10.2689446395
-21.1757177591
8.7410296218
15.8812472376
-0.6680468767
-19.3350364584
-14.3465698134
8.5248440378
31.8140924025
-1.6287382326
18.8018521299
-8.0234361595
-9.2141167905
4.4596972376
13.9948451031
5.8095625150
-12.4915636071
-1.2436905787
2.6049056558
-2.1536846669
-0.5929942460
4.0676176318
-9.1927306068
3.3727966312
4.8543445756
9.5107638774
2.1811571057
-2.3879789220
1.5102523515
1.7015689218
3.2922103430
-1.8182682885
-1.6429229001
-0.5578856320
0.8050790628
-9.5225179263
-2.8130135796
-2.0713998426
-13.8933273576
4.0540848929
0.0031625604
0.6286485165
-12.1676143996
-22.2479262876
9.4247858026
-0.7366492738
5.0116475873
17.5109186337
35.9894155566
-68.4009662960
9.0184558228
5.1936227310
2.1869142753
3.7173416336
1.3614287193
-12.0522238805
-5.2622326712
-24.4747547737
81.7186696107
-15.7315518429
-14.6956713979
-4.8666756016
4.0508333649
5.5548268115
21.7319871026
12.0880671806
-31.3863706560
7.2262195168
0.6440363058
0.0642370977
2.6545429155
7.8891084039
7.8358575472
11.3318217127
96.4308785276
-28.8937869814
-34.0398091534
-0.1148999221
-2.1148477342
-0.8193057258
17.9593480487
-21.9626052481
1.8236616963
-88.9169283562
28.8815330167
20.6241534453
-55.6053628931
30.6637853600
-1.8027218656
1.6209791561
9.7984761643
-7.3852095206
-6.0082604393
1.9034609026
0.2994217989
12.2697729609
5.3716403872
-1.0444506947
1.7432610248
-0.1613798560
1.1316758770
-7.4110806488
0.7321224260
2.0896014961
-2.7372894258
-1.9032022393
3.4405613631
-2.1785755950
-3.0161406280
14.5215453198
20.5287504277
10.6086065017
-23.7416932807
7.9229219122
8.4719376527
1.7287123996
68.0975338274
-31.5335413058
3.9815607083
-14.1092993802
15.5583761892
16.8769029707
-72.3647957007
2.1664447206
-12.5574626877
0.3929906128
-0.4297246496
-5.4971262077
-5.8442944419
6.6370399212
1.9161173314
7.5169694313
-7.5621711652
-4.8975551326
0.1861689810
0.2702525742
2.1388357173
-572.2989407026
-222.9226435463
819.8768276534
30.7792471570
-9.5777122913
-16.9126875978
-46.8328390730
-69.6833762886
152.4223028878
212.0504102962
174.5952368411
-341.9625536876
-20.8904351015
-5.6425371878
8.3521194899
417.8511395799
115.6284079556
-578.4893632743
-1.8548292189
4.8225895716
7.9106050153
-29.5115132176
5.8708423396
-46.3983691069
1.9484046351
1.5207690613
-3.4711057621
3.1492195097
2.5062966156
-0.4709485589
3.4076058824
2.8098896156
-1.5098274309
2.2025302510
0.0722373160
0.6530003743
-5.2056108006
-7.3690041726
5.2172342576
-2.7187621274
-1.0499342047
2.1956041354
5.5548289423
-2.4752941489
3.5456013191
16.7915734484
16.2632397540
-8.8761236311
-11.3801174273
-12.7197929680
0.7159219207
-14.2805723427
4.7357310681
-3.5350530002
1.5862025217
6.8172287211
-0.8048783645
-6.3559290413
-7.3014893040
4.5140911549
-2.1891143345
-1.7034945629
-2.1170315588
-7.6291165766
4.3174007298
0.6614684427
24.0226811948
-0.7562190774
-3.9696268679
1.8039365454
1.2416281655
2.4527921898
1.0745624501
2.6098546108
4.7880867236
4.2343014300
-9.3290304521
-6.3277856282
0.8756551983
-0.2259387867
-1.8108431103
15.7201904690
-1.1965876249
-9.6404535251
-15.3379227757
0.2938454356
4.2274437188
0.9862989228
2.1368990210
3.6384017555
0.0559606671
-0.5068407335
12.3215335205
-8.0025016905
6.1172551570
3.8140766814
-0.7726739174
-2.2924300234
-11.0966020771
-1.7393004979
-7.7388410315
-0.3292470939
-0.1362167051
8.7882851188
2.0125812841
3.0416464494
1.3435293088
-1.5971922518
1.6588927538
-0.8147205510
1.0885690141
2.6258506129
-5.7535199461
-3.4996118392
0.7371821408
-0.3123213943
-1.2969156122
-12.2826598892
3.1528003078
1.1692855090
2.0380811606
-19.2670040580
2.2964801382
1.2366915618
-1.7830606893
2.8881562018
-0.4216925939
-7.2953546472
-4.0597554977
-5.0833256620
6.4775482351
6.3755181096
2.0398814260
1.1317703561
-5.1701856413
16.6567274346
20.0582963054
-5.5109669479
-13.1994232028
-7.3131579666
6.8809358343
3.9937942597
11.7187240480
-1.1615092686
1.1354114621
1.8521434007
4.1650483518
3.9034596485
-8.6487030219
-5.8604057513
0.8312163789
-0.2302210636
-1.7671898484
1.6567308666
2.5116280459
1.0512249612
-8.8979200227
-4.5725324866
-4.6026337864
0.1997593967
-3.5976600307
3.9332436881
3.2511856838
-26.9429192838
-6.3368641300
-5.2174187535
6.9164858941
2.1964566562
-1.9634596814
-5.2798694705
-1.1396944538
5.9373873622
41.7109117005
36.9127486521
-3.6741258003
5.1407074676
-16.1907164065
2.8377734592
-8.8599711517
-12.3612179329
0.9810491960
-0.3610546851
-14.2512409516
-4.8774232536
-1.7742808308
8.6625587492
12.4410805281
-1.7233576735
-0.8673482125
-1.1537071634
4.5550879225
-7.7314908485
-0.6770706628
-0.5671225690
7.3456167438
1.5446841431
-0.9021774296
2.5619392385
-2.0422716472
3.4292886317
0.6815861694
-7.5288140550
3.4077255874
8.4746126024
1.2340978982
-7.0474991965
-0.7475917644
-3.8023726094
-5.0662757283
-1.7881543492
1.1934175606
4.4847478531
-3.2229459998
2.6873300680
1.5649181157
0.8824586203
1.7768836656
18.7858762597
34.6414763793
-16.4537854425
27.6127696890
8.1970363464
-2.4100217156
-6.4842907611
4.8856144432
-6.2769783871
-1.0133961641
-2.1375285739
1.6557299097
0.4716926905
2.4218107773
6.5888658580
3.2231676324
1.1576339204
5.8250901988
0.7731802786
-12.4335751015
-4.8324162084
0.2953731669
4.7539150042
-0.5427162676
-2.9926533701
1.8508630561
4.0480815612
-10.6880195891
-24.8280478480
3.5596736217
-4.0854371812
-4.4463606610
7.0615932060
-25.8982626515
-14.0628377425
-4.1586362858
-14.1019741095
-9.8403133458
13.9058900476
4.9379287349
-33.4309229568
-9.9288690272
7.0845505671
9.2902386535
-4.5350965329
6.1339627960
9.3853023605
-0.7974063642
2.1145876112
6.1191335769
14.1413770265
7.8722069456
0.2483133017
1.8274672978
-0.5521008543
-14.2028391193
-15.3212326235
0.5484193394
36.0999777805
-1.5150276559
-4.9731585990
2.4021383889
-2.6168651188
-3.0398837219
3.5325110498
2.5742400483
0.3169909131
-0.6509105398
6.4241591927
-6.3415296224
-8.9526291500
-0.3713981479
-0.9747710287
5.4511102312
-4.5943010442
8.6215235282
5.6328405618
3.3023438119
0.3044133975
-8.7912049324
-7.2324848047
-9.5991151594
0.8566015544
2.7718620343
0.6494960266
1.9114407146
-0.0609875644
8.3210478138
1.8486747553
6.1941594435
3.6186127753
-4.8167662345
-5.3750657941
-1.9243689074
0.7207459706
-0.3942253207
-2.5941657937
2.2338034025
-1.8044816068
-2.3274048032
3.7417929584
1.4778657768
0.4126561038
-0.5633721860
6.0867132186
-4.5079239527
-8.2256667960
-8.6167056471
-15.0843232355
-16.9561127817
-6.0259718232
4.3493175426
5.1139238404
5.7327104721
1.3480863613
3.0537333081
64.5874886123
54.0254259061
-9.2032410856
3.8965775831
2.6589368007
-1.0846690811
38.0911378081
42.0677395578
22.9001642248
-87.1139961738
-57.7301490408
8.8580006694
-14.3624739168
-23.8100149179
-12.8688400892
-1.7407437469
-1.7061488296
5.6210380789
-1.1064919232
-2.6727217759
2.2477281545
1.4170774901
0.3255462795
-0.5667676533
5.2413912676
-3.7716946530
-7.1149575875
-83.3867702982
-119.5232493031
41.4701525961
37.5425581080
5.6348079102
26.7518494797
47.6087083545
111.4438538602
-69.5050936206
-49.9916509381
-55.9163527553
-56.3166429216
-0.1205275767
44.5497391905
103.1754465457
48.5310662724
13.7165074524
-47.4653021707
-20.4497161352
26.7788554221
-16.2626494062
36.1115298074
-32.2011556889
42.6091749433
-18.0852739867
5.6157510655
-25.6043296688
-12.2337623358
-26.1636998074
30.7255233077
9.6861278964
27.6884547691
-18.7865776947
4.7877108297
-1.6235121129
-10.7915513898
-42.1565542299
-96.0283686014
54.4017946444
3.2034699143
2.0188300976
2.9515527932
41.2116258585
94.1174018410
-59.5835572434
-37.1964456571
10.4263897873
95.0064445705
-6.7461877609
-24.5114496514
-65.0157621031
42.3331855251
16.7945228210
-29.0824499353
-73.0158482681
61.9793237170
-94.3992395963
65.7469249844
-86.0748012178
64.3351329280
4.4587498412
23.9142877671
30.3945297440
-1.2548388939
77.2908940402
-9.9477669663
-3.1005257032
-89.4229587974
30.2849388328
6.5164443920
9.4959281922
-19.3456176708
-42.5478435600
-96.7410150319
56.0002550418
-4.6143389169
-10.6452686172
9.6661162044
49.2881914909
107.9889071013
-67.6073351234
29.4423921749
-39.1991137698
-155.1942608447
14.2065513809
65.6307518179
133.3594998055
-45.0929882466
-24.3953877336
20.9425187555
-50.8714507026
24.6027816221
-78.1486445726
21.4569758714
-37.5089929595
13.6540611492
27.0854002922
10.7854111223
64.5409046914
62.9891702471
42.2548460700
-124.4993801278
-19.4984763316
-121.0173226487
68.0459831419
-41.8435836973
78.2444030270
59.2402818764
-44.3006285080
-89.3658390910
16.8767297306
49.3344023267
33.5770983411
-22.5641429890
-2.9917919433
50.8472657778
3.6123211222
127.6867682594
-17.8951940382
-79.2222196276
-163.3959805347
-9.1515867314
71.5096471867
34.5911522935
29.4370115703
7.7927995195
30.0239911688
6.9577947170
71.7790661129
-34.0948022691
-12.3846665114
-75.9833702969
3.9704391618
8.8064413938
5.2192653753
7.4889627949
4.5944049943
48.7653429830
18.6177866006
-6.9924675466
-18.1864724336
-26.9302993482
1.5697371245
-29.5989666809
-29.9431219969
39.3504282294
19.0575315194
17.1070202687
33.1456139319
-7.2528811606
12.7458487766
-72.1134179358
-11.5984080265
148.4297311806
41.2585716408
-28.2925522676
-149.3462608518
-11.3862037054
62.7752626786
0.0845534472
-29.0146306605
-34.8757683467
-0.6389268079
-58.6907032233
98.5230690706
-25.9320326722
-21.3353777203
-37.4263383708
25.8019197644
81.4696602241
-59.9119552364
0.6854756144
5.9981905576
-129.3218669255
-31.8133844045
-1.7983976947
120.5415681194
32.8191776836
-6.8837336437
7.7823389460
51.2152244519
-29.7887111860
-31.5158845846
-40.2235323131
-32.3548956800
18.8569828409
-11.8616576635
53.3102449530
9.3141286154
21.3830387947
40.1446434773
38.5509555179
15.1043679179
0.7992417347
-7.9588697180
-36.0212701129
-38.3640762259
-29.7994221625
24.5381811179
9.3226464162
51.4819844462
-30.1152932508
-3.9718507280
-78.7207448853
5.7100893661
-1.4769939105
29.2167928533
-72.7840628761
19.8686359874
41.9326482443
26.9186567856
-6.0819285239
-58.5042173880
46.1362577846
-11.4069563190
17.1456462205
-8.9893909863
75.4719411348
-15.9462786143
26.8518280744
-16.6612979890
-21.1817465565
-18.0193721527
-57.6835062302
39.0820348750
-129.5956685387
-45.5557856882
-70.6184331521
30.5157470917
119.3660050197
39.8719343206
104.7025867059
-71.4265059859
28.4099333156
-38.3810685543
-13.4720495399
39.1639483784
-18.0723132693
46.2542062835
-5.5292645748
57.5013147578
-36.3523794890
-29.3407946352
5.9019862620
2.2988633028
63.8119898677
5.4811970443
1.3622041233
-16.7035432523
-17.8968464325
-3.6016949417
-51.0197799674
20.0641993859
-29.6814628851
-8.7174391495
-20.8033694267
36.0564478602
7.4815321122
0.5538472389
-6.0404296129
3.3120026278
-62.3532662643
117.7804875553
2.3106858023
-13.9364185994
-71.3452231723
-28.3703631381
76.5337686879
-45.9388793619
22.4551433478
112.4352533979
-69.7440487053
-66.9806974405
-11.0481592870
37.7023938736
-8.1851110868
-100.3138897219
30.5752738926
78.5420777634
1.0471753630
0.8736770253
42.3106928641
-9.7725141683
-4.8609835735
13.3916267142
7.5933733939
4.6227471040
-57.5501504190
-26.8573071106
-23.2333356221
15.4276139309
-7.9791904560
5.6307367596
6.0619336453
37.1085371561
18.9412153407
-18.2700835876
-87.5885105990
-115.6354314698
-51.0632173595
76.8918416418
112.8573530820
46.0761410649
9.5291799387
6.0949444690
2.7440877260
-5.8510105774
53.8778464320
-35.6649468712
-11.8554843295
34.6248138536
25.6427763179
16.6685622922
-88.4982610594
10.2017527315
107.3852819704
18.1738854815
23.7286908860
-84.4476043292
18.6179726877
-96.2347397177
-23.0042956021
-41.4517399547
71.3499912335
56.2153896183
70.8306997044
-43.0524135259
9.4763826761
-55.1110049357
23.4149130635
-63.2889538937
-15.2483383702
22.8809355352
-26.8840126871
-126.9342607772
-56.1170516063
103.3513119863
108.2470967906
44.5879518050
-77.1474599993
21.8136536183
8.2082375048
-18.8934322368
40.0244270658
56.5661473629
17.5607703979
-27.8897839964
-58.9168778825
2.3623167131
-12.2094523629
2.8604295573
35.2786167257
-26.9413710816
76.8316852511
-38.6052475353
-9.8367772483
-11.0133571522
0.5743182301
33.2551115955
-66.2505999105
5.8130334849
41.1346510043
6.0200799709
1.5389668360
-21.8894753459
-8.3666486543
-4.1199981257
-24.4529241026
3.2252941124
0.7575579197
-54.8621126435
-25.8419409531
-23.0215666311
13.9098095890
-46.9674881543
15.4780875850
42.3260851871
71.6904066475
96.3823579151
-7.8568317588
-7.5236680938
-41.7626510097
-39.4488212961
18.7757958186
-51.7013019409
49.1380074870
-6.2220677774
22.0745429437
-86.5867956355
-5.9225290223
-32.0360055417
-18.2499931784
-29.9217910778
10.5969765624
106.8384006935
31.0545571838
10.0223305127
-39.9749522770
47.3559178059
8.9250032802
-1.6617979308
-9.7568370475
-9.5784409332
37.6665601921
-36.9124200646
37.2376671358
-97.1072320327
40.0537889153
-43.8220423695
72.2182451467
-66.6620963062
-4.2958531292
26.8940221801
26.3795824519
-96.4765400888
-5.8680096441
12.1334306773
55.0427395200
90.2737305277
-21.2749161232
42.9499993224
-83.2331869436
11.6402332788
-40.0297543222
-31.5344804121
-29.4742548992
34.6797887330
0.6456217231
15.8402711923
5.3451023387
31.6814794683
10.6773001217
-21.6323326378
10.6578181835
-61.2068943705
27.1196837814
18.4178030923
39.0938213078
1.4364577521
-34.6376114407
21.0622909840
-42.2170650451
-18.0912092690
-110.3635305785
29.2402377167
-30.1912858156
54.6399748900
1.8348216893
50.4184127132
56.2049785442
-79.7168149404
-14.3203964237
13.6702288140
53.9473048320
77.3627640962
-17.9362133197
29.1935922633
-62.1638500145
8.7987439951
27.9075605033
-5.5558953474
16.0350862853
-27.4982468299
1.3171455031
-22.2028914245
0.3848009152
6.7863047247
2.2044048729
-82.9818787063
9.4033817908
-44.2074405875
96.3639670798
-43.9653945685
41.5782547484
-10.5146515551
36.2314297729
1.2390606733
71.9911587472
125.0844542725
36.0458915601
-2.4995539928
-26.5369855326
26.2883609251
-72.7020994281
-96.8940403166
-62.0976787180
-38.7416410179
-3.6028486609
-43.7646968404
32.7830939888
7.3435918225
52.7153672045
-0.6736364699
-1.5519935711
-4.8070330391
-179.1578059512
-50.4511577986
6.5931922612
35.1788508508
-5.8941040930
34.4996599021
150.9541964547
50.8336668874
-44.0829380872
-81.7334458089
-135.5740551244
-63.3723373802
95.8006936713
-31.0581825648
42.8768369902
-11.0046526163
168.6832062646
19.9479118876
-17.5936969722
-53.8095667926
5.6856802259
-15.0967775478
-0.4537421294
-16.6786542659
29.3763379060
56.3039459984
9.7388656375
-10.1766652538
11.7851122405
-49.0060670976
24.9509995287
5.5065894079
47.3210173847
-21.2365475801
-15.9300618606
6.5013482310
61.3716495828
22.4244658457
-24.4072513109
27.5299487623
-2.5180605989
10.3727989282
-82.1878436743
-25.3596506841
11.0198507742
39.3297086362
28.6168915050
26.4959513355
-53.9858289162
41.1261375135
-26.4692153376
18.4634025330
-68.9897169838
1.2720184232
38.6046462499
103.0224118015
-11.0627423347
-2.9305811690
-47.0575021294
41.4340774891
-36.7816624392
-50.8002024766
-32.3567619886
-28.6516825938
-2.5589002181
-33.6248325705
5.4509062653
3.6700047858
29.2602985000
13.5423964698
-1.4566227922
7.9473185098
-117.3207215957
-51.0343562168
84.5342184623
-30.6982015719
-7.2082435845
-41.4971579827
154.9776181315
52.6700987956
-45.9331725035
-63.1101937639
76.5220753736
-22.1986180375
43.5152810531
5.3778895028
21.6091910967
22.3140521249
-81.6415474181
1.1650975728
-17.3236114785
30.0701625273
-52.9057749056
-1.9201300397
-45.0906381831
37.6385890136
17.3775587522
17.2116265273
16.1970610435
-41.7549075337
-36.2230473075
37.5685478735
-1.4543664352
13.6752557944
-6.7173483044
35.8965082622
25.4411045331
-29.1449547799
-185.7515378200
-48.8844383336
-8.2352201791
48.5536475667
-4.0930157328
44.2259866872
143.6576993119
47.6345727167
-39.2025570832
-71.6416921811
-154.0095894212
37.0827705499
37.2172160389
14.0146201870
-28.8524937428
23.2999630516
140.3658741239
-12.1892695985
-0.7072770656
-0.0902939578
-15.5431998881
-2.8525778098
-3.6981975116
14.1775532978
11.6358945474
1.8339388347
7.8071400394
-31.1380905846
-50.2317742240
15.5266600054
24.8677585057
5.6893660601
12.9930633724
7.0404826212
42.3943755058
-31.5838361600
-82.2174732428
17.7830163584
-58.5393118660
28.3549394136
17.2548389568
-25.9950654443
56.1408567078
-31.3061749121
85.1159894395
-40.2211558776
26.6711077151
-136.8659356690
-12.1014228398
3.4821767183
131.7536716069
49.5942921410
-29.3334096055
2.0050683098
-56.8474122503
2.4148177538
73.2946848914
18.8996785851
-34.2564735528
-11.0497332201
34.7523434589
22.0411302830
-57.9578611283
18.6536443481
8.5501997950
-50.4904187641
-19.5020275614
-4.5074770993
13.3656186870
0.2430721581
-1.7039135338
35.6421103289
2.8502848165
4.5392938178
13.9024079003
6.8012306712
3.7078344108
-5.1949087094
-3.1225276520
-1.6052867047
-8.4047042334
-13.9076260480
10.8112323775
-114.0645436377
-26.1758818070
11.5153659837
48.9215974593
34.0862234317
-24.2648456136
64.3227409598
-56.3545347639
-2.6397132975
74.4953566454
55.9812008006
-31.6123376228
-63.9258210972
-6.0690301184
28.2973384936
-7.2539804984
-5.4357916858
-4.0325339093
-44.7399082334
-31.5379900153
-4.8518386435
-5.5291013130
41.7486916300
10.2576974753
47.3620809218
-14.6192047936
-1.1839018353
-23.5024130930
-7.3266644003
13.1650358213
6.9273512494
29.6106077654
-5.4614992294
16.9866406393
78.9391127097
-34.6812283684
-34.7028233308
-3.5429431666
0.2692157120
88.0127781544
-77.6567964675
33.7883694871
-54.8963177961
-4.1056295550
-21.1451571809
23.0566649509
-10.6091923641
-5.8978727307
2.0706030568
8.9473319531
19.9887484143
-22.2469061628
112.7577318843
33.0714652078
58.9955751682
-73.7138026737
-21.3135898933
7.5696487461
-37.8190504445
-10.9572908079
-68.7178871627
-38.4283315875
28.1427931981
43.7285759168
54.9102318642
-23.1083657998
-36.8894041528
-9.6786621501
1.8429127592
-5.9805073859
-88.2678182871
-46.8983246134
-14.3116878799
67.0441370906
35.2909414516
51.9004262477
26.6606152188
4.9732420298
-40.9589682608
-0.2785540763
78.6271514497
-120.9388867543
-15.4508002624
-66.6622892723
30.7474473118
16.5136631142
-8.3658290086
89.4838680366
-3.1408719096
7.9167536330
99.9515745519
-39.8038051743
-16.6996349322
-48.5929779651
37.9408939137
16.1031194789
-43.8735613560
-117.0684957792
-124.5514470651
-11.1057791443
7.6354509839
33.6942842322
15.7357801719
108.2155851700
86.5720326187
-8.0372349572
-7.4921172841
23.5476132726
139.5569742651
-34.9776661854
-37.1297286743
-58.3676259559
48.3823403846
7.7267743369
-83.7801052119
-0.4472039960
79.5837372578
-121.1675078586
-20.1018104038
-66.9305010065
14.5257436678
20.9623808930
-9.3534403279
107.5097088482
-39.1124552128
-21.6385310709
20.8132561039
15.6382827054
23.0230591605
29.1108936751
17.8550299179
1.9586839504
-43.9948407135
-70.5201516708
-73.5029395840
-6.8022110835
-3.6988570825
18.3133570677
10.2037071660
73.5122279345
54.4019156177
-7.6079929003
-79.9478066229
-47.0497598295
-37.0406704205
64.9286089043
40.3437835807
85.3005297578
20.3508426481
0.1523611756
-51.5596605509
15.6039778737
-0.2646944541
78.2738659923
-0.2672551204
13.1377283830
-3.0663192201
-15.7619866696
-9.1897765068
-71.5259185871
27.2946784603
20.1790896157
35.3001368036
-26.5509701545
-6.0187572317
1.8670583128
-6.0150672696
-14.2556017796
-32.5572338824
61.5585118054
111.1766330008
39.4796170804
0.9628935759
-82.5316201701
-69.4408324431
-62.1564274306
-25.6793857839
24.9694271548
2.3290674526
3.7997084820
8.7302428153
1.6932117539
-7.0069030599
9.3068631062
1.7463381805
-3.0320937236
-20.7405367971
-14.8647588684
-36.4536694771
-19.2365746736
9.8136635298
33.5530270125
10.5009015374
5.8674777895
7.4705158440
11.5436210076
-29.7152566352
-21.0775245443
-50.2499114925
36.2679445407
37.2471893434
65.5852141749
-12.7088846602
-15.8592048752
-10.6396157506
-27.4408338372
-45.8383880828
-15.1140017916
-11.2610535243
14.6303393854
10.6179853234
38.2730842829
32.5670036956
-0.3041874594
-11.2230548355
-37.1736469457
18.3030746992
-9.3178548494
18.6241864100
-22.6736175182
20.3398723581
24.9547504352
6.0393876728
119.9697407259
55.9920609627
6.5460595108
-55.3637777991
-27.0131315424
-50.9947737666
-65.5116454305
-24.9398315937
50.1875552154
-63.4320532776
24.8064836045
133.2264946875
46.3835729544
-57.4025932698
-123.7095782998
12.5054497212
28.4212184028
-12.0229598332
54.2542105097
3.0140670812
20.1094222802
-48.4913291342
-17.7476553928
22.9191504835
-0.1131309429
8.4640918432
-47.9302151316
-38.7927385844
-41.9139101379
-54.2623906487
6.5320667809
5.4201076053
46.3653479152
28.8292144588
46.8507989251
14.6116207167
-148.8116578684
-69.4532412501
-46.8031028724
101.8586558083
46.5625096518
100.6295875932
44.7715417497
21.0393594830
-53.5829570869
59.7809051548
38.2929729954
-101.1234368188
-30.7666454185
19.6627046196
61.3725132856
-29.6772434852
-58.7073539443
37.7645623571
-167.1350627857
-35.4743170785
5.6628820056
154.8825964500
52.0227024366
-60.1996361263
18.5283677398
-24.3023333106
49.5650096798
10.3277630250
9.9482573120
3.4895444319
-3.1685611476
0.8538409786
-1.7843170948
-2.9294598890
-5.4324235337
-0.2409547501
-5.8063972773
-2.3010768779
13.3721636717
0.3902153773
0.2155870821
-6.1607366754
3.5645506878
0.9650436330
-0.5642953205
-5.4735028280
6.3123244187
-12.1652441466
2.2034835164
-3.0158599488
-0.0526251341
1.3182615645
-0.8236551965
5.9773776014
0.9519824224
-13.9580692322
-4.6957676622
1.2207344444
6.0389772089
0.4239949867
-2.5990698913
1.1970541559
2.4008600920
-6.1349694904
-15.9304896614
-3.0434418284
-3.6668248908
-1.7465513637
1.4799176398
4.7515080918
3.3146661533
-9.7243867935
-0.4549539036
3.4226081017
-16.9925601689
-0.4798781611
10.0812649758
5.1244880734
2.1478174709
-2.0209527104
-3.1609004128
0.7098288074
-3.5127826359
16.9662770733
3.4841586156
0.0184761294
2.5585214578
-7.6275354924
-7.1990928063
-4.2583580897
5.8799712425
16.0221575551
3.0703572742
3.3556525851
-6.1983764337
8.8579774866
-1.9647748752
3.7490726983
-0.8778917117
7.0403802808
4.8390192342
3.0980856044
-3.2804853274
0.1376291775
-0.6726145348
-0.4540033939
-2.2697373950
-3.0363796209
-4.9322669115
-2.0511128952
7.3523588778
0.1891600033
3.1036192596
-2.2156431196
3.1011987115
-0.0584593558
-1.2707854287
-3.8362186262
5.1693833280
-6.4139387303
2.6248338848
-1.9774345302
0.6583535714
-1.3803909419
-2.6806432932
2.3423099307
1.7279597817
-7.9558283085
-4.0358253897
1.6449851242
1.8452317764
2.9094027723
-2.4451525877
1.8983329977
1.2846760673
5.9402250318
3.1333832412
2.7343747939
-3.3152431167
-0.0611172108
-0.4108136767
0.1437883639
-1.5653642474
-3.7386433603
-4.5822822395
-1.7420027998
5.3439260686
0.1226140097
3.8340518940
-1.3163578056
2.9870486262
-0.2979302588
-1.4679456826
-3.3868237836
4.5760382987
-4.4909689962
2.7250567668
-1.7330145224
0.8570023514
-2.0563091792
-3.1470783263
1.5224067453
2.0287378960
-5.9659521123
-3.5866560839
1.7896573527
0.8768584009
3.5322871550
-2.3964697258
2.0921276407
1.0213884911
-7.9074612677
-6.7476495921
1.8557586974
3.6354277658
2.5248897196
-1.2456472985
5.5040350971
-1.2621198006
-2.2344100817
6.2422746724
0.2386824006
1.1379138936
-1.7831234970
0.3853113466
1.1840510186
-3.9792955122
1.8338120708
-1.9290602322
-0.9725227175
1.2268429806
-8.4144340989
1.4115287395
0.8118557160
1.8153463187
-0.0808911763
0.6815560961
6.6165670274
0.7251618049
7.3788714305
0.6160421797
-1.4348779570
-3.4207513125
-2.0689728491
-1.3602559520
-3.6513010581
2.6668454295
-8.8304497717
-18.5721157183
2.2216670581
4.6480271903
0.2362202098
-2.1874835502
2.3284241463
9.7348227037
-0.3100327087
10.7198984258
1.5660912173
3.1997721070
-1.1741375059
1.0581276542
1.8392143570
-5.4518934758
-1.9060690690
-2.4506806138
0.5885657446
2.9619359824
-12.8777230076
1.9680960461
1.7500675138
1.4196935548
-0.8967363048
-3.0690952904
7.1094743634
-5.3929901030
10.6781797364
2.8465216164
-0.6347083742
-1.8119714398
-5.4328480968
2.1279039845
-2.6261935002
4.6224249227
1.5769456673
-9.8605381565
-0.7298517507
-1.9499490876
1.3029950229
0.8394049949
-0.7310411377
5.6646344573
1.1578448760
-0.7898748608
-0.6343267636
10.7140128367
2.4025686757
-1.8275821116
-3.2460446552
0.1379059248
3.1472863970
-3.1185260497
-6.4109493315
7.6858215413
-0.2794656113
-0.2824926910
-2.3596461587
0.7453229570
3.8122005560
-4.3149878355
0.9016420789
11.1276843564
5.2380100839
-6.7292975654
-4.1430559870
-1.8818979367
-0.1592096533
-4.7499420846
-2.1597685445
-0.0958324580
2.1395974441
-6.0849834515
0.0168356804
-1.5485768904
1.6981172905
0.4635183835
-1.3546437895
5.2455918871
2.4867478641
-1.9500084754
-1.0543113019
6.4968882680
2.4218398405
-0.2096243808
-4.0908091174
1.3537661281
2.1366232422
-4.0306887680
-3.1811155151
5.6022176325
0.3170029277
0.2717186485
-2.3002776477
0.3608267362
3.1123965930
-4.5666329736
2.2348371330
7.3898711781
3.3560286058
0.3098445208
-3.9873327727
-1.8424490577
1.0669905469
-4.6675123939
-1.9802998471
-5.6319941774
0.9759348992
-12.7223068560
-0.5318586260
-2.4459729344
0.8498763100
1.5115741936
0.4381092918
7.2430111631
-1.0622481245
1.6033810594
0.4091216367
12.5079743923
2.1965187052
-5.1022203749
-2.7550354075
-2.4561952348
5.1186299148
-2.4930112887
-8.9589638548
9.1011498589
0.0281823439
-0.9368674693
-2.4649017608
1.4264129833
5.7269831037
-4.3745935750
-1.3604466328
13.4965440595
6.4985946263
-13.8374807688
-4.4325039814
-1.9678115804
-1.9473893529
-5.2069676417
-2.5885493650
8.5133262858
3.4330372921
2.7957051903
2.2585450735
-0.8577363294
2.4319593669
-0.0643633473
-2.2674027129
5.2090806290
4.6772437998
-3.6884172588
-1.5674689213
-4.3531891688
2.3735951497
2.0518522141
-6.0935935221
2.9879471204
0.7022135919
-6.1282373439
4.4056226905
0.6580383061
2.2042626862
1.2684473175
-2.2384034583
-0.1842853632
2.5276292320
-5.3236670430
4.4068612264
-1.5347546816
-1.0882280408
15.1950273716
-3.7774667842
-1.7969073330
3.0168419085
-4.8705010352
-1.8341745066
-14.9351133160
-2.2158657069
5.1750545278
0.5485229366
5.1399771077
-2.2480613841
6.5350221330
2.2206326680
1.3317535646
-2.0197563776
-0.1817082063
-1.5996599379
-3.0885888580
-1.4042885969
5.5709559582
-4.1584215990
-2.8855677798
0.0048571325
0.5129654443
-2.0401787457
-1.9731411843
2.8833312549
0.1097514058
0.5820566005
0.3578603656
0.4488811943
-0.4989704890
-0.2408617700
3.8613755761
-0.4404256224
-3.7034668329
-3.0292282107
-6.4585914640
2.1079047244
-0.0237807057
0.5541723026
0.2654885787
-5.9790535567
-5.2339493267
1.1342436506
3.9019264679
1.8335681871
3.3597208001
2.7103359877
0.2965584260
-1.7574775066
7.5274351173
0.0495345041
1.6448459376
-3.2721785514
2.2521922085
-3.7296833413
-2.5884804025
0.9345436856
1.0136347186
-0.1546284610
0.6167314549
-1.3016431398
0.1806192780
0.1350920814
0.3582798785
0.2985469855
-0.2375932694
0.1070245559
0.0728835302
4.3456568144
-4.2864580636
-1.4481454050
-5.4881178514
3.5282976756
-1.2492609901
0.4957830878
-0.0707851633
-8.1592379616
-13.0106004901
2.4670276781
2.7394658111
6.8241035223
-0.1248751910
3.3219722768
-0.7504023978
-1.4022555375
13.0930936595
1.9438865733
4.7105160702
-5.8088336587
-1.6224009404
-3.6905464623
-2.3558989304
1.9946330614
1.4302196640
0.9399590563
2.1710964183
-3.8259426270
0.2188045520
-0.4605521029
0.4390055608
0.0780559880
0.0338650740
0.6009063177
-2.9038354049
6.7009277369
-4.5332093061
0.8155702007
-4.8203818816
5.5268656090
-1.9791155911
0.9958254242
-1.5977117782
-6.9135581154
-8.0887372594
1.4537588658
3.5232959950
3.2891642061
2.2913228081
2.8899577609
-0.0439359566
-1.6582442727
9.6116240514
0.6087619625
2.8586141803
-3.9814475087
1.1017460694
-3.6560419700
-2.5024696416
1.2591826109
1.1641089718
0.3036580769
1.2575633039
-2.3394672247
0.1975213059
-0.0345940733
0.3730050622
0.2381609324
-0.1520075859
0.2444181100
-0.9735070339
5.4580309599
-4.4204557791
-0.8327447120
-5.2325522934
4.0769262779
-1.5604911132
0.5773780558
-0.3879450295
3.2008454187
19.3808519026
0.3799184392
6.6959596555
-6.5538639612
10.0844057002
1.7332412214
2.4603847206
-2.2756988649
-10.7981955303
-3.5130481458
-9.8843631177
0.4301847536
9.2114977234
-4.8629262563
-3.2434531500
-0.9602051611
-0.0761079966
-4.8793165937
-5.8043657906
9.0635786181
0.0039477698
1.0039997934
0.4175148205
0.5804826536
-0.7988142821
-0.5476176994
9.1693066616
-7.6455326173
-2.8608345444
-4.5783826086
-7.8111375485
0.7184970183
1.6853797462
1.0302333665
-0.1563661194
-0.8682773773
3.9848894084
1.8033671897
11.1904702745
-2.2005750163
-0.4422930425
-3.2640188879
-6.4148838345
-1.3833586776
-1.2192001109
0.2420752367
1.8810378913
-1.1881178569
0.6200194071
-1.4736293328
-10.8493573527
0.6700655048
-2.5913938236
-1.1697936320
2.4513779256
1.6437105700
3.9738401545
-0.6437097754
5.4247122156
0.5383572775
-3.1528019174
-0.4272999229
0.8868691622
-2.2722075833
-1.1704655726
1.4941031167
4.2720619886
-5.0458948207
0.4751252277
2.4436886534
1.7815073308
3.4672916166
-9.5003576092
1.8241782364
-0.4870121099
7.1913859205
-2.6235012988
0.0900708816
2.5354664076
1.5332406344
5.3776132051
7.8013404477
-0.5141434717
-5.6121650581
-1.7604082394
1.0773378285
-0.7417662134
-2.3381005920
-1.9253104880
-2.8450659078
-1.9444050552
-2.3706881002
-6.6663173460
5.8782719546
2.9372778667
2.6127049107
-3.5149931785
3.2350454518
-5.0809182745
0.3696799595
-2.8339646961
8.1991126513
-5.0888949272
0.2236401897
1.6864516442
0.3710149139
-0.5631121529
6.9074809001
-13.8639698712
5.7884545568
-5.8693107986
7.0244783082
-4.1371955454
1.5216781011
2.7317594211
2.0212107786
8.8096385289
13.7829849976
-2.9142210270
-3.7567688564
-7.4394785259
3.8518140780
-1.4105114257
-1.2110336560
-3.2921980448
-6.1311729862
-3.1422864805
-2.5480548055
-6.6783971689
1.3378689244
0.9801122782
8.1964383841
0.8558272689
3.0144219715
-9.4799929593
1.4573055642
-4.4729612012
6.7719981477
-2.2698443429
3.2175169888
1.1189201287
0.7363883922
-1.5089000233
5.0529773053
-12.3777898053
4.2705838490
-2.6554197374
6.9664293240
-3.1368407668
0.7260575158
2.5899161245
1.8192425897
7.9069426383
11.1159220518
-1.7893341983
-4.7204476278
-4.0269352026
2.1269629458
-0.9757074507
-1.8295798377
-2.5720545541
-4.6047133474
-2.5930103035
-2.7889198800
-6.5639571041
3.8354495338
2.1869977129
4.7799525097
-1.7007366021
3.1743519440
-7.7463244306
1.2415930674
-3.6980528205
7.3961247697
-3.7920883453
1.4265339382
1.4045149592
0.5708299948
-1.0194707621
5.3286832425
5.6012625338
-1.8440448430
-1.2748234852
0.3771282028
1.2390526506
-7.9426513109
-3.7166962219
-0.9077261940
1.3036483375
4.9139665912
1.2548479267
-3.2472774144
-6.2777665827
-0.3267774337
7.5227725835
0.8086653215
4.8817836411
-7.2546809533
-8.4044168921
5.7710106152
4.7159364773
2.2360305394
-3.6758310655
-1.0686530302
2.3600707080
-1.8088443281
-0.4489718683
2.2711824243
-12.4265671532
0.0670335465
1.4320113948
6.1716258892
2.2989838749
-1.6014380192
1.6714702948
5.4498468960
5.6947446746
-1.8251447178
-1.2701672631
0.4044841559
1.2454599684
-7.8520815581
-3.7668765505
-0.8740219304
1.3234300812
4.9320772501
1.3848327332
-3.2472120608
-6.2992295535
-0.4718026293
7.4270127201
0.8568946148
4.8828619777
-7.4168850049
-8.5377808483
5.8529991923
4.7908662552
2.3490077215
-3.6030835395
-1.1028232691
2.3410966507
-1.8360155200
-0.4146650903
2.2763964188
-12.6592283226
-0.0299905007
1.3340151633
6.2491085389
2.3426687943
-1.5848296973
1.6540342492
1.4213775121
2.7603863908
-2.4439530933
-1.4250284395
-0.3430469984
1.0494084980
-10.2357820105
-2.6080290087
-1.7869369852
0.5558976490
4.1274394809
-2.3073571483
-3.3840626220
-5.9038962427
2.9437199899
9.9470042825
-0.2531414079
4.8611648802
-2.1482862826
-4.5139477806
2.7835815592
3.1027579919
-0.3718864112
-5.4964908204
-0.1793359355
2.8194912783
-1.1897591707
-1.1974359602
2.4287346330
-5.1369780743
2.3040349350
3.8202286406
4.5629768206
1.2388588797
-1.9623325741
2.1606235466
-1.4697710010
3.6431902852
-9.6726222214
-0.5139669132
1.2567603125
2.8418813476
-1.4386110976
-4.4372900044
4.1084068359
-2.9838208943
0.6608877412
1.4734276360
-6.3813401830
-7.1362660410
0.9738798515
5.6451849007
-0.4459084706
0.3251331729
8.5541907964
1.4109120520
5.8683051489
-4.7151916193
0.8657633533
-4.4272709389
-0.7358751105
-1.2419400318
-2.6649442372
-6.4808925819
1.9449645755
0.6509746366
9.3931606803
3.5677067866
-0.7502960425
1.1269330280
-0.0887805610
1.2731248083
-1.2863387743
3.1712066006
-8.9372440357
-0.3799672192
1.2020444100
2.8653844850
-1.8600415692
-4.4600847010
3.9210958481
-2.8699873980
0.8981115529
1.1686732999
-6.5478657951
-7.3371861373
0.7861025702
5.6556394139
-0.6011316953
0.7674156674
7.6995273657
1.5587367797
5.6414603063
-4.4012163202
1.0359906883
-4.6525889541
-0.8416851481
-1.2812659335
-2.5798844749
-5.9122216677
2.0522608078
0.4702903371
9.5637139346
3.8680088666
-0.6512762985
1.1804431798
-0.1066912365
1.2005712515
1.5873437467
-7.3676321530
6.3578849793
1.5678592073
0.2367360419
3.3041920064
-8.1387510608
-5.2808586250
1.5695932267
-0.0132249867
5.4306895465
-4.4855416525
-9.3327649695
-10.4700848210
-1.9901665884
6.3724415166
-2.4985659382
7.0521048883
-9.9626283571
5.2731568125
0.2930524456
-0.1002192292
3.8189974403
-8.2309669101
-2.5591566075
-1.7683535528
-1.3685741061
6.1692159190
4.4297918234
-3.1941548689
12.2693819324
8.5402978033
0.7017813081
2.1405028865
-0.3441743756
-0.0092047307
1.0218369565
4.7705374276
7.3572875026
1.3696226623
-6.4015887069
-5.4964920057
1.3048401850
0.3549695115
-1.1895320220
1.7421909877
7.4715083123
-13.0208636584
-1.4119564043
-3.8113655658
6.7698250254
1.8065050454
0.4487927248
2.8981946035
-0.1665374490
1.4744324855
5.1116467704
-4.5511065927
5.0855958138
4.5112214612
-0.0585413499
-4.4248329432
-4.4951689331
-5.5650949978
-12.2434795041
-2.0925882337
1.2814401259
6.4666481091
-0.0366318440
3.2268008355
0.8087823377
-0.3168986686
1.3839686222
-0.9674612893
0.9791697728
5.2081248062
-9.4983502669
-5.5862600631
0.5624431757
-0.6434062432
-1.8691505778
-3.3443669075
2.1890813187
-2.9914574570
-0.2834759905
1.2241806888
7.7233379164
1.2420510014
-1.5540703602
2.5214314699
1.4545298099
1.4177345197
0.6689727554
-7.3413771936
8.8386612615
2.8501118762
-0.1798431476
-7.0355984203
1.1000773943
-2.5278399362
0.4103904257
-1.5622781188
1.4671899238
3.6148232862
-5.2090877524
2.3585958361
2.0040150793
1.3751327865
0.4674977024
2.8202766813
4.5783215097
-1.4898016419
5.8366118758
5.3648728313
0.2710633531
-2.5622154232
-6.7106444901
-13.1531984500
-8.9602946537
-4.8641328580
1.2244009977
-0.4243970704
3.4787220730
7.2262489536
5.1134733457
1.4302013332
9.1453324572
4.3797712306
-11.6855332667
-5.0710470156
-0.6876587819
5.3436637687
-0.3420768827
-3.3889853502
1.1390662568
-3.3456851522
-1.1884546770
9.2438678420
1.8455177779
0.3836448231
0.3326461010
3.2217478982
-1.3217720002
-7.6510511009
-2.0536615677
-1.1939335472
2.9132134587
-5.2118135022
8.0844156066
5.4325950673
5.2586328159
0.3423813949
-4.1331771689
-6.6419116280
-1.5095972566
-3.2592898959
2.3967816012
-0.1554288511
1.9621605493
3.6358436697
4.4165042689
5.4872606447
1.2734442430
2.0485883948
-4.3995265793
-4.5013158674
-3.2188834669
-0.3716979650
-0.6029330032
-1.7198358482
2.8240744169
-1.4175014837
-2.5821507295
2.5668291908
1.4495550548
0.3938587064
-0.7301020384
6.4148796629
-4.9059186721
-8.2923396848
0.3239274590
2.6522308349
4.5555918508
-1.6841875182
5.9597378389
5.3366995732
0.5487500414
-2.3592303240
-6.5417669051
-12.9370521589
-8.7620866070
-4.8766946671
1.2839304414
-0.4244948632
3.3962566615
6.9888566638
5.0429371902
1.6510469604
8.9271099235
4.3457357507
-11.4311198321
-5.0137717036
-0.8283109205
5.0015255565
-0.3423550828
-3.2999988447
1.2240955170
-3.3130171581
-1.2121417799
9.0458959123
1.8274978184
0.3892109129
0.2886461584
3.3903112717
-1.5035891883
-7.6501767856
