0.0000000000
42.1713489386
39.3131439630
16.6571915336
35.0208615285
4.9779637229
3.3580471228
26.8582203928
2.0850883194
5.3170593334
7.1446897616
33.3666836429
32.4974793861
47.1157962412
36.3803652502
29.3281517170
4.2993250809
3.4844853101
0.6660600225
40.1106817784
5.1238901421
37.6513574088
41.5284895506
31.2866888957
14.3385983529
32.6602459066
6.2696182016
31.2306897225
26.6854618863
4.9266703152
2.9893708915
41.7975314437
29.0751510937
4.4439293174
10.3172585666
27.1334245230
31.5591507676
33.7854346399
34.5481878189
39.1064391856
26.3804775843
27.9032203484
28.6675272645
35.0828321730
5.1353957040
3.8752257390
45.2279923831
43.4305663297
34.8608021251
36.8075011568
6.9921361137
39.3532342730
27.7660760584
35.4203025091
3.6974571203
38.8522343532
1.8429193025
31.0554606735
33.9757172436
28.5794166862
7.6328274233
31.7365937038
4.1455829119
30.4115953725
17.8274166820
5.4627284697
31.7483546660
9.2738776102
6.2352715735
60.2783586190
36.8427168988
2.9982553063
45.4391927070
34.0726476022
24.7795948922
1.9868232277
5.4146121910
2.5046444234
26.7698399813
6.6338271247
30.4333043943
35.2693879410
30.1618565932
42.4692341176
55.6533567952
39.2005055473
4.0932610005
48.6738808785
36.4160152353
36.9655110829
36.0475360450
41.5448232442
3.2473640565
30.2358925466
29.6689924580
2.1090827656
30.8053227921
24.0878028232
3.5723938273
33.8390963046
