-13.8128729656
-2.0392420908
-1.0988701121
5.1822885722
3.9349596446
1.3606560594
-3.4460249385
-17.3114495712
1.2498784827
-2.2964423964
4.7365528164
-3.0406195870
14.3730517283
10.6791792010
1.5289551570
-30.1813417111
-6.2333598622
-11.5980341204
31.7039443254
6.0520058565
12.5447040931
-24.1982912407
30.8504422116
-33.0143658482
21.7869765634
-0.2632457159
3.1724434448
0.8887108771
-30.4058424901
28.8952524307
29.2176193651
4.4216258396
5.2487406510
-29.3956447190
-2.5179157270
-5.2722048589
-2.7353856631
61.9172337408
18.5939931912
30.3313504189
-24.9959533542
28.3165413670
-27.4179394019
-38.8249893134
-46.8870691644
6.8993534629
-1.3485438939
9.3035365009
-7.1242740292
0.6532588694
-3.2893257237
153.4940551901
-44.4985439523
-148.4241225472
-135.1375548365
24.9195663113
141.7950622448
-18.1315797874
20.2742614796
0.6148495252
42.5383107957
-7.8672748669
6.6692543352
-42.7896649122
4.9451384423
-5.8452950430
49.0350788338
-18.2841475371
14.7791982295
-5.6624943131
7.4457764864
13.4200885049
-43.1212292184
13.7605074753
-29.0232472125
-40.5833475103
-10.4759654285
-11.4798865506
37.6216170877
-0.7208019207
8.0098056703
5.5481022973
-35.4504859180
8.7951018486
-12.5755548958
22.5578588616
-25.3638766880
9.9891830212
24.0893932197
20.0388557197
-37.6839566748
4.9675792706
-7.3186651552
37.0705977499
-7.2598878302
7.9289408971
-10.4432955478
40.5738524927
-9.4598028842
15.3261619958
-5.0873040071
2.2084234530
-4.2695075232
-33.1942399261
6.6411036893
44.8585055591
2.3272113762
7.0528936010
-39.6770245437
2.2080143384
-11.5679659718
-52.9367199435
-27.4514630870
54.8494685255
7.0688407718
46.1463617404
-8.6129248703
40.6863969704
-23.2301231821
-41.7214712844
-22.5265930150
10.7599230185
-10.1198554287
20.7993951249
-4.8923602798
6.6619590501
-21.3548637328
9.4592834865
-4.4718034559
18.3258653737
0.2848434123
0.6651836723
4.7561950633
-15.6116896375
7.2645149763
2.9782918583
8.0476778292
1.0434356689
-4.2067777948
-2.9167740580
-1.3947062573
-15.8805147287
67.8210475958
-13.5498667893
-0.7232672812
-67.3542050812
15.2672376267
17.8322691322
-5.5977474716
-1.3661002490
-38.9526141132
11.6266009961
9.2273297057
38.4426698870
-10.8254453991
-1.9348158709
5.8992863194
-50.1380140040
69.9375933834
-17.1985778018
14.3442227821
-68.0560323826
11.8092357084
34.9926356249
-9.1740760215
-21.9083650328
10.9467757623
1.7284370924
22.8568196941
-8.0076486281
-1.4643328287
26.1904317830
-0.5846699077
-14.3745245411
-8.0686102696
6.5828979390
-2.4091789801
-19.0702761748
-8.9373551655
16.5195980717
42.4556340597
-7.7919206903
11.0364489519
-37.8424180472
7.1001172909
-15.0262963677
25.6698529475
-0.1353315712
-1.7705106810
-0.7763063284
15.5475701052
22.7411196972
-29.5067638175
-14.7204339487
-16.9807616005
-47.5710993853
-3.4230943584
-12.9492663126
52.5811234123
-0.9946549716
13.2733218825
-42.5510253678
1.1616069555
-31.1159955712
25.0456222453
2.0189796497
-28.7562815178
12.4953790955
1.2371615389
59.5482215192
39.8045295736
1.3601556351
1.3126698747
-38.9402624080
1.3540675347
-1.9025859367
-12.2292245151
49.2078995377
-29.1785649241
-1.6647456482
-22.7069888622
13.5211872589
13.0297029977
-29.2151338453
16.2472925414
30.7052646142
-2.0970090804
-2.2698736605
-24.2230373412
0.2670807211
-3.4434943568
22.7711676866
-7.0313824709
-2.6239819630
0.8668333225
22.9308789339
23.1800072294
-30.1202294679
-14.0695681036
-14.8426572492
-10.0280880464
-1.7091304381
6.7116718173
12.9173956879
-2.2053390843
-5.5413133657
43.8588854771
-35.4451128788
-24.2677695821
-18.6053357468
31.3181752917
-1.4001753495
-28.1428561859
8.0414071095
24.4975852942
-33.7427535847
10.6804148459
10.3005346916
37.2658367513
-7.0601604260
-4.3099588832
-4.1465229137
13.4392765753
8.3695182507
9.9413462522
-2.8864035204
-2.5589327324
-9.3179076909
-14.1731274748
-11.8011613267
-18.3158604451
3.9190693941
-1.2195020158
20.0090259249
-6.3073408365
7.7811995146
22.4012414697
-11.5705546596
-12.7843124685
-0.7581096199
3.7592028018
-3.6597606657
-23.3362973295
10.1996233002
9.8823756354
29.9749178707
-0.4695877333
3.0087145729
-30.4501573155
0.8333962037
-4.3923427168
-4.0889693752
-5.9465325403
52.7974335972
-11.4183260601
-4.1323035112
-13.2891433543
15.9825336942
9.7150275811
-38.1246620990
18.4462529945
16.3072663785
-1.2475364495
-22.2919616084
-2.0659471983
-0.3108512461
11.0424445569
12.3468586164
3.7362781509
-2.2970068561
-15.9967981586
1.7543453157
-4.8997290870
-10.5913784521
-3.9322357711
-37.6565104175
8.0172930614
-17.1016994508
38.7275049984
-5.9161311708
16.0157265301
-28.9585395037
30.3613723197
20.0339404146
-8.7413667135
-1.4880840098
-3.8365337730
36.6289104505
-30.9744513864
-15.1114337209
25.2892589178
-3.3262290517
11.5410936609
-26.1245714382
4.6674349702
-12.2182080654
-14.0656500896
77.3851972487
21.8705865552
-10.4918046878
-31.5067783347
-48.8816134036
25.3927661120
-47.2196248324
27.6881400669
-33.7631950875
8.2668020115
-11.9420212821
33.6758888338
-7.0267600682
18.6172285321
57.9725229373
0.4655902680
-19.7359555280
-23.2965859334
62.4438840750
-3.2173073139
-34.5886319359
-64.1495151005
16.2780555920
-50.5450000796
-4.7229690239
-22.8717778747
43.6789319480
-8.4034071745
17.1318826259
11.5179531872
-45.4435573072
25.1488116346
23.1223576379
2.0798926718
27.4069182088
-27.7742438794
56.4900396478
-46.8158357804
-23.0601805108
6.3653473658
-10.2409557390
22.1489374958
-6.2165790462
7.7303483414
-12.5757244709
-9.4505272470
-10.2920606819
-10.6929183385
15.6778061237
13.8677868252
24.1798870103
-6.3760483822
-1.0651187458
27.7145700597
-8.0175219285
-1.5068273903
-19.3610298115
5.3789695545
-6.8656779903
13.0299769266
37.8213587219
-49.8511226468
9.6477216978
-44.5081053769
15.7577364553
-31.0312376867
9.3252990290
42.4658915721
-21.9663063409
6.9146804396
3.5431546874
25.8278577717
-6.9296054167
3.1001937962
155.6043053554
50.7231558759
114.4352515136
-146.1580981220
-40.0165908954
-114.5829774802
-13.3077598500
-10.6916400034
-6.4956237028
22.8812717064
-2.6494668416
12.1602062795
-24.1660838375
4.0003444678
-5.7117327444
16.9928429342
-10.7049996722
-6.2702323583
-3.4556824161
-30.0719610534
-1.4166549623
-12.2523483871
39.4260842852
1.2384137855
-10.9858645927
-11.7484934473
-6.5010868658
7.9454691293
1.0862349913
3.6887449569
-6.6449849422
-38.1484927314
-18.6776209706
1.8085796893
7.2126724412
7.0121979581
7.8768007163
41.5980775603
14.4777649214
-40.2501894357
7.9340589808
-6.6607862547
31.2408953116
-6.9213294422
14.2042688082
-15.3337086790
-19.2924799825
13.5510360272
9.3387938835
30.7767719272
-8.2691381155
15.0042089195
-12.4970214833
-12.8253804651
-26.5425063707
7.1451957970
-12.8382918865
27.6986086588
-7.1679520587
13.7370171789
-30.4341354368
42.6672080014
-28.0754056302
17.4619836060
3.6957781715
2.1559346354
11.8160495427
-46.3402299112
25.0207445166
31.7319787591
-11.2884801828
10.4548456254
-28.5928965395
14.4691948587
-15.9644188087
90.4022995149
-76.1608107596
-94.2473879347
-86.3922323483
41.8147731431
92.1853990689
-7.1491482004
31.1653217547
7.5715632348
-14.0155139777
-0.6262976206
2.4223263837
21.5058543158
-9.1792130786
-0.1582704522
0.1035095659
-31.3950900332
-5.9315470854
1.4522337074
5.3038371299
2.6828375534
-9.0460836114
35.8967624166
0.9846536006
-39.4113193965
-10.5995915771
-0.4696244943
34.0247308227
2.6550058983
0.8066946537
18.3755650967
-98.8483316933
37.0944402407
16.7141018525
61.0942373503
14.0171362062
-29.7030795612
45.6986812077
-51.4486466063
28.3098816918
0.9111422187
-2.1467597945
-24.3809662716
2.8054509951
-3.3540049723
68.0022747166
49.8856341363
-76.8750680316
-40.0671112193
-91.8106109098
17.7201290258
-31.8640789175
38.2083823739
64.6557037726
-11.9022304347
2.0679346654
-7.0780784622
14.2402886856
-3.2193303562
2.7129400913
41.1190374997
-7.6294013749
25.4231959417
-11.2665302921
30.4952417507
15.8528977105
-32.1905654585
-21.7144446851
-36.9109552813
23.2176042736
-10.6180456128
6.4374416693
-24.0610113350
12.0514944353
-8.7624568706
-4.5180381556
12.3440209022
-15.4493754723
23.8881775868
-13.8778771343
-4.1872742911
-18.5267323698
0.1004074095
21.9616649647
-31.5824432013
11.4411427996
-8.6935750065
31.5471194117
-16.0687928516
10.0873634240
22.0211632802
-42.3063854751
61.7175549560
1.9036543782
19.8469690869
-17.2074953155
-23.8894938688
27.0870652544
-45.9038492439
19.6655403733
-2.4915972032
4.8217364173
-17.8400019921
6.9573208595
-5.0033287767
128.8125912378
-162.8421140383
-51.2313889354
-139.7339319269
119.1248640557
16.5619728635
9.0958023078
39.2515263263
34.8510084313
-0.1302549920
-1.2355061069
2.4972097819
4.2698858060
-0.5858747207
2.2065628707
92.4760886704
25.5831241976
6.0108560370
-67.1114079832
-19.1379164648
-37.5232350921
-29.5043126871
-4.6238257193
26.8086064025
26.6687022338
-2.1679981815
9.1223639287
-26.9168806718
3.1245734723
-3.6132733822
26.5957102496
10.1866857903
-33.1272281310
-6.3229832465
23.9870303607
9.6974747835
-20.0245485651
-35.1302926276
17.9206616150
-48.1972191299
12.6032584803
-2.6641688808
48.1346589767
-11.7150717443
8.3927346182
10.5039844462
-28.6627673938
-32.4254885817
-2.4932799095
-4.4313947861
-1.4646980673
-7.9481443834
32.2059754440
28.1616209116
-44.5968370099
9.4921525882
-5.6130021121
45.5457565203
-13.3406882436
7.7663646614
-39.7821456656
-25.4546752393
47.1580572269
-10.6768513979
3.4520679770
-4.6781597034
49.5100775531
25.8511429178
-44.6332600728
-32.7673839223
35.6006559000
-5.5479113771
28.9417918912
-20.0895503621
4.6777885356
-26.0140345869
1.2945016264
-1.8193198384
12.0579880929
-2.8257110644
2.3195413657
17.7816385252
-13.9798960998
0.3699013142
15.8435094185
-8.0519646393
-3.0027818175
-15.4536776984
2.8277258059
-3.8751387808
11.6460475795
-2.4758812711
-29.0002869864
-17.6925594412
6.3691467958
10.9031926000
5.6566789558
1.3309733087
24.9750149846
-42.5082983816
9.7116835135
-3.5511875648
44.4885722272
-9.9214300763
4.6537764698
1.7755730302
48.7630590908
-49.6276191588
-16.5863774422
-10.6668998321
7.6057794503
12.8305293806
-37.8864126959
40.9192496177
-20.0670063657
4.2753323672
-2.3865590900
22.0526745956
-4.5736848641
3.5206901422
-0.1277872598
33.6234948833
-39.1555646293
-14.9462877707
-11.5114215828
8.9183212543
13.0884068006
-21.8137219895
29.1031123228
33.0040964774
-0.8363275991
20.8218584843
-33.6944543383
2.5644445149
-23.0518986071
6.2522253842
29.5070899234
-30.4692291735
12.8656907102
-16.3614900795
5.3023892197
-18.4275606051
-14.8737155738
27.3968812625
35.1439309687
3.0120835432
29.9832306062
-35.1625771104
-2.3619469894
-27.4269529686
-9.0189349999
-45.6938643273
26.2382080742
10.4286954908
-2.0426537513
-0.9409815002
-1.3911143492
47.0863815247
-27.8535030257
-29.1614615597
-4.2515337525
-8.2883107700
26.4077048698
2.4111201996
20.6953649755
-5.0560654348
-19.1918769094
34.0606499038
6.7171598829
20.6116363997
-11.9043898486
1.0926610560
0.4206540627
-34.5633142607
-26.1548554096
5.5917518667
-1.4609745310
25.3316408246
-6.5690176866
-0.3498867136
-12.5761857625
-21.7135090576
-1.8061997092
3.9691912760
4.5705352741
6.1961683752
9.4302090715
18.1202407893
-2.5791062355
-30.4319914388
0.9117968021
-5.5700474447
31.0996677460
0.2200005178
10.6848819036
14.0629807647
32.5883091004
-6.1700146831
-2.3452219078
-4.8832945361
-8.3847207143
-12.3854339781
-28.8368118842
9.4399021243
22.7451005607
-2.6389733471
10.2068747093
-23.1951764894
2.8801849776
-8.6363345296
-1.3707511118
-44.8616883525
25.4828223278
10.9495648571
8.6850760942
2.4687780920
-9.1287366307
35.9354006279
-29.5221405994
-42.3672901963
1.8599312868
0.1546394114
42.0220982216
1.1307502236
-5.2712787182
2.4313269061
27.2528503721
-29.6485558428
-2.1129194902
-13.6339795771
12.0722157962
0.0267845588
-16.6095511194
22.6929793534
10.7001460308
-1.4301320292
-2.5570840085
-11.0274911197
0.0583729537
0.7946643111
-9.2048544880
-42.7367978117
-7.8428370847
-0.9158749045
17.6142786125
-14.0877434669
10.4480732955
26.4942794605
23.6929990633
-7.3588058253
-12.0300153228
-8.8005567107
8.1776529630
-0.5358998830
5.3499224138
11.2611584387
-7.0882885411
22.0854547593
-14.1883904161
11.6045562381
-31.4971588040
2.1083848396
8.0496463229
12.8623383417
3.4703370217
3.2699870517
1.1211638963
-3.0782711798
0.9190493971
-1.6422040235
6.2962899974
26.7574255659
4.4788947766
-8.5046683885
-18.5122437817
-7.1681892266
1.8163125492
-12.4342182329
3.2103345771
-3.3187013420
5.9683745196
-2.3612935918
4.1514963249
-0.9794050745
1.9760712301
-37.0398382569
-8.0188524405
-46.9884133872
-4.5861385514
-26.6959243673
-5.5516076391
40.7931830111
29.7258073627
52.9252422021
32.2793243658
-3.9576139241
6.6351673763
-28.3327577233
2.4342250981
-3.7726952847
23.0195678766
4.9768774388
-9.2941565098
8.1738357454
15.0360498983
-13.6225741720
-35.1399714503
-18.4895385111
20.0542585901
-8.9392489513
14.1211627982
-3.7728672314
4.2594456743
3.0202409337
1.3611007493
37.9356582422
-122.6754942759
51.1668223416
-2.5154278355
83.2079767554
5.2049345508
-30.7404271297
22.3261149743
-53.9599904102
-31.1794913520
-5.7909575014
-5.5024391723
32.3005165051
1.6127880867
6.7370120234
62.3195061041
-7.7686758627
9.5149373100
-38.4661400242
8.1619050133
16.7242597544
-24.9743912330
3.7849414501
-27.4737699155
29.6601284514
-20.4363432202
16.2784860517
-20.7144842671
-0.6230306325
-11.6808721306
0.1136852554
26.3230940294
-7.1520262330
-1.0136497501
7.5496809369
-0.6078696734
-8.0456796895
-12.8134011136
3.1622831712
-22.5615717253
5.5479315364
-17.6928452285
21.2355979163
-2.6654151982
14.2774279957
-34.7786449422
-11.6446210144
-5.3699500586
1.5217618541
14.1367672613
16.4829876461
34.5828568971
-5.3746625851
-7.6976203547
38.5333961022
-9.5690732589
6.5852079545
-29.7889711084
6.3693436452
-17.2420483094
-88.0735240163
186.1790090310
-58.8200662072
109.4689233037
-192.3615438085
41.4532960334
-30.1398230954
9.3822643911
28.0236105287
34.6991343978
1.7504320451
27.3030647494
-36.4758505774
4.4384813635
-22.7527895446
-5.2231395601
39.0643652642
5.7432120421
4.0288769541
-1.7859016930
-0.9409186507
2.9709787856
-43.4673769798
-9.3525697820
35.0952902005
-9.1620124754
24.5682388026
-37.5829848056
8.5410772214
-22.0985001806
8.5562951008
22.2896551504
0.8709576726
6.9101861076
4.5690766914
-0.7020395667
-12.9787866033
-26.2377977737
-2.6386567279
-33.3170383587
2.1520533824
1.5238513034
31.7805732796
-3.1622511535
11.7025635084
-19.2439684708
-51.5645802135
54.3506415455
-6.2440893388
-2.4563789532
-44.3490439697
27.0245228887
55.0311545662
-23.2280135735
14.4979906014
1.0332647228
6.2074314796
-2.3007185340
1.3950738676
-5.7417605745
14.8506509938
40.7177315957
-18.9748433623
4.7113703269
-32.3673267074
8.4713711988
-31.7592945740
-10.7787434786
10.0378012584
-33.4424112491
-5.5337394082
-14.6605526071
35.7430859070
4.6920779026
15.4013750575
37.2302556345
-71.1738026932
276.9196641554
-46.9868824683
71.7345720040
-276.8486216916
7.4559521759
0.2808933806
-0.8118637284
-16.4240775071
-1.6651523912
-7.1834426812
13.6976224019
0.5472293944
5.8423553467
4.7204704599
0.6488605904
-59.8205448371
-14.8764015005
-19.0561172501
11.5400323345
12.8823849599
19.5251808423
49.6215986513
-33.9558869055
-19.1353811398
-11.5048520315
31.8812771490
2.1164438054
19.0637220394
-14.9713599771
11.5813837468
-18.9546378415
3.5801279799
6.0344506873
14.4645404383
13.4658417537
-0.5968970997
-3.0687714188
-26.5951019139
-1.1772078611
-18.0935214517
28.7758514285
0.2778493304
18.5162080434
-30.8373707018
-13.2010402163
65.8159814019
14.7879900442
15.7398741536
-79.2919265089
13.8686299572
-1.6394742207
13.0532573294
7.6987540173
-0.4218446456
6.4273940505
-10.9997555176
-0.1206520630
-7.7196935727
-40.1829238710
-12.1104176185
24.5251750380
11.4498765082
3.1803885700
9.8159342291
32.0340476772
9.4725257572
-33.0488109307
-26.9453918130
-6.8937183532
-12.8843795421
23.5524616563
0.3813221353
11.8420917659
16.5983437495
4.9390195100
-4.1060525803
-7.1845502554
3.1719121886
-3.0491232427
-6.0208621515
-1.5985354807
8.1974647850
16.4001223616
0.1566612679
22.8379233403
-14.9552550897
-0.9841840081
-14.0938363107
31.9736504953
13.7307369724
-22.0632297537
-2.1434477445
-2.2937552839
2.7039549848
-31.2750688369
-10.6094589483
10.6151889252
-41.2951512802
-11.7949297397
-17.6800855946
41.7963487535
6.5110230157
25.4283614589
66.0491791285
-4.7351167646
-22.6373622909
-8.2658734991
13.4023376721
-9.8499061616
-58.2845019168
-3.3833141836
24.7389925882
19.6642845692
14.0875098565
22.3700894638
-24.4246573454
-13.1503016979
-25.3237881949
-16.7222509421
38.3355150502
6.3486839479
8.6070348051
1.8108173686
-2.5726315514
12.8755889132
-41.0835405775
-0.8223536654
4.3718834264
0.9642559738
-5.8570787310
-3.5191604092
0.9657489458
4.8944995344
-38.9978515217
-16.0316737009
-15.7375167045
32.3097707972
7.5514241211
10.0150592268
5.8353577073
6.5502458459
6.6850354885
-16.1126831464
-2.1210069162
-8.4922597631
16.9497305502
5.0822250561
18.7420666088
-16.1936380434
-26.4368184175
45.4262369341
-1.8170797874
-16.4325396584
-37.3978539009
17.1736704271
39.9081399359
-18.2781898790
-5.7901594314
0.2740546437
-13.3781168985
6.4103144029
0.9394410946
11.0099051186
22.4669381687
38.1640402742
-14.7251263160
31.9548466370
-45.2275080069
-10.4275191380
-55.0419397772
5.8499719944
27.5208560480
15.3043745651
2.0415698939
11.6220283986
-18.4858588509
-3.3840019705
-12.9656546157
-40.6986194191
-14.2600222422
42.3932434815
10.9099435848
-2.6425474676
6.0947850197
32.9701601201
18.2450006006
-47.1444034699
-66.5170734828
-16.3791341867
31.3261832664
29.4035435965
0.9325964285
7.9465814468
189.5269436905
33.4851406069
-145.8221746695
-160.7581159899
-31.8709378136
123.8199148582
8.3447009999
13.8323349649
-17.2705049020
5.8791780376
-0.2242517527
-0.3750383713
-5.7089721099
-0.2704176737
-1.5216954471
-10.6536907649
-32.3968873167
18.6274789295
7.1946642812
21.5242775196
37.7624118219
3.2888205560
11.3672792234
-54.4931569330
-50.9690622453
-11.4345222572
0.8585537905
28.7712408842
4.0914027180
23.2834183707
369.5688462728
67.7751698338
-343.6264850164
-358.3609925094
-62.7238109964
332.9705945191
10.9899675976
2.2917607017
-13.4860816638
18.3310071742
3.9132599660
22.6304986513
-20.0374374556
-5.7485139309
-24.6024941508
-24.4046759483
23.4535365462
52.1179249827
-2.9133956010
-17.3156794610
0.9573709892
29.0245018307
-4.3026031202
-51.1032992866
3.7334214634
7.6635037497
5.6549013822
-3.9515649563
-1.8910678768
-4.4348254201
-11.7512042766
64.0319616364
2.9115599214
0.4778150883
-62.4747574087
2.1664826785
11.4915314954
-7.3296412864
-6.2981197479
18.5134047187
0.8072235381
14.3960309278
-14.6879656608
0.0297040958
-9.3298965291
243.4722249465
80.1653874889
195.6849398894
-284.0761432161
-92.3339812117
-184.4669554983
36.7784792118
11.3316660889
-16.2841187898
2.1165730619
-5.6552559483
29.5562524610
-8.7256804275
0.0354411877
-11.2149071373
204.7601038450
18.6859052459
-251.6128346525
-192.3156114979
-35.7853326281
243.9721334122
-5.8353861674
22.7192433285
-10.7006440834
-31.9669564309
5.4338087062
-21.5053693074
35.9243367446
-1.1030739134
22.4225000160
-10.4397071972
52.2182304100
-35.1775815387
-31.1729218006
-14.8293699166
34.5432913593
37.6552486842
-41.7195941003
-0.2828405292
-14.8715075405
4.4509196349
-10.1810352647
18.0296367156
-1.0803947313
10.6702676165
4.7137372627
3.7284753264
-31.3854776175
16.3137161600
-3.4704081721
0.4410006983
-24.1855837837
-3.6285920580
30.4552445673
-34.4447433462
-1.8224006497
-15.5509367038
38.8046248902
5.8596709763
19.0810744300
-21.7503471644
10.7010531981
-23.9993381897
-30.5366975169
9.3417988010
35.3485914656
47.9271631373
-24.0801235116
-14.8793910021
-10.9694395285
5.0622887210
-0.6199818389
15.2191518315
7.0573926764
6.0326185651
-12.6627259639
2.4602649496
10.8429566923
18.8489546317
-5.6338776322
-3.9319286386
-10.4359409707
-8.9460687148
-12.3236659657
11.9728744565
-2.8019432816
5.2057219483
-8.1823050117
-3.2145905554
-5.1583607010
-54.8517121340
-1.4704078849
67.4476777008
-9.1630536425
-4.7071736406
-36.0908736845
60.2241963317
12.1941153625
-31.4041652636
29.3353969529
6.8353430279
14.6391019548
-23.6573373094
-7.0401517547
-19.7029607274
48.7322865535
-7.0034203735
26.2159036174
-13.7290637528
10.3180329405
0.6131727480
-40.6812824443
-3.1098038402
-21.7652187787
15.3680007882
14.9301235913
11.4269293263
-16.1174395490
-6.5730744438
-14.5938681037
3.2904095811
25.3080888646
-6.1822904945
-0.3490198649
-5.3361702321
1.5137526935
-2.1919509553
-28.3289677800
7.8354753925
21.1061018617
5.7428468035
18.6402267050
-18.1990469449
-5.3448956398
-14.3077890466
87.4365704412
38.8124514314
77.6583933445
-112.0050962170
-33.0224034690
-47.1693950392
21.6614708590
-6.1879979404
-34.8214359637
0.7052425194
-9.2970428433
-0.4014410897
-2.1897097185
1.7802879284
-2.2028974406
48.8508230787
-14.7331888393
14.4431834674
0.8816124413
22.2809060259
-2.7195037135
-48.2479683209
-0.0309634575
-9.1193400378
12.8867808672
20.1110887665
9.9656132735
-18.4600703974
-11.2039594662
-21.2058333427
-6.5438850024
0.1557896758
-10.8799003388
5.1145652733
-4.8703724421
-0.4805401477
7.0026092592
-4.1925465339
22.6006605556
-27.7719848550
-8.2753009238
-26.3234450379
32.6708613233
8.0063702930
23.8328202232
41.1806394946
-38.4541986195
-15.6277387905
-28.4881015234
-1.4634600508
-4.3205555457
-17.5914144394
40.1865893011
22.4389203368
