0.0000000000
87.5608929653
42.8324565807
29.9204807604
54.9743504270
79.3902289986
83.6932376163
86.0198027991
38.4735673909
84.4614320130
61.5628116890
84.4762144795
24.8964609038
62.9292720869
19.4681669148
99.3820944525
36.7174107559
77.9804434299
39.0802823087
29.4900434760
89.4083235023
54.4765012804
38.9940869186
51.9839974682
29.8903002313
92.1585487637
88.0959426967
84.5616995180
56.0020760380
55.8864782424
53.8714561908
15.3008737261
75.9080297404
52.2271052536
66.6367870827
28.7719439256
64.6851632815
57.4167330371
48.4989153875
64.8799991634
65.6955361079
96.0932890375
19.0294859126
48.2589062912
90.5659625011
74.8512700778
30.3621462433
67.9559149732
53.6719321140
51.9524765585
97.0478032551
20.8575330134
95.7222169385
88.2532937278
46.4772617145
63.7313424725
76.5097947879
97.7027800361
73.8550132925
49.8696887239
83.4895945044
83.9899173311
68.2544596747
96.4965447065
46.3056057591
68.1691158279
88.6865347674
59.5526033361
87.2688575190
45.5385371315
50.2797328940
65.4335531768
79.2596460479
13.3004565531
96.2427414862
71.6791480663
47.3985444054
88.9811775553
18.4985897298
49.4222745389
84.3579440802
16.5044201365
47.2984833542
19.9119559222
24.0436298742
46.4134342412
50.7666763870
48.4564699985
73.5991938535
49.7383891465
46.6916561105
18.7257478634
43.0243010793
50.8868619744
68.4187460464
27.3456866092
26.9962149711
31.4706787382
7.8948454955
65.4971246224
