3.0932803514
17.4943297524
24.4053163017
-8.2336186623
-5.1585492495
-17.7754199824
13.6887807820
-6.0371816759
-11.2809287563
-14.6180355145
-12.6996802830
3.9791867179
-4.7055442970
-23.1565702958
5.6002152038
-3.6946255354
4.8714420694
10.2874797836
17.0064457001
24.8414099958
-13.4492660879
-0.3044607566
-0.0535216839
23.2970946586
-19.1275866162
4.5047828407
-3.9529749196
4.3881223137
-0.1242119534
-40.0587237759
17.8932770214
-8.3631751948
17.9040989935
-8.9867845170
5.0445212864
2.6288854097
1.4872325770
3.8166081104
-5.8428130808
2.1135207109
-4.9802037189
4.2578483483
4.7855481506
64.7531062647
55.2693363765
18.6644628945
-3.7534147188
13.3685886775
-49.7261766586
-24.5480973172
8.9926888123
44.3574408998
-38.7491785886
-76.6292719453
-16.5246876952
15.7959323484
30.7547793462
4.9621908155
-16.4436082851
-8.5804719983
14.3121576797
0.3996540294
-19.3871147249
10.6915415787
-15.4090142361
-0.9476281311
1.2286602549
12.1017064409
7.8904094114
-16.6073751038
2.2029496175
-10.7014136933
42.0705219811
8.6949351645
-27.2032882065
-38.3877714433
-13.5824572187
10.1363101388
-32.4778706738
2.9229926008
29.5700046427
12.6513573198
5.6144938983
-12.5329298919
75.5111271965
13.7747897273
8.6405893220
2.4402550924
9.7517020420
-17.8933469860
-32.6163921535
-8.1700303861
-29.5396507068
-43.3404921439
-17.4282263104
16.8972097149
40.3137373934
-77.1121754713
50.8939808118
-38.2513085811
12.9122847192
-7.5962393708
1.5193154670
70.3097821822
-33.5162238342
26.5197975426
14.1421936633
0.6099152467
-34.0242956196
2.2093104610
-40.6873373412
10.7959666128
-17.3170218314
43.7057663121
21.3354088485
-15.7870764984
-14.8579201905
-15.6643622603
13.8818081925
1.7545314925
-4.1458659586
2.2690993072
-11.8160910471
-10.3928914362
-3.4364397971
33.4048153908
53.9163550709
6.2218833066
-6.0459770481
-6.5628584358
9.9350174263
14.3315271835
-38.3709028752
-21.1340995343
0.5978718598
-2.1994110722
7.4132998977
-25.4685021289
-37.7938863762
48.2228510526
20.2279710454
-8.6067181859
-31.2428377169
-10.4291235789
52.7319218892
-26.7458078954
-0.5855664024
-0.2756875448
-32.3466504084
37.7032241964
-5.2499027738
33.3226011322
-49.6749661761
-2.2283645315
-4.0770303422
16.8454537461
11.6014813561
-14.5733246187
-28.0687981320
9.6482327947
30.0857333943
28.4381219423
-43.7118046072
-4.4094875856
20.7174642820
17.1015441059
-0.6721469224
-18.5887007891
1.3260923930
29.0740995715
-33.2741323107
38.3453136428
4.3630975409
44.3859081650
-69.3329622379
-37.3993124836
-4.8856507994
10.2967411907
5.6216255376
14.9422203409
-15.9816336420
-47.8546288873
-27.3834634876
-3.6471148723
-1.4178692620
24.2366863548
29.3857560027
38.2152555002
-12.4536138252
-21.9624914949
52.2331862189
67.7640751186
1.5298729969
-13.9162568325
-32.4704485038
41.0784722991
-50.5365723177
-35.9792292591
-14.3628511362
21.5339195813
-5.8095917847
4.2402967366
6.4102906861
10.4612645751
-3.2370479855
-5.1512515926
-8.4571980440
2.3215561072
-1.1755832608
-1.0768265400
-51.6337941127
-2.4621362044
68.3009082574
-0.9013732722
6.1577459867
11.0730178731
-2.1715284260
10.1890242660
-23.1965354616
29.2246075178
-13.7272233297
-70.6613942924
36.7512630074
32.0667804073
22.6163503992
-17.0494632170
30.3688134631
-84.8781239030
-8.7567672123
-46.9884833517
28.7850286411
26.4597525551
-19.6997340578
16.9288170832
-17.8244034582
17.5928267744
-28.4928069349
-5.2438229742
3.0304249241
12.9116064190
33.7183869529
-66.0773380753
-19.2510491190
-10.9769352206
22.0220692616
10.0690991227
-33.9049207058
49.2425153811
16.1257214527
22.3089961941
-21.7152842595
39.6693592766
47.0045502923
3.1470166723
-26.5516622382
4.1408700164
4.5830103066
6.4098459963
-13.3937213617
20.7609917099
6.3317620170
-32.5657390155
-14.8314226049
1.0815841284
37.1977992049
-40.6562303972
-11.3601037081
76.8479123050
58.2853984115
12.2883042292
-48.5793274768
12.4700424469
7.1917613459
17.3557181489
-52.3096100228
-17.7017935741
-13.5635976259
-1.7601891332
-9.8447916355
-9.4702821487
53.1060056597
25.3455388646
-32.5924927424
4.9178072115
22.4515234399
12.9287477302
-24.4455020336
-7.2038746973
-1.1764240211
6.3907195896
-23.4163225283
-44.1340144915
-29.6580366303
14.9782295458
40.8080605546
29.2457296925
-29.7487331995
7.8498833435
14.7423565652
53.7049008991
18.3442767192
-2.1304841461
-46.1033442235
-65.1485244751
-26.8222743895
26.9137725863
25.1972318366
15.0888268750
30.0186101303
-3.7676329355
-12.9818318394
-5.6799000666
-21.4869757496
-2.1427516567
-23.9398956087
51.8716142420
-18.3516728007
39.8481945589
-34.5764557350
7.7070714962
-15.3953758950
-19.6722071635
19.0714596427
-47.5329841293
-4.1455861004
-18.6620236225
17.9766617037
-14.7062430064
-21.8828576233
-32.7609898753
34.1408292617
-2.1135479852
2.3644384384
-14.7082719779
19.2319997919
30.3346458671
-13.9585498014
22.3142672510
41.6624188446
-18.1112319659
-5.6132606251
-5.0205436100
24.9312159995
-21.7611217029
-64.4375436779
6.1599243740
-4.2638071923
10.0921542159
-29.8978548993
30.1212445466
-22.0540703288
13.6155409574
8.1063081101
-6.2711252955
17.3872851987
-38.3696980622
25.3149892651
-35.7270604708
-61.0063239467
69.6141390342
39.4908916045
-10.4748104207
-13.2380467123
-1.2128708008
69.0966054347
-41.6406658032
-3.4111327944
-16.9206834095
31.0560217341
8.4550006832
20.5789617757
-43.1189180170
-30.0249377704
-2.0940634549
8.7506553950
22.3037808716
10.2863816961
9.2905337698
-73.3212372304
33.6972363180
80.7372621874
-6.4839870590
-7.2155848632
4.8767581883
17.0865100316
0.0046935531
6.3416874943
50.8640027870
-40.6918719918
-84.8064920768
15.4109779865
34.3216330377
-4.9773185712
-24.2842954426
6.3103362673
-30.7711617201
-1.0227807150
-69.6563857553
67.4266314198
-50.2802981527
44.2409452046
-7.5046984839
29.1065963195
-20.5249159507
-18.9212019085
38.4745393260
-3.2817055185
4.5484537552
1.2418337469
22.4455705252
-17.7039731472
-3.0372873778
4.3844983880
8.1671606543
3.9020786845
-5.3687559181
-12.1242919417
2.3433459096
1.3343078896
4.7111829642
-116.8819350424
18.6987301011
94.0328067038
4.2689869396
-6.5705735081
-6.1030123747
66.8820642353
26.3535523192
-12.7457880978
59.5865585272
-49.0262965058
-84.7157895785
-26.3343108860
-5.6183798946
5.5786056490
17.3877168443
-0.1298612932
6.3778212124
3.4978888187
7.9617684944
-12.2643372253
24.7133144177
-28.6437477126
79.7087965575
-19.0985513339
2.8144064556
-12.5665104973
-6.4417225502
27.0225496516
-66.8729534297
28.6246853413
-19.9326044927
1.5445726644
-28.4323492752
21.0463225022
-4.9141192503
-24.6706763695
19.3579110534
11.4076938224
16.8983303333
-13.3337771705
1.5322138442
92.0889096734
-45.9008739724
-86.0038556534
16.5599735380
10.2838760170
-6.7600920193
-40.9102253784
15.9412451315
-10.6917538440
-60.4660198555
29.2671340970
101.9328190442
-3.4370813363
-3.0580205971
-11.1429907097
5.7360270401
-0.9842978487
8.8634346690
-0.3873995631
1.8532241781
2.0734867664
19.3803139349
-9.3204299717
19.6837311526
-5.3558658418
7.5424390146
-6.5769592543
-7.9766519671
-0.6532588694
-5.0626183844
59.6286961511
-10.9564273107
31.7123329547
-45.8300485172
17.8193826134
-42.2026233253
-52.1388621664
-18.4148863516
12.0463016437
23.1082331026
6.5808938701
-7.8712142260
71.9312174111
24.8206103695
-106.8492044340
-42.4371053162
10.0456562598
42.1004940767
6.1557786788
-7.7685881106
39.7685986341
-39.4886337659
-34.5850862755
6.2029561210
-3.1040299873
-13.2335476369
-6.9781667336
11.5818236932
16.5665466468
8.5521209455
-4.4280839220
20.3344428386
9.6769656879
-7.1427387374
-21.0916654505
-11.3163960325
45.4868202928
29.0597034789
10.8942739004
1.0299087967
-16.0138552752
17.3285470064
-44.7848281597
-13.2404717543
-26.9453799546
19.4223163731
-5.3237959960
20.3497923462
46.0327630513
17.1462123114
-13.5854941539
-60.2552119662
-6.7161602201
10.8008925905
27.3380185571
56.4556550432
43.1679406256
-14.6067700384
7.8235126428
19.2493237224
-56.2188250900
-28.1568194471
16.6067975999
34.7750589633
-15.6364049062
-79.1329658981
-10.7475950302
-32.8597003484
-28.7113785160
4.5506724610
30.0802512579
5.6559959122
7.1752366713
-5.2689793752
21.6024196051
-12.1857255474
-58.4958066729
-32.6606310851
6.4501906307
24.9645309768
8.5497895848
13.1708297670
57.8041835211
19.4031674354
-6.7012791191
-35.7126525198
4.7439571987
13.5305719934
-1.6222593874
-7.6005297384
-7.5044601301
1.1390475432
9.1449280844
0.9740782831
-0.5145595138
-0.0188133451
-2.1282559536
15.9807300322
-25.8327280149
-10.4185209872
-8.3451290880
4.4809640667
6.5684615278
-7.6249876799
21.0266043616
6.2552694344
4.1960008847
13.2896568228
-56.6162070507
22.5037288419
-5.2538753364
39.0481832972
-29.5601609883
19.9137472715
39.7744080623
20.5305356445
-25.2178666312
-22.2455300593
-8.0347557352
10.4470985354
-21.3461015641
29.7330279400
7.4757260511
7.1697165880
-20.5182752490
-18.3542354000
12.4815510201
-13.4241440763
7.2884558917
-40.4422337852
-40.2863551715
-1.6944948059
6.6506271670
1.7232027965
15.7692509577
35.2486299317
33.1265830342
-23.3383037701
16.7478330596
5.8492747207
-19.8481916875
6.4477228986
-0.8342393356
15.2322909341
-22.9596699332
-8.1022892997
1.4121653736
0.3739628148
17.8833977918
11.7879771622
-29.7250579121
6.4294906149
-0.2480788275
-22.9617368516
-6.3638176327
-6.5038795181
232.6617709314
58.6636824258
25.6398772944
-28.8915253369
-86.6804518459
22.5761362071
-39.0281935993
53.6694656405
25.3171202189
8.6782966492
11.1030113138
-28.0296820274
-125.8657632613
-42.7128118344
-40.2289486770
0.4900541387
-53.5467442874
12.8597733706
-46.0482939924
-1.1463309699
-6.6869138584
50.0805992087
45.7883638840
-13.2796459650
89.7875080958
13.5830015191
-69.0455965449
5.9993439063
-0.6672778650
33.6707090864
-29.9180983669
25.3185372972
30.7056085077
-72.8067963006
-24.0099063921
5.1190679062
16.6814153701
-14.7545161643
-26.7219594755
-10.3697094581
10.5061403026
15.9096757100
-13.0427673924
28.2866866695
6.6700014142
1.8451580972
-33.3315067875
10.4495579667
-21.2900540418
-14.2355749733
-39.1526522073
13.3357646377
16.1068796475
7.4137505167
4.9712873910
-3.9876097364
16.4267907080
34.0972532144
-50.1210209227
11.8061193220
-40.0368983983
9.5351890785
30.5097149229
20.7465944315
37.7709795129
-33.7607878332
-24.1620994165
19.1183572267
57.6741692546
-10.5058331701
11.5033175550
-1.1355196704
-3.2504550879
2.9056485110
17.6462678212
43.6710698316
-18.1015400990
-63.2674532260
40.2385800662
6.7223823204
13.4133695378
-66.4007070441
-15.0441539260
-0.8017923928
6.6839480736
15.0199177365
-29.3869370989
-5.8908300973
-33.1161689910
13.3205230415
3.1770077413
-13.2220343204
15.9533679696
-7.9663968264
5.6484919193
-5.4451986954
6.5061183832
7.5389111418
-11.7569057933
6.4734532459
82.6914878807
15.1871223042
-6.2084548592
-27.5420659749
13.6076776551
17.6345991597
-44.1225497943
-35.0086895213
-52.7354509479
30.9306749322
63.5857218987
-5.6892290666
-2.9509179373
-10.1439469457
22.1583542479
8.2074531119
3.7320055709
62.1498456626
-20.7789690381
-92.5370016925
-33.1239409836
40.1769531686
-44.2339451935
15.9588619644
6.0678012398
5.4801240429
-2.2507306520
-51.6518591930
49.0064360644
16.3950173221
-81.7953666920
40.2543126000
-17.8512354506
6.3997450147
-9.8046699389
5.8910803095
70.0523138768
-15.4658847311
26.4227247140
-14.8028687735
-47.7588260929
-31.8784157181
38.9282700123
36.0151969596
7.1905553471
-13.3851406264
-11.0821559530
-12.6374355630
-15.3980879102
32.9526334110
-47.5051097839
4.6340927185
-3.9248918665
36.3298998127
5.3315252984
-20.0106991445
23.7013817633
-15.8466708668
11.8628830914
2.0106953744
-1.0446369244
-0.0941129730
22.5649229080
-33.6366328001
37.3436088548
-30.1259594448
6.8176503012
-13.5913877767
11.7009993859
23.4921747575
-22.4136572102
5.4207383822
-1.0242392977
74.0134094259
7.2901860317
16.9632728383
-20.1841791753
-21.6803185934
-16.6180334300
-45.0355039759
9.8055261151
-27.8298811012
19.7266443156
-9.5452793875
11.8140940932
-12.8213913007
-18.1755020999
-1.4230940712
-4.6134116761
8.2078195363
28.3703784842
-0.2573105887
-35.4989511819
17.5008886312
57.1558956912
-7.5770394421
1.3698083694
-6.4619434869
6.0359246859
-2.0709526272
3.0098553506
28.7133956291
-16.7238423389
-70.6671444286
5.5299494649
-0.7150079084
-19.8144830114
-17.0892374626
-1.3570131602
22.7256871809
6.4572997391
21.5283532503
2.5270419484
15.8294643344
-15.0000454367
9.6670959450
-35.7917361619
-11.0645343767
17.8653433841
-2.2049714740
0.3587473070
-25.3605172044
35.3030232078
9.9485775020
9.2494349414
-11.7773093492
-4.2561537836
1.3788444670
-13.8350955995
23.8900856027
11.2106404865
25.9052836100
-23.4089098450
-12.4857512639
1.2021164216
7.3212479138
-4.4077527023
-23.2286812011
-3.9437728044
-10.5858702273
18.4104892584
-3.7237544990
12.7993311269
-7.8105905488
7.7848839182
-7.3081977492
-21.1501142980
-61.1442382765
36.5257945833
-19.2626703469
5.0772967068
-7.2652181792
20.0566053666
43.9054012208
-43.5165205440
-23.9070691973
-13.5212678960
16.2948209920
48.0257799291
23.8647276090
-36.2448869726
-11.2064177117
17.4720596849
14.7414078935
34.0144946554
-16.1901350733
15.5885242612
20.6967701954
-81.5402368623
23.1374272874
-10.2426550471
1.1532396713
-15.8113779090
-25.5980562897
73.4845498725
6.0525169534
49.1434835455
16.4325716760
17.2991085386
-5.4340743342
15.8760026090
-19.6281899839
-63.3752401153
-18.2590895607
-5.3869099363
-10.9315661838
4.8583527721
-3.5677620447
5.0616400667
-62.5963379841
29.8537523392
-40.9633486202
5.0067878707
0.2131439933
45.9831736114
49.4989875813
-35.9292769523
-39.9951188980
-55.0081231897
-0.8880408777
32.8944288465
-25.8122438218
15.9048979623
11.8995634815
68.3502024232
-2.4913742653
-0.1088671892
7.2911453759
7.0828147055
-13.5575628883
-29.8665499200
-27.6778161475
-6.8213323331
35.2361477842
10.8304864032
36.2048198247
-11.0078548020
14.3851662655
1.5248047185
36.7470781795
16.0166325115
16.4740274422
-10.6864543269
32.1801620878
-32.3871456444
-7.6810767066
13.9481523599
20.0652287921
-17.5495566737
-64.2448471166
9.2877743211
15.9503915122
-1.0268410297
-12.9179008555
-11.5939583897
1.6837167099
-17.9520922933
-18.3744148323
2.7722024247
20.6474025075
12.1757052029
-1.7094316414
14.7592464784
-39.7233303937
-9.4641572872
-16.7606128528
16.5742332590
-1.5223867916
1.6410063255
22.5144713627
9.8960163481
17.7138772795
-23.5911828763
11.6574861881
-11.7484329694
12.4905456133
-9.2442338490
-10.3471844351
12.7475478838
-0.9424697289
36.6345846929
27.0247742867
43.0131778869
-22.1779348312
11.0022398515
-0.7453499860
-53.8525308127
-10.4950147556
33.0514707689
36.5712549297
-15.7856167298
-55.2771830771
-17.6291229525
2.6928578979
-28.4432589994
-9.2549147062
-22.3101227417
-2.7199460316
32.7596143013
-6.4770036496
23.3095222575
-17.4463222225
5.7512140877
28.6587224950
-4.1163504113
-1.6849926733
-11.6984510167
21.3946723678
6.0321809903
-17.7341918974
15.8224524649
11.9448400228
-10.8896882588
13.8288651983
3.2304879209
-15.4615457440
-34.5038278036
9.8350440341
2.2787105371
1.9695609708
-20.7608885419
12.6580098799
-19.8510673485
20.0100421894
51.3555783579
9.7639802251
6.6813534566
14.0616407659
-33.1629669645
5.3756053275
17.3950524480
45.9412375802
-19.1196616502
-68.9881592186
-44.8473408794
-8.7212536883
21.1481410609
12.0648054847
-0.4829521454
-14.2681796327
36.2494915877
14.9680633431
-29.2151634913
-8.3616573201
-20.4952450584
16.8736921442
41.4059739188
10.6122385563
0.6749929374
-9.7906616158
10.4917940153
-2.0043416459
-28.1330730093
-17.6496249331
-2.4418192148
-37.4239696461
-34.6812246626
8.6604450201
0.6277194423
-9.6159162942
16.4485318910
35.5175285449
42.6267815440
-29.7004114221
0.6474589280
-55.1728481668
-72.1787305932
22.9393968196
5.4258386783
8.6255813362
24.8181509382
25.8889415547
-48.8407683448
-49.8707079734
18.6735523549
100.6556923395
23.6136853683
12.3123613569
-1.6418281123
-10.1547795904
7.4751687065
15.6112603636
-16.2920935610
-5.4093365346
-12.2604452998
26.2286454638
-65.7592899688
-11.3028264701
24.3098230114
-2.0131832658
62.6260053189
-36.5714968410
68.9411809975
-24.2138091375
1.5962112351
5.3793620674
-25.3441087420
-0.9674375814
16.3910518746
-2.7940776076
15.0654112865
-25.5477743195
-1.8542949912
-25.3622686895
-6.5850253352
12.9123511263
39.6545789720
3.4449813996
51.9334095287
-22.3201312278
13.2769766401
4.4936098601
-34.4300911123
-3.9213390911
26.5851100296
12.8038634058
-9.1467139588
-56.7984053742
-22.2589371617
-23.5441785667
31.3086055662
18.7311983890
10.4624195829
-22.0206379533
12.3820472203
27.6753235127
-34.7563369279
-5.1940165257
-17.5081376686
3.3451657240
16.0947366501
-37.2387913078
-36.7953833551
0.7801448911
22.4788878742
12.3353405564
-15.2854568662
10.8332588962
21.6654754393
-4.1774128491
-1.1047601773
-25.8953937079
3.6075955823
-6.2628457635
-8.0776428097
-0.3881181819
10.5549209999
32.6770822377
51.5307588827
9.2979938867
-0.1069307131
14.3261280558
-1.8798723653
22.2185379787
13.3447616026
-3.6839660234
-45.6255492945
-81.3025649630
2.0344584139
23.5347713013
11.9032004515
-14.7065608114
21.9776951443
1.5325221625
13.9216275000
-8.3741157508
-9.2401498174
23.4691208500
-24.5458975848
-4.7074689146
-29.7024380220
12.9791542136
16.6719677861
-66.5095410297
4.6950484308
-7.0739137936
-3.0721036281
3.8979246884
-10.6666472483
69.0874471956
-9.1079737654
38.8800371729
-13.8988427782
-80.4123207954
-1.5796877463
23.8958713141
52.6076162545
-33.6189448168
-8.2531956881
26.2620410782
-71.7890850498
23.9881260764
48.3592226052
14.5349318762
-8.2639346514
44.2784035055
19.2343738427
-4.3231975963
15.5128676955
37.7727985908
-17.7173268868
-88.3113204288
-22.9243437719
-1.1600950100
-6.1925361485
15.4108439866
13.7937157271
-5.6552227447
7.2862075399
-6.4232270102
11.8275474434
-32.9095305137
1.3611612271
22.1738863748
5.8648815555
3.1742506643
-5.6052336769
35.7361321436
11.8687031921
-22.6844424942
-12.6485599242
-23.2561808212
-13.3259138682
-38.2288594519
-28.9464415682
47.7524166299
-19.4833017314
4.1287910544
-19.5675117580
62.1435120934
31.7756567886
-28.5621631349
23.7155715198
-0.0041492527
-4.3168118502
19.4197276853
3.3741108825
32.9788914570
23.5768994385
-10.6836640464
-47.2403687243
-68.7836848986
2.0142303622
15.7258919190
36.9567097159
-34.0523015931
40.8772780113
8.5328949282
7.6706140439
5.9403519444
-45.8795656208
28.2072045853
-46.5675968645
-23.5926379015
-27.8246337610
3.7169133905
11.5327287485
31.5837701558
-2.2450955423
32.0540456760
12.8673959475
-4.2901518045
-20.0488760642
-14.1151648216
7.7882979504
7.3232484252
-32.3358640115
14.3304599279
2.1342776470
-17.1646034976
-9.5320549045
-6.9413369277
50.4630561924
-7.1660037243
13.5552042533
-16.3599532314
5.8222731533
13.4895063685
7.2152789166
17.1732470823
-40.1940529755
5.6006515928
2.2460276122
13.9554737335
11.1547032473
-19.5607702600
41.6024592376
-15.9320631755
12.0577841285
-5.5622422485
-7.4754995557
5.2138164893
-41.5025961284
9.2661457929
-18.3516443405
0.7264595613
-35.5414860621
18.3098150349
9.1265274115
-26.1847243371
-6.7806177167
-7.3107129150
60.5561780534
-11.1474138913
-0.5164544854
7.0185089964
6.8414121549
-23.6091637620
12.5452199334
2.7320297370
-1.2069878506
-20.6945965514
-18.6681710149
27.4465786138
8.8316363805
4.1122118311
-37.5705157023
-8.7532203661
61.0497825959
-13.1324536262
2.4684994197
14.7850610204
9.6038136154
9.5747273420
25.1656327691
48.7002558404
-7.8728494988
-110.3762589773
1.1117471442
-38.8886712709
8.0932354145
-9.7303486286
28.7831253686
-4.7607463156
4.0321949333
6.7514662222
-2.0628628295
-1.7815057856
-31.1941862761
2.3867772845
4.6759291391
-5.3246996057
20.0510046463
-2.7150923902
35.6383928732
-22.9101030243
21.2507138135
4.2027388252
3.1291982467
-21.5868080269
-10.6079991798
-5.9996071627
-25.2486605137
13.7079546223
5.2120294290
22.3907313735
1.5147191528
6.2368545314
-64.3491179915
16.3813884678
97.2906721033
-14.2786956582
-0.7734271099
-8.6536643893
48.1545075597
-5.7460201103
0.0946110256
45.5750479440
-18.2618086909
-106.5004667989
-57.4737635502
-21.4730018159
-1.9733177106
19.8919218939
30.5316707429
-13.4478762840
24.0131899820
-7.5803230319
22.5900816807
-3.6235439389
6.0161567400
23.6629071979
-6.1813513095
0.3759775562
-13.9233825426
15.2059451360
-10.9770656629
3.2637032877
61.3770209592
21.6093117048
-9.9956553336
-42.3948467366
-10.7233268230
-5.0343384819
-41.8134390736
-16.5106936022
21.3202775354
15.8971247838
17.1311592637
-8.6935524755
-30.8178256937
15.7287177747
32.4326854421
20.7356562471
3.5785128664
26.0559694322
15.8172928769
-12.2346283861
1.6463698779
7.0357060421
-24.1957369422
-59.9250433932
-25.2617320234
34.6769734276
14.8854636866
1.7510308941
6.7318097452
-33.6314732120
7.8392736367
-39.9050081336
21.3684131359
37.6812600755
31.4617733507
24.2342126935
-3.0883994357
-5.9444668077
-20.8809227824
-33.9973877335
-23.6689893692
-5.7886083532
-16.6765712154
54.7630694390
-38.1068768769
12.5519045111
-22.9671419085
20.7260379022
-5.4976554954
-55.3831259858
20.9440260502
11.9274484994
37.3582385578
-3.9602547888
53.5599497971
4.5189050043
-47.5426297485
-24.3695347780
7.4539113460
-12.1769254318
-32.7100331624
-25.9980304958
8.3000932721
-8.3266916540
-6.8548334873
66.9691688963
29.9595102570
-16.5714240050
3.5076210042
16.9985788403
-28.9153085357
-12.2733780663
-29.2503568386
57.0650793523
0.8993692033
46.9726986410
-37.1029083212
-63.8856053145
-5.8064836992
29.8260665423
13.1142035550
-49.5231063726
-1.5883953663
40.9021972444
-28.4382903316
-21.1708439598
4.7720900571
-18.2222573831
17.1945554339
-29.5406729005
29.2035695376
4.5595247535
37.5443501518
19.9524471465
17.5837029246
-10.5898819226
63.8093178821
24.0439577759
-98.5694720276
-11.1418084276
1.9939430185
-6.6353215354
-50.2652676360
-38.1845873168
17.8679961073
-9.3964339884
-18.9972106686
99.5723982304
17.6300384206
23.4462151726
-2.7723791148
-11.0439256705
6.7758079514
5.7383856750
11.2252725611
-16.5304935658
-11.9023110718
26.3774612169
-0.6050924371
13.8301304891
-3.6354379099
11.6080497216
28.8002868391
-23.2029555971
-7.2428342711
-36.8778181799
52.3955774637
21.3983200103
-11.2574337166
-38.6685462400
-11.0872135588
-0.9600806326
-37.6424795635
-12.1535276309
10.1133143375
13.5591886743
15.5346657988
-6.9476942137
13.0395181919
-17.8293211350
-49.0862442545
-31.5196292783
1.6629253844
-15.2855268307
41.0591075386
24.3388903114
-44.3301950495
-22.8202116402
-13.0209242272
94.5071698131
-5.3227477138
43.9793857526
-25.0203223577
24.6333224225
-61.9488138349
12.2577605590
0.7887529007
18.2485272875
-7.6018187461
-21.5469863477
-7.4464275124
25.7789478179
12.7717567989
-12.2312024956
-35.2882606907
-1.7561371193
-7.1153826039
3.8133826267
-9.5318865152
31.4882306177
36.2145520101
-26.1639911178
4.1907689604
13.3084405219
-2.7699493295
2.0095771277
-7.9146977779
29.1390812092
-6.3262324470
-1.3531864559
9.8382730753
-19.4425622124
-59.8372853345
-30.6133324002
5.7336541751
-7.5502311665
48.0040956664
25.9006446055
-35.0054059315
-18.5373788376
-13.8816848652
110.8804755982
24.1101394833
-36.6506575627
-42.9069065005
-6.0998971741
28.1777222415
16.7614595423
-19.2865484129
0.8572541103
18.3207437326
14.8698260200
-7.5954104689
-7.6315252136
-26.7277451868
5.3230761913
-19.6062934559
5.3979228286
-0.9148776134
31.7155596242
12.2573217983
11.5745663550
15.8173497972
-25.7986588435
-37.8583450587
-9.6322903673
7.4472801310
30.5020449124
25.0655562088
5.1387042240
8.2745716325
-36.3912077193
15.9607569360
-32.8272462905
7.7981261889
-14.4341604139
-22.1390867263
45.0016055655
-38.3925136159
10.3272137106
-19.9614049787
48.2366127210
30.8402594070
-28.6382691337
-13.6496955092
-39.3764059074
51.2198436012
-9.0282331681
30.5027469295
-64.6197230279
6.1637012731
9.4026525312
14.2701433831
15.2633314711
22.8934075887
-14.7392686389
-1.4768552948
37.0795626972
7.1988348791
-1.3438040930
5.8964545345
-23.9598485456
0.1456116146
-40.6836375217
20.8579495121
3.1279400709
-38.3745540753
-2.6257547932
7.5894231649
5.1052232291
4.6878574995
-18.1621175285
21.3534110793
3.5099108604
30.4277295313
-33.9616145107
-1.4205492595
-51.8743879208
9.0812354543
-27.4628222445
-28.4896786901
-20.1117421641
61.5380994796
44.6115841110
31.1812807839
-28.4476857386
1.0219328397
39.0524784082
16.6402003294
-3.0791558161
-1.1070962813
-21.6061929467
3.2395714521
-37.0524401742
6.5290880960
27.2094937051
-11.0177494475
-23.7601733184
-0.4640403757
-4.5994223265
1.3457619142
-24.8985603489
20.0935644291
19.8139529411
-1.1147852652
35.7720571539
-4.5113310469
-4.6881990213
-25.0279390054
-0.7327931306
-0.2083093253
-35.0085733090
3.8186406395
8.3068039383
32.7059598034
-1.7441933430
18.7114197705
-34.2588463891
35.9491765264
-24.2276680448
-12.7120687491
62.0387443516
-55.7363496521
12.7890522693
-47.7181541667
45.1781237173
37.3415822549
-36.7135627953
-10.5476707766
-12.1733631697
17.2840092432
0.3686300942
2.8335838535
-10.8594220750
-4.8520441055
-2.7762995005
-19.1877786478
28.1536805297
9.7688480966
1.2001135386
12.6315146660
15.4711747615
46.6039392903
-14.9910093391
-8.6504199322
14.6101520529
6.2023928472
-5.6285022213
-62.9813931423
-1.7146908399
-58.6595960226
-3.5243045813
26.1792232273
-25.7852600420
6.9160856595
-25.3555532799
82.4401112332
-3.6176052542
-17.8313311331
-48.7710267470
99.7785730444
-41.8204236688
7.9892823446
-26.0227801539
13.8533634583
5.7128675929
-48.3301375176
55.3688899816
29.5765208312
-32.4791442655
35.7955806538
-34.3875977365
0.8564275801
20.2077524805
18.2889644175
5.5107519078
-60.2984381908
9.8819439898
-2.4785577111
19.1586698434
4.8832874211
2.9135592469
-44.9655169093
7.9621776091
-11.9081323584
37.3684284773
16.1961223773
15.6685885926
-3.3597468076
-27.5455286265
1.4125993909
18.7728901372
-25.1282242735
6.8529515599
-13.4724065617
22.1443838717
-1.5232014633
-18.7777117609
13.1968269283
-10.2514990388
-1.1473199601
-31.3032882615
66.9025069239
-36.7430546258
-2.1816163633
-19.8176243004
30.1120803783
24.9134046889
-20.5613639162
4.2505601782
6.4871259764
-35.8084600576
17.6202825183
-53.7516087487
-13.4770325219
-56.5929966125
3.6584159236
-6.8133196150
36.2509655864
42.9045644674
22.6405735445
-56.0678985423
-35.8472227820
-36.1337370423
21.1377803804
31.2971017364
32.5153372755
67.0282936723
10.4816183258
7.8620678453
-22.9960384475
0.7230158832
-0.0328477566
42.8876366073
-51.9902705369
15.2665842291
-22.4201069917
-23.1807377066
-29.9731948458
-23.3201841412
77.7894973976
17.4305126092
-37.1124341706
-18.3510170314
142.4214831927
31.1705418206
1.7230984426
-13.5027569401
-12.4230073055
-14.8527345140
-20.7603667724
13.6565733788
29.6406285052
-125.9724366472
-66.5685934695
17.4770864590
11.0969836912
91.2047085443
5.1107184097
-42.7548474761
-30.7587115903
0.8710430530
17.3453847427
20.0422531501
-24.2798627742
19.8257733901
-14.6302117154
-12.7089748937
15.2752218847
10.0832070562
13.3178299998
2.2052703056
-4.7194257352
0.0431325433
-7.4401698369
-73.2635129310
-20.7508646398
40.5531584061
-22.2232777795
3.6278153331
-40.3426114015
95.5418907469
19.1320999216
2.0499134612
7.0469750757
-71.7156139865
62.0954405282
-27.1085253934
15.4007762085
-11.5037729174
7.7544042833
42.2701485890
21.3848678461
-0.9627452142
17.1032718741
-80.0650796898
-8.6031073044
9.6923495848
17.8787398139
-3.1319790405
-8.5119079392
-2.0450278021
12.4748996458
-1.0165692872
-15.5901678349
-68.7189854907
12.4443097278
34.1093238755
2.4127032954
2.2134585279
-1.7943911186
48.3039352061
-13.1260655084
-43.9142618142
-0.4771118854
-65.6529841931
-31.1448268891
30.9224606214
34.1517378001
35.9286413423
-38.5598581126
49.9943981574
6.1053959123
38.6469343135
-23.2473095552
8.5551175621
29.7082830253
-49.5152122385
-12.8738350565
26.0659767325
37.5421350035
19.0270795961
-56.0482906847
10.5744434770
-17.3797266572
8.3245927180
-1.4652862437
-5.9880404834
-25.5455983039
-42.8964272361
58.6740620797
-38.2298769023
4.8970739921
-24.9856246914
51.2768990871
37.0705230420
-19.3714794300
-14.6317295901
-9.3909779404
-30.0818687431
-3.3881168339
9.2375279261
-4.5889857523
15.4238467177
1.0285616830
37.4595483912
-45.7783577696
11.0694615402
47.9124421247
34.1814620552
-23.7369616943
-47.8122920423
30.6373752978
34.6257214407
1.8021263502
-11.9964655492
-19.0405827515
-1.7934033142
28.0861042750
35.0706923299
-114.3312308508
-2.0125713726
6.9834804808
-16.7192294229
-32.7553642523
-22.1747081617
12.4167069397
-4.3510861717
-24.7731874585
145.8845889645
13.2275887930
32.4066538915
-8.2421080880
-1.8214353762
-5.6402206881
9.3210821835
3.3539373795
-13.5302067548
-7.1463934950
22.6843393261
8.0418031799
12.2494063191
-26.2272082262
29.6915022093
-5.5060322663
23.0183915237
-23.2561499893
-2.2158859416
-21.1467939471
-22.3444693995
-20.5919811085
1.0239357227
9.2194604742
-7.6932635800
6.1222561795
-8.5242015382
7.5180285067
-9.2020938534
-1.1704473896
-4.9436881605
46.6618497666
-79.9068732730
-47.2561617360
-54.1200906129
11.6037996725
1.4999068305
15.3632503148
56.5590436534
32.7696310883
-15.6762123553
3.0232565238
31.8681641348
7.8847671867
-20.8465998414
-4.1854255672
-8.7701553412
12.4534181617
8.2139076367
-11.7317233038
24.8024575371
6.8841640437
13.5620192734
-7.3336316367
-21.5814764921
-17.8033453188
-44.6533315937
23.0263674808
-19.3689405474
7.4813006830
-0.9818977094
43.1971158369
37.5706034544
-30.7217964039
60.9881450258
2.4355508667
19.2871033858
-22.8003345970
-26.9737653968
2.7194515365
-37.3863453277
23.7847700031
-21.5419382286
28.4561229873
-74.1802119939
-8.1609100939
-45.3199892646
12.2984004675
-12.8035906627
15.0873018853
52.5076772516
14.3133043865
-6.1314476222
12.2210659388
-1.9473063192
29.2244296418
-6.1176942547
6.0673850102
-29.0730418026
6.1157969113
-20.6718829799
-25.1043983845
-4.8589528069
-2.4860510314
2.2043512799
-0.7682770086
-4.3379482550
1.6475130273
7.2042565377
14.5424702585
11.8124042718
9.3719238699
5.2274299277
11.5436479594
-15.8696263496
9.7898303423
29.7308815703
3.2009569576
35.4795366162
11.3263570851
-15.7423383283
-17.8646188361
-35.4041326343
14.6170239934
-17.1476495490
0.6575065468
-44.6953115009
46.9845072316
-4.4120703442
24.1576620047
-1.9177172499
5.0640200468
10.9363605332
-41.9590554316
-1.1267764751
9.1108707715
-2.9695569639
-5.9454973023
-19.1405514004
40.4202163016
8.6173942997
3.4363034255
1.6103096819
-17.7190250091
40.4882977240
-90.3834197628
-30.3212363930
-47.7955894917
22.1554691002
-3.3962279767
-10.0795072367
56.6104059235
16.9185216239
56.5294107080
-42.0791608225
64.1588286846
-73.3752368077
-29.2368940017
-0.1071251908
37.1665796061
19.9146093769
-47.6639980586
31.4544579063
8.0545438404
15.2756855480
-18.1937462419
12.7957415904
-1.0694731487
-38.0583606219
52.3589504364
-7.3783662493
18.1636816509
9.8720766186
14.3678352200
12.8326555909
-46.3985115552
9.1048301046
11.8119915996
9.8658734917
23.6756537876
-27.8547279980
-18.8770400565
-18.4746064190
4.5068319715
-1.5487183596
-1.7273532350
20.1890826220
9.4805657496
3.6174949711
-12.8151134659
35.2961417806
3.2324362553
-5.0977216078
11.9901592543
-21.7072940724
20.3680803644
-53.2705480174
-10.9275699044
-10.5207095278
20.0059130960
32.9537089675
12.4052873045
-26.8478304185
-32.8766459961
13.5829315546
-15.5995407110
7.2093473470
-19.5139070653
13.6725086912
-10.6530622700
8.0276786446
96.4305790930
-5.0158844462
-13.7119876627
-4.5750355354
-7.0217119491
-0.6916765146
-6.6453679684
17.4001740892
15.2634156658
-59.6529347122
-28.1578475700
-5.4682858063
22.4014881244
32.1143159730
2.2605814214
-18.5151882214
-5.0114565212
12.0684009503
-34.8415999800
3.2218301061
-15.7793341517
5.3005879294
-2.0732412976
-20.8513692882
24.5435413215
10.8106579795
7.5101331867
-11.1963357035
-7.2839283562
12.0114581191
-11.4846299090
-4.7610143154
20.0129308946
14.6004649294
-27.8036254268
-28.3864916725
3.2394066204
34.2347928189
7.7345450277
-19.6049759881
49.2908608753
24.7725613352
103.8320360107
0.3608367564
-30.0827972555
-26.6095940595
30.5709540509
-10.1311434357
-47.2935512582
-77.2367989110
-8.6792133032
-30.5116585140
18.5022424106
2.9795026005
-15.0970957344
-22.7717724647
-1.2197285112
17.3654503344
-9.2301093137
-19.3988474218
5.9702137568
9.9375634239
36.4867792750
1.4322866997
-52.6977388773
-19.9495027068
48.6807025315
6.3492792394
-14.4028767798
13.0302378113
44.6954182265
36.3721655072
-68.5896305510
36.0838357266
-12.9304695693
14.4015557545
-13.3474036532
5.0142752619
6.4486312517
-20.5071663037
11.1692961892
-23.0595852193
70.4549206468
-9.8016116586
46.4242513893
12.6839358908
2.0009311712
-19.8691193845
-1.2448789830
2.5447832945
11.3914347758
-90.3675378132
1.0573953725
-19.5528441081
7.8766631589
-19.8734797167
-22.5700943544
-1.6560297272
3.3418643466
6.3408372473
2.6258057843
25.7730008324
10.8039817026
25.5121493266
-10.8376393876
7.7065200808
-21.5470065070
-0.2923236884
-4.8317247441
-15.6952474524
24.6862381424
-23.6820063303
8.5037588496
-20.3224373986
10.8263003895
-31.0774972890
45.8549191308
20.3255869886
-0.6748850260
-2.9989491839
9.7255459783
34.6058503267
-41.1326900709
-33.0386708164
60.3250768913
-6.6230279364
62.4923967725
-12.9343235480
-6.6111991866
-15.4216671445
24.1361152994
-1.0668393990
-49.9918082837
-91.2533516842
3.7468843002
-24.9759494262
36.4816113861
-27.5560375369
13.7483585487
-32.7234284063
16.3534583880
-8.5976109379
8.8331329100
25.5379603111
6.5756275565
2.2166792682
-36.1538322799
-15.4900628144
-6.5831291777
0.5579209241
26.8681983992
4.1146677049
33.2473584245
-11.6722415901
33.3475310378
-0.7366435517
-38.0389318261
-21.1825363381
-4.2108701272
25.0666021193
-18.4430037940
27.4179595612
13.7680980345
13.6649584505
-23.9030907055
15.6689917781
49.9554350261
17.3451973800
101.3980777265
6.4076249187
-23.7238818837
-19.5910957357
25.4565014323
5.7271178273
-61.8557313564
-70.1444061792
-2.9579309926
-18.0538978077
30.8884981756
27.2363351841
1.8231002950
-24.4467459794
-25.1350203202
-16.4923842390
-29.4306744204
-16.7981470474
23.0268560467
11.0008571626
13.3774018373
-10.5049852948
30.0408173483
43.5061242883
-56.9771884796
1.6685996268
-6.8618287550
15.3059766344
-31.9454536016
-33.5278142303
43.7040670039
16.8900733322
39.4991011720
-11.1776172256
-0.6279328934
-9.0057034018
-8.1038451213
-15.7131951346
-28.6809510580
17.4986687395
-7.2042363784
5.1317374164
62.2524350170
-0.3536671702
-1.0953125933
-2.4484777041
-50.0369887720
-5.2295490231
13.0063834622
47.2973886351
-5.2536879737
-64.1421735676
-11.0968603639
-0.1178938001
47.1135846849
1.9168575162
-7.8288382484
-11.4848030416
9.9038583053
3.3565118372
-36.5822559636
67.9397987579
-1.2398533948
23.0162000922
3.8212091680
6.7266975907
19.2044800125
-69.9122353897
-4.4934533293
-42.3853446040
-3.4900919234
27.1272106678
57.6424990367
-5.0042240856
-27.3144156059
-60.9803457588
34.5315515474
3.2440918726
2.2094409034
-18.3123610325
6.9867545839
-6.4216225692
-6.8448190720
15.3813818021
71.6285199980
-2.6342738648
-8.3504048883
-0.8452854314
-49.7116086193
3.1938490352
13.3179236811
61.3662416774
-9.8466356160
-77.1451655286
-9.6304606168
-21.6225729489
-30.1694086073
-5.6677831577
-4.2365613419
23.9783891476
15.9839234982
23.6456816921
5.8642257862
31.7712668105
7.0704404694
-32.3945156375
-15.7184816074
-12.7665355472
0.4918447565
-15.1688236135
4.9931080253
32.4488318339
-18.6387752374
15.5660336276
17.0911502219
24.6141841574
-40.9011738648
-13.7852737350
7.2802083774
33.6789257689
-25.4526842147
-17.0007975462
-5.8055362133
14.9714477292
72.1287201802
-45.3324180493
54.4530127054
0.6579619093
7.2886302102
-11.0472400922
-67.9929575749
35.1769518579
-27.2467255106
-9.9198588389
1.2127391726
-28.6614036783
-1.5893914716
-21.0662078463
-10.0315850873
-29.6816751567
-4.5472785881
-12.3228145329
32.4992062996
26.4411431745
19.8240230908
0.4431873865
28.5041483047
37.6303235219
-28.3311343089
12.1691558108
-6.4181338292
24.4438786192
-33.2472528848
-31.8657035177
-11.9749390032
-52.9465292086
-1.1573533489
17.1591059453
34.8411244584
9.9665821045
-5.7810415108
40.4525778639
-16.2763728856
7.9389375249
-28.9467854617
23.1533910599
55.6794744138
-70.7548005050
-22.9034386058
31.3927823894
30.9799406379
-31.6534927802
-32.5857986780
24.2478711938
-3.4243062864
-41.4180955711
14.9622005521
51.6473340291
18.5209193841
17.3176111937
1.7799736809
-12.7192264769
6.1712052660
1.3048504484
-4.5331338935
-26.0183190253
-2.5587928034
24.7905801677
34.4533501699
23.1894382117
-16.2522588376
-18.2260378398
-18.0535859319
-20.6581094531
-28.8487165278
-13.2172304842
1.9209344327
20.6347650150
14.9190680088
-57.5797906535
-36.5681515875
28.4947481543
33.1965973752
-12.5709230064
-19.3859004252
20.2451242151
44.2200032775
-10.1386652162
47.6423778312
-22.8852976318
-78.7288673418
-18.6230308452
-4.5423549822
-3.6210204722
-11.3461926239
5.8096321033
-4.4710326602
-29.1057603026
16.0894229029
75.2558206767
23.6915914717
18.6977992170
-2.9439760323
11.0812974051
-7.2240742889
21.6041782052
-33.8997160559
-14.2153706384
-16.7263409029
-31.6972834645
50.4056473263
-33.8781669789
31.9837846805
-6.1858563141
23.1216734084
-2.7351461235
-43.2234711218
13.8170826961
-1.7946045697
-9.2603007896
-5.7082617920
5.0715430131
48.9479113232
22.2041976205
29.0145585658
-29.8348393836
-11.9779972835
-19.2834201680
-2.5788465366
2.0527120426
65.0407304708
-63.7357780401
-62.7407815467
20.5496549362
27.9379229460
-12.5997709261
-54.4894974320
9.3392848211
-11.8370306025
-43.9321525760
17.7944420352
72.6678325027
-27.7842369496
-10.2928326635
30.0036234896
-4.8017064008
17.6194690324
-8.7071647282
32.5766700848
-5.5504870207
-15.3045559986
-45.9807865163
-19.0131542818
-9.5333771156
58.3217325365
16.2318861135
5.4376010212
16.4072148681
15.5808945693
25.8757834786
-23.5826294154
-6.1756011734
2.5321541029
-12.9501639932
-23.3882347318
-29.8953326185
-2.6168728547
7.1625636036
8.8284500295
23.2420444275
16.4896236044
5.2725689116
5.6142045534
59.1387854990
148.3899727387
-54.1819534925
-40.6709751266
-51.4760940493
-21.2240312370
5.9394993257
9.6385029809
49.6108407145
-28.9090022408
-135.4816783697
-12.6138919039
-5.3798873943
-6.6918220484
-18.8542363612
2.5117541045
24.1313517818
34.0309825690
4.8698293276
-19.5740208315
54.4488112758
-32.3430442702
24.6933223481
-18.2031701092
-11.0037529828
-3.8521406078
-30.1651988768
46.8774057576
-10.8689242076
-22.1442913762
-20.8064212245
23.3198378761
26.1873806178
12.4865066437
-23.9926298952
-16.0832292628
29.0116864623
0.0350700200
23.5777828890
-21.7223826953
21.7292522640
-110.1423473754
-5.4099318261
56.6454569700
4.5230803455
2.4018445623
7.2453850121
32.3632616493
26.3656253520
31.0697229247
69.7122186406
-25.6603745317
-98.1489697524
83.4917244519
25.2839060379
-60.2998196939
-14.1701794775
-30.2266799160
31.5872754976
-63.4258090587
12.1579697860
30.4719637196
3.5213316815
-0.5387245529
-5.9847912829
17.8455683232
28.2534938336
19.7448588117
1.3030278130
-39.7523739769
-18.1957740276
-29.0894265481
4.4603897499
9.2966906490
-4.1601007770
22.2422891598
-23.8620808150
16.5910686236
-7.2793640596
21.0600865423
-8.3634182919
-12.2980696182
-0.6300033693
32.6147070754
-56.2214813706
-57.5950061613
-2.1117502523
13.5782012404
15.7951508801
6.2487947502
24.9058520765
-2.8007764154
-29.3310520366
19.8822335845
57.9407661531
56.4864951733
11.5718116496
-40.8738343331
-10.7497710458
14.2217172518
37.2135910307
-37.7759327649
-26.7870454671
-8.4269389752
27.1351735806
-39.4729095330
1.4866455864
-22.1102897978
17.8781872127
7.8283556117
1.6192248239
40.9171981152
-15.7084660063
-17.8775397443
-20.2051258458
5.1833119517
-41.0824555342
-21.0160764777
-38.0707075837
23.7398326119
-7.5984438466
12.4422807563
13.1945619746
28.3458814100
25.5856275050
40.1539538098
-10.7834097574
11.1068700358
28.2276045837
16.8528059515
24.2242125082
19.9926174625
-0.1626628020
-46.3209967789
-97.6064706721
5.1272632436
22.6312896063
2.3232933622
-42.3164485098
-28.4284419338
2.1040363658
35.2680006214
19.9087394710
-5.4328398752
1.9403442550
-16.6379911102
14.8369403165
-7.2914027031
19.0195447714
-6.8965584390
-22.2784110194
35.8087980219
0.5044715764
-2.1928225474
-16.7563746621
4.6742618487
22.5982770181
-20.0517564686
-103.0696585541
42.3615127858
-34.5936160197
31.2060921056
-53.0789566587
19.1812956628
68.9822549233
13.9559124942
10.9084280818
-34.6362066343
-9.4726941464
26.6887168343
18.1457742873
16.1951831924
51.6535324127
5.2401302697
-3.0527863012
-62.8098721186
15.7288411021
-6.5348074003
-0.1920977123
-48.1016262291
31.0307491208
25.4365971148
38.4225983662
-33.0784901239
-15.2228267484
15.0828217833
16.8566290983
-37.3064031377
-6.8343089757
-17.7343709592
5.1943853218
21.1929029478
-5.0302876538
46.7716940876
15.9007451520
1.9470003726
9.9804125516
-36.3972649879
2.1299196865
-54.9412833414
4.5297898259
33.5107120518
28.5746014063
-2.6035108142
-28.2138144552
11.2517950493
-5.6706872788
1.4470587034
-35.0792481626
58.5263254405
-16.1464760172
9.4287398162
17.7121898297
10.2977847296
17.7994972694
0.1420754410
-2.8768907152
-27.5812544157
-91.0316364423
16.8688562903
11.8500570504
8.3729820882
49.0874822710
-46.8279289725
-17.7845141862
-33.4885902143
0.2653766696
15.6397762482
-12.4844824155
45.8689155955
17.5015206837
8.8584233109
-6.8599871462
-11.5518017924
-0.4071924117
-18.2059615755
-8.2108873033
-10.9112325924
23.8822056987
1.2549242301
-25.7829891592
3.2538133856
-0.8971825151
27.5589665607
3.6534330257
6.6820092258
4.6046578082
-32.2611999935
3.6442178662
-15.1783198170
15.7342935925
35.9455170254
15.4242771775
66.2992181488
-31.3472544501
5.7888324769
2.5213463609
6.5779399436
-2.0260306519
-42.6968089292
-3.5615529886
-11.5121817060
-8.3000316084
-45.4259582618
13.5798543008
23.4775972314
-14.3201170350
-8.9306207825
4.5168297850
50.7746509599
-18.6128006070
-25.1754953970
42.3863905145
-27.3583782370
15.7246361149
-35.9410665695
19.8868583589
-9.4854431078
-12.0533775485
31.0680283599
-36.0178615411
4.1234215727
-18.5934820943
12.2816125364
42.8221284568
-38.0711534593
-32.3345441720
-24.7092861207
24.4850047220
36.0677450692
-15.2714343130
14.8717933278
-6.8788004912
24.3654044987
-27.5687011179
11.7233595772
26.3593558181
15.8348136568
34.0966614804
11.4104734304
-4.4198458944
-51.6322418487
-65.1948362543
7.7794385428
14.4751501451
36.6268506471
-31.6140956316
-11.3848913130
-29.6732628106
32.1911156881
-14.2504892778
-9.4408081057
-2.6981977336
10.8579125012
-18.4609360603
-4.1165437031
5.7174366329
25.9205939849
-7.2795407497
-26.6251143281
25.2099807980
11.2386132565
40.3761528742
-23.5514323475
9.5612822928
-8.4324887045
-25.8377168420
-21.1413971912
-36.1273062342
23.6247018181
6.4825782815
19.0187182412
-1.3583697607
15.7504803029
12.1871402540
-11.1673537840
-63.3950993709
2.5485412201
-27.6248352064
8.5773769570
8.1565877086
5.0141969965
14.0156764377
-45.0435368533
29.5702738283
39.0282137585
52.6811750699
-24.2949893440
62.9295814391
11.3149647242
14.3938525405
-31.5463248991
9.8546601925
15.8820171874
-21.4485011842
-30.0749268382
3.5688636896
-14.7169582529
-39.0641648573
16.2363519853
-20.2496351489
3.8522461475
-19.9218512993
31.7964836893
33.4894760365
17.4091331072
27.5444483266
18.6391570777
-14.5714225320
-47.7839943523
7.3780164266
8.3510179673
17.6804567624
-4.0193926091
-12.8452563224
-2.4317229765
-29.7128022600
6.5111759890
-63.8353316452
17.2094472074
-38.7222268264
10.3776877868
1.6351198178
3.7294346707
8.8462447383
-61.1418689690
28.0299891599
37.5903903738
37.1973900903
39.8328640247
20.2043918111
-53.9425384090
9.5614032484
-2.4348535931
21.1693296426
-36.5969556311
-6.4606888686
30.4504265010
-9.4599511142
-8.9683162513
37.3900463330
-10.5251315236
0.5732704318
8.2825226869
7.0161776357
-2.8751759911
-42.4508136218
5.5901047355
79.6294591457
61.9163135293
-2.8986994910
-35.3576251916
-27.1677580808
-15.2757697426
-64.7327679299
-44.9044615865
13.2075848650
27.4433151832
14.3568448587
11.9054630334
-15.7939804564
-31.2698890895
-23.6527718270
5.2005327142
16.1421144992
2.5015380964
-9.3485746884
15.2186193895
11.7737862198
6.2457317266
-5.7618546263
30.2765005946
-17.8507717873
24.3037491410
4.0757354054
1.2517663393
5.4012348786
-34.8204481593
20.2157829861
-32.7170806070
-21.6273933868
-25.3104996765
35.0693309861
46.7411492315
-26.6090272282
-12.8001659579
-26.1719706323
55.7216796305
-9.7563398607
-10.8959838811
-30.2350649877
-34.0441157425
0.0609936592
31.1904295363
23.0077308259
27.7685162742
0.0472260616
29.4425446747
-17.9351146279
5.2747686441
-22.2358796968
-58.6452924255
-74.7208327043
30.0543062736
6.0916484740
-25.2126572379
-7.7496431374
5.1597422041
21.6909093268
-66.2123969034
41.3244249162
53.0551770174
46.5334648436
-12.6195187127
70.3214828614
-22.6311484914
20.7060138150
-20.6946665159
29.3693238235
-31.0469334595
-103.0364277713
22.6563357243
-31.8794900887
52.3488755432
-16.3100732608
31.7869234505
-4.3931668753
-7.6824036611
28.5355777972
-2.6141359369
8.9722496812
5.0430117126
31.9193449714
-6.9433243948
63.9259606215
10.7770655156
35.7173674180
-7.0336557254
-10.4559982615
-2.8668170079
-61.3484113933
1.0150276957
-42.9072420932
-34.1349178513
-75.4512339965
-46.5765191215
-10.1986912303
7.7951627758
-5.3486298486
-9.3943777425
-10.2952245019
19.4963044625
52.2017579123
59.9546490643
48.7310698821
29.0073569620
6.0191758876
-21.4931444871
-8.6029507735
-5.4163626342
2.9132675304
-13.1695217859
5.8073576629
2.9712633871
25.4894820029
22.9663497676
-14.0610763063
-8.0184030073
-2.0812528298
39.3720455752
-30.6789591347
3.0251194778
-15.7124433123
4.1518497051
21.0259723091
2.3105716751
15.8315644563
40.4212017343
-17.4259388259
-11.2136264305
-65.4947528736
-28.5938025209
-1.2705618968
-8.2761606575
33.4170307244
-9.6404264127
-64.0124676194
-53.3045294367
-12.9892302926
12.8042428744
2.3371463403
-5.9687290857
-7.1051357641
35.9832753437
33.8678134135
51.1107178990
28.4350233435
23.3476375135
6.4570068367
-24.3183978175
-1.3388496552
-1.4135148590
6.8567154147
-15.4668168010
1.1117637459
6.5299762899
12.8907273414
25.0362802011
-16.2742431177
-0.9635456559
-6.5038142969
35.3278819630
-21.3549313257
-36.8580300747
-4.7037465642
-4.0324356587
20.3902555646
-15.0236507596
71.7287388591
13.5133571601
-17.4234900671
-22.9950530148
5.8040052944
-19.4693728596
-47.0848992252
-20.3346669623
35.0474107413
-17.8802387152
-68.2816075323
24.0699134328
-4.7772259284
7.2758753196
4.2464808901
15.5892428800
5.5375471391
-48.8490146733
14.7736176684
36.3782547935
14.4921977750
-5.3944767787
-46.8884305082
-11.3158173428
-31.2686463297
68.9419257048
24.7398523219
11.1571033866
-14.6971049265
-8.9718429382
17.4423733767
28.1879773822
2.6492652489
-60.6064564661
-55.8377294501
14.9958511221
-14.9950269636
21.0262829990
-2.5119201220
74.5040968029
17.0129535878
-12.0134289845
2.7555876263
-42.0082227126
-14.4629834309
13.8901683616
11.9161948817
-11.5282474607
-15.1901177350
31.4360833219
24.4596941618
37.2358824433
-21.8673219388
22.6849867945
-23.5744269629
17.0835715211
8.3514579138
4.4848275321
11.0975149473
-16.0322500189
-17.4712260397
6.0939490028
-18.2116144729
7.4587471999
26.3731435750
20.0045885131
6.5227118365
-12.6351053882
-35.6822357344
-0.8040110987
7.2348725441
19.4979504078
-15.4470785011
-29.9122616644
4.1730726762
10.3839359756
-84.2760790736
21.3693084448
-4.0498129520
3.7759266975
-6.7491004722
-9.3294020340
71.8285047294
-17.7176838245
22.0484470774
-3.9850483229
-7.1132836679
-5.5232304978
2.4222694634
2.7928929539
-11.9353616070
6.7660674650
2.6319116723
9.4175941100
-56.3842331107
-57.5291505598
-15.9292823817
13.8359328022
11.5516891376
12.2442301293
33.6303608945
32.0908648094
-17.1064487384
-5.6169165686
37.2712916134
22.2339953977
-2.1551496096
2.4083654942
10.3648249848
2.9357036154
7.3389951891
-30.1026244934
5.4476842152
-25.2710930411
32.7660012334
22.8546413068
-9.3316634301
-37.2884791724
9.5800327883
13.6429848430
5.8342702924
-33.0966832749
-4.0213409435
-39.4627255426
-2.3507076018
-78.9604048930
7.0572551191
12.2464523927
24.3002509143
55.2854732816
-17.8319228670
49.6463957429
-15.3140818480
16.9048050174
-3.1371836905
-41.5646036804
-93.2127618681
26.3791415516
3.8432610410
18.0506035453
16.6765641003
15.4124745161
39.9162759813
27.0963622367
17.8485044620
27.0865079098
-76.8621411942
19.5309499518
17.1784220863
-40.1355341635
-22.1832675518
-34.4853737680
-25.8075443395
5.5479943859
19.6164181543
65.4539754077
1.7831398726
-6.2205326354
-1.2936312201
-3.7507252346
10.7149962999
-24.2111445560
0.5165932287
-3.5704847324
23.8016350137
-55.2692569253
-49.5339757783
-24.7391348889
20.4887075247
31.5941225354
7.4022751470
56.4619162762
17.7145899691
37.1330428768
-18.6656866810
5.1511923007
-10.8938671575
13.7181884179
-36.9472384152
-57.2577616835
-30.4356900725
19.7610704247
21.9629848042
24.6964482213
28.2386032459
20.7373591128
-17.8294835950
-6.7022906403
-2.5239255620
3.4466036282
-10.9334125360
25.4529439135
-3.7795411366
-5.1570195164
-9.7362861274
-1.1078824930
14.8096245016
-13.8093107035
45.7344781473
-18.5790077363
43.5899904215
5.0014077165
4.1509377945
-1.7645672530
-41.7785635313
10.7871451521
-21.5176771365
-37.4481299419
-50.3508283339
-14.5971647378
20.0400380018
9.6165210724
-1.7893999198
43.7740611856
45.8413211083
12.1256959758
-24.0319333625
-4.5354261215
-0.8728787327
-25.0479856236
-21.6795264526
-44.5513873360
-9.2299243227
-13.3581402449
2.1572947934
33.8092661414
33.1072550348
26.6449107341
-21.9101769957
-6.5451230189
-0.1701691666
57.3586647740
-20.8245313667
42.4148008594
-1.4505260984
4.0860462806
1.5907409571
-47.6699723184
12.3498813215
-23.3178575240
-9.3519128269
24.1665712176
9.3490371659
12.9055242478
-12.9683950910
-2.6940567818
3.7754381316
-29.5823397461
1.9239962705
-7.4783514999
-9.2127035602
-79.6340163273
-13.9638611769
20.6583039308
47.5845705230
44.2351013871
2.7772374996
26.8547462350
-15.9812838193
17.0254653813
-8.1526115884
-82.4636205031
-18.1459960393
89.5282408718
53.3247669751
-26.4419341295
-12.8236835286
0.0933184605
-1.0434249963
-10.7323285313
25.3410765502
24.7539495829
-75.8096243658
-31.9091752111
-17.1118585386
19.7596652048
3.6923890420
28.8534124526
-4.0444802314
31.1819839868
-5.0665577435
-6.0934545076
-12.4033472709
38.4203073241
-4.7099876379
14.2985418695
-5.2410326936
-2.8690285987
1.1887745404
-25.6751797389
11.5862622908
19.0544203136
-40.4324257060
-30.0276818032
-21.9090943242
34.8057710228
18.9773466696
18.2281759085
5.8004691208
30.5840291182
-17.7182091515
6.5245000826
-23.3252749506
-21.2648063312
-12.4158140025
75.2308800985
-24.4896259388
-14.9169334976
-31.1127949902
16.9695388147
-19.2245491617
-6.5030019968
28.9988201028
15.4636328217
-56.9354552270
-35.9665372180
4.4960384596
29.2194929916
0.4368146846
12.1441725424
-5.7622542542
42.4090530949
-11.0083374387
-14.7906854576
-10.5956664481
28.4498688693
24.1750736874
4.1794406348
-6.6140701042
-9.6485612722
2.8228413326
-8.0615106480
-5.7035658672
14.8648514229
23.3012545839
12.2096961088
-17.8975519732
-7.3751668540
-5.0370433820
-20.7306852076
-24.1985853289
-10.0461804009
20.2635130295
19.9599973871
4.7043999618
26.4774274942
-37.0122236104
-84.1642223828
17.1946135400
29.1375680779
16.1989719499
-45.7023810272
8.6803220633
25.5016250003
-7.4704988702
-14.2822662212
46.3779502826
21.6041473734
-21.6131514534
-9.4214006550
-1.0676955752
13.2778434889
-1.4386487291
-18.9659946273
4.6062326032
7.7567403873
42.6590636551
-8.0517583032
-2.8672735561
-1.7114179227
-0.7752236569
13.3841990698
-38.3400722318
12.1479767158
-5.5948267487
-10.6036163167
-10.2955506078
-61.9758213315
-4.7545633480
21.2985683701
38.2195897439
38.2275419841
-11.0474511716
24.7487982957
-17.5465529420
13.9291125195
-6.7256825120
-44.9553032729
-72.2793550113
51.9731790310
5.7450453501
2.5602276693
10.0184969758
20.0125490543
29.5765137162
19.0356081544
24.8854983258
31.2655251999
-75.9067529289
11.9768138156
-21.2154386433
-15.1769098537
-5.8610180901
1.8301785715
-0.1149256436
-11.4268131141
21.4517314112
12.1378816634
-4.1573223548
4.7896902883
-14.2606471797
6.9535249870
20.2853810974
-6.3380540818
-4.1323960067
-22.7012505845
22.7862159909
41.0866344330
12.6028244630
-16.9493178780
-16.0989950001
-4.3491449523
5.3020061936
-27.5292802525
-2.5697641912
34.8649337456
3.5010609396
-1.2471202198
-27.3717130031
-19.9895070053
-85.5396172425
62.9719503017
-30.9293823671
12.1631317457
8.2739312791
19.6162711102
22.9412834904
22.2388170214
21.8561584450
42.5798709158
-85.3130815627
40.7798233423
-4.9210919871
-21.9976053910
-3.3954156766
15.1279726256
12.9726783436
-33.3140168394
-5.1269525537
-0.0313369969
33.9976415032
-17.3332879931
18.4326775029
8.2568706050
10.0387475584
50.0120588664
-22.2774670911
-10.2777831732
-77.5571167145
-24.4788620729
17.7441209323
-1.9938742398
12.4555028677
-12.0023805171
59.3950383188
-2.3551450135
5.2419232592
-29.6416091945
-0.2224729933
9.3640629393
-17.7625287202
-65.2670467702
-69.7521802489
17.3204406070
11.0311707799
5.8768454911
8.3358795392
18.5430103898
30.5551800127
13.5445245820
27.3629543919
32.0664720891
-35.8510257696
-4.8688533816
14.8950452705
-38.7917964775
-10.7808815474
1.7404520191
10.5921765222
10.7627370159
-20.2349271804
27.6421567653
11.3170387576
0.9176904249
-4.1855156910
-51.9972598755
4.7940861956
-30.7384930253
49.8633865998
10.7649047307
17.4912204810
7.9191351896
-16.0000556599
-14.7183373843
11.4676131109
-12.8110128326
-29.8465993548
1.0583891061
5.7707982285
-0.2965049588
-16.4113937668
11.4167026457
59.5018729789
-16.9591781342
-79.4493265549
-81.5366153082
-39.8893929979
28.7243717604
17.2675723207
6.0291120375
-8.8999703867
30.2769844171
52.2706279180
42.7705847533
41.7693661595
23.3061497297
8.3720452749
-32.4333198663
12.4144147118
-7.8406444673
21.9139266205
-31.2359740773
6.9279025510
5.5310226497
8.8885282205
53.7321123601
-14.6129992538
12.8222984680
-25.8395382916
16.0979834789
-22.1349173143
-27.4338320241
-2.1107909081
26.7264549934
-5.3973951300
30.2481258249
-15.7687955953
7.8164023486
-35.3407340925
-35.8055025737
-2.1606139584
2.9504578315
19.3361746138
8.6779005788
-0.0209810598
-20.3926711199
-32.5714097004
-15.0295835150
4.7354891183
-8.4320641739
-5.0343823579
23.2335277275
22.0906890552
17.7047807040
-20.6378636139
-2.7218765785
12.8370265957
31.0104167153
15.2393573522
-18.9954330950
6.5367189738
-5.7665268343
5.9339531539
-24.6894126350
-1.2514995254
3.8830305432
11.6185918355
50.3635583218
15.3384970992
-10.4317751162
3.7326008624
-41.3273159931
-7.3240796988
-75.8331751400
45.5248643985
-12.4014843170
7.7475181128
6.1566822886
12.0713453900
-4.3398278107
-33.2328093586
21.2442165984
10.0689010874
15.6283566129
-14.5730198579
21.6737525996
-9.3876670763
62.9916150796
-14.9343036759
29.6723022806
17.1728438969
11.8634546661
-27.5186207404
-53.4522625183
20.9881902740
26.2238772028
-12.7690222528
-19.2704399679
-27.2933408648
-53.3317634286
-36.1216960271
31.9322611362
-7.6577844454
53.2412411779
-10.1932339965
46.9539469596
-19.4257090601
-22.8467697036
-35.8157600861
13.5976561247
-36.7189002592
-19.3823227472
22.1870314067
24.9872540350
55.8622371968
-34.3480748889
13.1606872810
-29.5517984475
-4.7085954622
30.6386856506
25.9606587612
-5.6764789194
-34.6150405835
15.3868781686
33.8536236570
3.1777216168
-12.3674661367
-21.2459004906
-0.6068842407
-5.6458190368
-15.4914621051
25.3808768843
-8.2495765057
12.3607708864
21.0230836038
20.2150916417
12.1326117923
-27.0901555523
0.3930868498
3.0782723656
-9.2866110125
-35.1499574055
28.8428478077
9.4219615572
0.0759921583
-31.7860423717
2.0289217288
19.5787001545
-2.5320295897
-13.0238983129
3.9840628902
-20.9910256164
-0.5105241017
-5.8595678083
-19.8434862760
15.9305998495
0.8247478755
39.4249209766
-15.9377243737
7.7458437073
-40.0797997029
-11.5286281152
-5.0690954402
38.4766418195
8.4059804464
-3.8908843588
-0.1514779631
-25.0822172550
11.0473740921
-3.4407443948
20.2683370250
-62.9011082447
-43.6309279757
-21.0002360325
-1.3404659546
-1.9849733279
10.3900193327
30.0157593719
5.0636050029
-22.2100438097
42.3509030790
32.1730731388
35.3263771326
20.7324117900
-0.1381099934
-6.0606387687
-25.5305523712
-3.3195314297
21.2233541226
-10.6297806813
5.9121491214
-33.9435873773
23.1403017625
17.2818047674
1.4854099415
-6.5798894639
-46.7281417570
-7.4452132126
1.2079045046
11.9531017672
-11.7576801465
-4.3323700655
22.8522376099
33.1112287833
-16.2290483993
-19.5827711418
21.2503817784
2.7718454870
-2.1951183329
-4.9138488789
7.3240891855
22.3436025507
-15.4555240506
-51.7115970481
-48.5098574363
49.0463454957
-30.9456959623
4.0434248341
2.6899691927
42.1432447797
31.5892238320
33.6281493037
32.0076947641
12.2660258609
-92.5973514407
20.8924835326
-20.5080533117
-9.6163408248
-2.9645539067
-3.7508450044
6.3759155682
-13.6330403922
22.4267453217
3.0882476482
23.3693300771
-8.4939495845
-4.1087610379
6.2381257515
-15.0447005981
-11.3886682120
-25.5630870661
21.2377573302
13.1256314911
-40.0167675855
33.9407188313
11.9941187727
21.5462878882
4.2540892369
9.5376117488
42.2186143722
-33.9557303746
-12.0029497201
-23.5810368328
0.5051498767
0.2280832004
-66.7604718015
-4.2701253456
96.9855176305
31.5715180612
-5.4241452994
1.2866703417
-1.4375269248
-4.4042378737
-12.2643324820
47.4825361415
10.2373211407
-93.2607812563
-13.9062768065
38.5922754094
36.2100683507
-2.6729014035
-26.6717522132
-3.6665685708
15.4838110681
-12.4253113918
-24.3682422128
-12.5150047407
-1.9320006877
21.9528944952
23.1722957146
-18.3771813961
22.8822642541
-19.2059848430
20.8710660838
-38.1026837481
7.1470397776
-0.3094697430
-15.7801013899
-9.1980145652
-2.9003608523
18.9448013022
1.1483670565
20.9192218436
13.8382024992
-0.3093855484
-13.9053008606
-24.6577068420
-17.8610696182
-18.1936027554
-19.0518055373
-19.4469450755
3.1784153329
0.2127609671
31.1744906664
14.6543554094
12.2024221688
-0.4513115735
-10.3940701607
3.0710375583
5.6032485815
10.8220100218
7.5900824917
15.5762496356
3.5617605105
3.3368280859
-23.3247543670
10.6014497878
-0.2199613851
-6.5326942342
-20.3591770807
-11.7510797634
27.9463850973
-10.6412394493
67.9462449819
7.1524898963
10.7483871710
-25.0358722722
-32.3819208352
1.4063073260
-39.9179420860
15.0991792546
27.9838540707
-9.6574337240
-17.4522158453
-1.2335554008
10.1532605299
14.8988696031
-22.1348935975
1.1214591704
19.6511466524
-20.9747558973
-63.9722664715
31.6102404671
14.0380093546
15.6733959863
-48.5592239383
8.5804933434
8.7193658317
-4.2538437681
-16.1503987745
29.8321356694
27.7509528041
43.0738810153
15.6091021356
7.2887962277
-40.4461470559
2.8355274445
-31.4460752063
-6.6272044635
-6.2584142810
-28.1471275801
13.4628012610
13.8909865909
12.6260052552
-1.7487932148
0.1587293721
9.3049583226
-8.4753556198
-9.4886152287
-34.9533131842
-14.8667084477
25.6288549155
-25.8335592884
8.3657947144
19.5435376391
50.0706262978
-21.4263081963
-40.6507494466
14.8904157527
43.1946919808
-11.5215901572
55.2867421300
-7.2513225109
-50.8865242525
-57.4705819425
10.0302000267
19.5535544261
-3.7346239047
-6.9260170661
32.8548384061
-0.0027392894
-4.4734233128
-7.4929563003
21.0259130171
34.3961215514
16.1421714195
-26.0846750511
-4.4049019439
-5.2903802222
8.2430709897
-26.4767029462
-5.1383140827
-14.7737955443
14.8862427832
33.2852993621
-13.7422574040
10.3107673014
-7.5005693904
31.0089486459
-23.8864770928
-18.8976961962
-8.7696312001
-14.2230619939
22.6035362166
8.2661177821
16.6731465107
-10.8245975238
1.8918505309
11.9042985390
8.1203164331
-1.1443387594
-10.5588710315
-26.5286794811
25.5142233601
12.4136462878
-12.9787759308
9.3475809549
-1.5192549892
-1.9778476178
-27.6038090847
-20.0492164002
-1.6306634326
-23.7755702596
8.0498087829
21.0106014563
62.1469403556
2.7070891588
-30.9879379400
-25.3297031627
5.8022881987
-13.9375853433
-37.1271456965
-7.5996142703
44.6328474006
46.7487196314
11.3633232625
17.6508582063
14.6263850111
-25.0959172598
-7.6976500007
-45.7522728561
2.4232003474
-11.2420545630
5.1835882524
18.8762135263
-4.6177909817
21.9294409598
-26.5372222695
32.2359653271
-35.4393805302
-12.8372744361
-25.1139467648
9.5310042506
32.0029324323
-5.3460174440
