# Temp(K) D_O(cm2/s) D_O_Err D_H(cm2/s) D_H_Err
400    4.995598e-10 2.076241e-10 5.377564e-10 1.909877e-10
500    1.092564e-09 1.757672e-10 1.222133e-09 1.863821e-10
600    5.300530e-10 1.926931e-10 7.041236e-10 2.062729e-10
700    1.311704e-09 5.589310e-10 1.125818e-09 6.024300e-10
800    1.032653e-09 4.844218e-10 1.095883e-09 3.323739e-10
900    1.528495e-09 5.550912e-10 1.690303e-09 6.658059e-10
1000   2.113920e-09 6.855890e-10 2.477956e-09 9.094413e-10
1100   1.738187e-09 2.015278e-10 2.245255e-09 2.657368e-10
1200   3.080638e-09 9.222281e-10 2.756351e-09 1.102746e-09
1300   1.519878e-09 2.028500e-10 5.732417e-09 4.826710e-09
1400   2.668115e-09 1.160986e-09 1.608635e-07 1.027948e-07
1500   3.425439e-09 1.035118e-09 3.730149e-07 9.239744e-08
1600   1.951886e-09 5.658299e-10 1.099412e-06 2.429541e-07
1700   3.563266e-09 8.530957e-10 2.956188e-06 3.211192e-07
1800   3.001641e-09 4.366534e-10 5.843878e-06 2.833660e-07
1900   3.757411e-09 1.165380e-09 1.262257e-05 6.076488e-07
2000   4.460059e-09 8.000392e-10 3.530330e-05 7.801821e-07
2100   8.581606e-09 4.102803e-09 1.000309e-04 4.744566e-06
2200   1.394199e-08 1.721599e-09 3.247109e-04 8.686419e-06
2300   1.328706e-08 2.444315e-09 3.885253e-04 7.544183e-06
2400   1.184825e-08 1.046647e-09 4.059762e-04 7.297739e-06
2500   8.154458e-09 2.356097e-09 4.510545e-04 1.510275e-05
2600   5.812992e-09 2.718056e-09 4.822767e-04 1.283888e-05
2700   1.213049e-08 6.176405e-09 4.954330e-04 1.226428e-05
2800   1.278585e-08 3.196522e-09 5.618852e-04 1.910606e-05
2900   1.390584e-08 4.459825e-09 5.997668e-04 9.921898e-06
3000   4.423099e-09 2.116209e-09 6.413563e-04 1.183048e-05
3100   3.059636e-08 1.760750e-08 6.779385e-04 1.442632e-05
3200   8.860490e-09 2.098968e-09 6.620076e-04 8.302687e-06
3300   2.925559e-07 1.937938e-07 7.151560e-04 6.244658e-06
3400   1.013923e-07 4.606640e-08 7.401927e-04 2.710757e-05
3500   1.356947e-06 6.157419e-07 8.029185e-04 1.732712e-05
3600   3.440573e-05 2.015949e-05 8.482103e-04 7.713140e-06
3700   8.859803e-05 5.927830e-06 8.971875e-04 2.128385e-05
3800   9.673132e-05 2.362145e-06 9.016891e-04 2.127823e-05
3900   1.033980e-04 2.419836e-06 9.392153e-04 1.750115e-05
4000   1.134684e-04 1.343433e-06 1.024926e-03 1.326137e-05
4100   1.191955e-04 4.497286e-06 1.091879e-03 5.716378e-05
4200   1.253363e-04 4.043807e-06 1.071150e-03 3.242582e-05
4300   1.365596e-04 2.707101e-06 1.144174e-03 3.410900e-05
4400   1.408526e-04 5.295297e-06 1.168754e-03 7.259838e-05
4500   1.558982e-04 1.841749e-06 1.297543e-03 5.508432e-05
