0.7837641937
0.5566081237
0.8044313334
3.8287711185
5.4163528247
28.7745027625
5.4498277419
30.4775538618
4.6212087602
13.7717038030
14.8762737840
44.4414760225
30.9840727392
19.2524150838
12.2236086267
21.9248030467
19.5579929905
11.9623174598
13.6247875779
40.2382835460
22.3691428581
2.5429921389
7.4138880606
12.2101197305
11.7356161507
4.3896560376
34.8556629573
3.0670479449
3.5112878696
42.2330977757
5.8063656474
5.7442686262
8.7289965795
13.4600794760
17.7386794089
14.2694971871
4.6629255910
31.5303108874
8.5126984462
11.5564620753
4.6560671742
20.4673075304
5.9048802201
28.8701710179
12.9942839718
173.4536844174
10.0205595872
28.5546019190
19.6191233458
29.5459216672
13.5204639794
17.7299898278
22.8232596961
25.6670094392
12.7578140693
16.9766729757
23.5211416916
37.3473189846
38.9815113872
28.1259378009
25.9101018675
25.1046829638
30.9851361764
20.4096490859
25.6941309657
22.4725360765
29.9397083233
24.1168797092
36.7166056589
29.7643300367
41.1817850575
14.5746335742
31.2121757376
26.8525610515
25.0175028510
18.8458677629
31.5015869550
0.0000000000
4.6627314765
1.8398062267
0.4061176705
7.5563532218
6.5823711221
1.1663044765
3.8895405024
6.2593993891
8.4127703956
6.8109365030
3.1717965954
2.5337109303
1.6842690418
11.2058770311
2.7511837425
12.4844975808
8.7001241786
6.0370310877
6.2535069694
6.2937474063
11.2222320559
4.7182188927
