-1.2212744971
-2.5037291280
-5.3376332026
0.8986582355
-0.3303397165
2.6124494505
-3.1419816478
2.4193080391
4.4425382945
2.6816371036
-1.9173381960
-0.7349541299
-1.5080860298
1.4898834100
-0.1671854320
0.5977264042
0.0201180796
-0.0512194738
-1.4846000794
4.0261365559
-4.8908565900
0.2892414825
-1.1984993627
3.0650935958
3.5526597907
-3.7852513679
0.3671008932
-2.3701059758
0.3105528578
4.0390582594
2.7458900900
-1.8951140889
-1.7733557892
-1.9194672334
4.3445572921
-2.7286781053
6.6068200741
5.4553862379
-1.5442818679
-3.2155595956
-2.4547102531
-0.1655356273
-2.5115581240
-3.9809603615
2.8674597244
2.3485366060
2.7506316823
-2.9356137092
-2.2375698702
-3.0002164227
0.3464798446
1.0251039950
2.4913461396
4.4024862138
2.1851744469
-1.7978340834
5.7917932675
-0.4551389391
2.3943252055
-2.3743412184
-3.1054750134
-2.8680120845
-2.5418174024
-3.0375262144
-2.2063888203
-1.9096099469
0.7354926974
-0.3500234852
2.1998158147
1.3227446872
1.7736374230
1.3347149979
-3.1805974091
-5.2789454481
-2.6303334058
3.9813396499
4.9801786357
-0.5236610717
2.1101949227
1.2218090729
1.1581870577
-5.8125614839
3.0786300936
4.4992734754
0.5303840885
-1.2126132344
-5.8751340574
3.5898978388
-1.9765246763
-0.9422398598
4.2206776111
-4.7774417118
-6.6880730519
-2.5466150709
1.0801699843
2.0644334748
-4.8041954917
1.7526924683
5.6827344461
3.2315432533
-1.8949886003
0.3534408001
-1.4505635548
1.6552933966
0.2589148305
-1.6020318952
1.2468722586
-1.7098871220
-5.2825365450
0.2764093715
-2.9335314663
3.0123863662
1.0435552536
0.9976821373
2.9500167094
-1.1231829125
2.8523828928
-3.2277221459
-0.7452478603
2.4160447709
-1.8072845726
3.1460984560
-1.7938843442
3.3383223828
-0.2154094513
-1.7400841276
2.3229747544
8.2995462513
-0.0083468737
-3.3709003116
-3.6612289860
-0.4963104825
5.0159285105
-6.0831379228
0.7444841134
0.2112722091
-1.2729859123
-5.3397912640
-0.8746961724
2.8001942580
2.4156279654
0.4969268587
-5.1608702270
3.7569478247
-3.1641320949
3.0013330005
3.4392269922
3.1858603335
2.1891817774
-2.5467031853
1.1825110237
-2.0464506543
-2.1545668297
0.1433872026
-0.2875003397
-0.5585649242
-0.3416450693
-0.0114987548
-0.1042053763
0.0638090870
-0.1338579962
0.5610357512
-1.0672189270
4.8712615329
1.1821350399
1.8744548451
-5.0529889878
0.3165873858
0.2498852793
0.1671196010
-1.3771173680
0.0768474031
-7.0231010954
0.0889003444
0.5138827330
3.1657494442
0.2072553246
-2.5511447068
4.7944143511
0.1132323170
1.0706371021
-3.2587483051
-5.9044711168
-1.7645742565
1.3643003709
1.8359853292
1.7611916500
5.1321531228
2.5203270242
1.4286515998
-1.3807805383
2.8561749762
-1.1136946731
-1.3040133744
-2.4734994502
-3.5627434788
1.6801336284
-3.0000649333
0.3884487664
-1.7071293549
-6.4895992531
-2.3707481129
3.2670823779
5.5724683128
-1.6539173207
-0.2030868907
5.1136420774
-4.1671151926
-1.4437466862
5.6782892350
3.5597017395
-1.8431191880
-3.0662026537
2.6462213277
0.2393260551
-2.9020575658
-0.4781587528
6.6160365749
3.8163299437
4.1840050630
-4.0792759678
-3.6631087527
0.0720945366
-3.0791318265
0.1057868318
5.1400356308
4.3758914595
1.5554728243
-3.4669917096
-0.6733367888
-0.7060273499
-4.9590389046
-4.2037417188
0.7370033501
-2.3773649497
2.1755863046
5.2062393412
-0.4886510046
-0.7224804328
-3.1505047894
-0.7441620498
-4.8949203197
-2.9407766938
15.1470098088
-0.3543842463
-11.8165355923
-16.6261640337
1.9284653070
9.0895235908
0.8874777393
2.1380873587
4.7900964065
-14.7278396330
39.0546020819
-8.5274626852
24.8090929540
-7.2608046057
-1.8719895826
-2.5491025892
-5.8576153144
3.0063292297
-6.3226335559
-14.3960823016
2.4894798126
-0.2615912354
-7.4637774159
1.2983208228
6.5399235326
-3.8454893677
0.8408313198
-11.9443735287
2.5121941893
5.7830768417
-4.3769242676
2.4933333892
1.8569547396
0.8024514817
0.1252606135
1.6959466426
10.6050474036
-13.1985874909
2.1315020203
-0.0393534637
-0.5459998451
-3.1165466176
10.4670834123
9.9123029385
-4.3580477703
-0.7146218201
-1.3433601021
-3.8877886180
1.3840123196
2.4762312673
-1.3596931663
-0.2460829178
0.3377994716
3.1058727409
-1.2308106885
-2.0744226399
4.1150498234
1.9251403150
0.2438684457
0.4950256272
0.2101990911
1.6184176228
-2.8541614790
-9.4144089412
-3.1994319893
-5.5139516838
1.4789224964
-1.6688531278
2.8478723788
1.0937191078
2.3112472574
-0.9411114772
23.3314658146
24.0911355063
17.6691632560
6.5814811049
-2.3190516825
-0.1288280733
3.4397146328
2.8217692084
5.5401806794
-32.2568151206
-38.0672720159
-19.6548556969
8.4255627065
0.5897398516
-11.7542892171
-4.5605282147
13.5841479929
-1.2456597189
-2.4820586815
-2.4939688019
2.3227075403
-0.1795777115
2.8622654006
-0.9231824985
0.5690313736
2.0199462835
2.7023623351
4.6300207028
6.0960455479
-9.0569782765
-3.2486452047
-6.0896366988
13.5267548968
-2.2510750840
-2.9267950698
-0.1284446894
1.5186349459
1.0367652137
-5.4226893421
-1.4517681871
-0.7818129071
2.5649280054
-2.0654430771
-0.4232778267
3.9888308020
-2.0726925500
2.4395552877
-2.0902688430
1.7921011897
2.4165098584
0.8489659764
1.4903623176
-2.3059003466
1.6507104724
-8.4748152101
-2.5293103966
4.3523593696
1.6656838407
1.7426881085
-2.0693363340
0.7230720189
-1.4999433019
-1.5755877977
-0.7668089790
-5.4711291343
0.7633854032
0.2166595889
3.0671416930
-1.2411091487
0.5202289242
2.4335391644
2.6115612943
14.9093025811
6.3488041207
2.5375087212
-5.6073470432
0.3903172773
-0.6615629655
-0.4562435001
-4.5230513608
-0.7231074306
4.7946989183
-5.6645328157
-12.0850229461
-2.7963529057
-1.8600517758
1.6048889125
-5.9378491889
5.0153636217
6.0766153137
-9.3449175392
13.4920165383
3.1627435686
5.7243067703
-7.4553902854
-2.4396941307
1.5737418746
-2.1816187917
3.5119753483
0.6794633284
-1.0762522740
4.7913894898
-0.0455487444
1.6484680256
-3.0648088350
0.7442342086
-2.7487641100
-2.1330367159
7.2349807977
1.9404911429
-12.3884825593
2.7326701721
5.9828717516
-1.3686059135
-0.0016511006
-2.5446702274
19.0890974776
2.8399535342
2.4775160834
-2.0645553083
-1.7597570418
-0.9397367595
-2.6833333061
-1.6070886559
-2.7302574184
0.1043895378
-0.6626298802
-3.9937979356
-12.1820114709
-2.4399345761
-0.8847324549
1.1317549332
-5.6678231477
-0.9861432825
6.5331778819
-11.1215955485
8.6593139272
-2.2890210033
28.1691236510
-14.3185618902
-2.6889814384
1.2081574730
-1.3457488266
3.8657221343
-0.3700776548
-0.8319426893
5.3985554664
-0.0137920617
1.8191262538
-3.1256336680
2.3698524620
-3.1959835934
-2.1864131465
5.1482463596
12.0546348308
10.1721158044
-30.8516006243
9.7230524687
6.1236108054
6.7322381496
-13.1126234738
-13.2331516247
3.0976031824
3.1874551064
-0.7139647421
-1.5367484897
-1.0843993027
-3.4505514138
-1.6459251320
-2.6965699383
0.1903500682
6.8379306937
4.0058481695
-3.1277753172
-3.0193534650
-2.2121028158
0.4591480361
-5.0040589975
-0.6514982240
4.6059900393
-8.4906495623
-5.4649932737
-7.4169445587
2.3771967737
2.2025630639
1.0379669911
1.9514606696
-0.3342708319
3.2912840400
135.0437247371
-61.6362774196
-44.8048571479
13.5937312532
-3.7507424111
-9.4876242434
6.4266489917
-4.3805447736
-4.1746826567
0.8462789337
-4.7574450783
0.3555856986
0.0157900667
2.7694497396
-1.1700263152
-2.7779121443
1.4988614486
3.1284736759
-116.0195830599
62.2127934791
54.6199002173
-30.5362629219
13.5202776571
4.4557826612
-0.2810316623
0.5163375790
2.7331749444
5.5132574275
4.3809244517
-1.1461217260
-1.2985887241
-1.0033642009
1.9618332879
-6.3640607762
-5.7735694298
-3.3837448730
6.2041761960
-16.5075296081
3.5834677279
-5.5251513340
0.5526141637
-1.1260658684
-4.6875337668
25.2562743622
3.2380649884
-6.4420812302
-2.6838766541
0.5784274814
2.8073991295
2.0016508312
1.4863774481
3.2793218881
4.4969957828
-3.1316343154
-1.7956279591
21.6485753070
19.3529889934
5.1083664306
-34.3606669722
-3.8964715761
-6.7888433728
0.2114045836
1.6138288666
-4.2900768885
3.7714854292
1.0995384923
3.0077136743
0.0060914437
-0.8565320061
5.0065615397
-0.3787663988
-2.3122374958
3.7981801949
3.6261175585
-9.4102979857
-1.0871807806
-8.1930802795
-3.6815512713
1.4047762767
0.5527104530
-6.5379034770
-21.8692967970
48.9474508516
-14.5341715601
-2.8079029633
8.8072673004
-3.0861967667
-5.3567571973
22.8708659003
14.3067382400
-0.5533975466
-2.8227274157
-3.8418187580
2.1201973892
1.4081353130
1.3500740491
-5.3092329088
1.7966222193
2.9927699227
25.6782849241
-70.6113071130
-7.6207845724
7.0994473928
-11.5668871725
3.8343762291
-0.0321751648
-3.7867819380
3.3271128373
-5.2527964772
-1.0590615211
1.3601358827
2.6870229499
-0.2437812907
-0.8824604559
3.2753841382
3.4425734397
0.2116630831
-0.9160192444
5.9407533490
10.1908038740
3.0625426680
-3.2318897796
-4.8801598350
-1.8253011698
0.1087678549
-2.7280821723
-2.5371572023
5.6011847713
2.1728354511
-0.0849345343
-1.3601853660
1.3953324589
1.5010221274
-3.8575166702
-1.9971420444
1.0457638522
-4.7165252684
-0.1357379543
3.6098157575
1.5017000406
0.2351518192
-0.9005194730
3.0942856920
-2.4009102072
6.9974669696
19.0495251186
17.5403763020
-4.2212102752
-3.5718360521
2.4469770252
6.6841667750
-5.8593396645
-8.0132390274
5.2348065542
-14.4638825468
-9.2236316994
-2.8497370593
-0.9899511163
-3.2298436379
-9.6535517133
3.6100324459
1.5585577168
2.4677003520
5.7183362538
4.0571247366
-0.6680226378
-1.5516568664
-1.3339280474
-6.6256094925
-2.2041707715
-3.0719228894
-1.2640998830
-1.9499480199
-5.7774703936
0.9967762498
-0.6790699639
2.4936704307
-2.6788763571
1.9237168058
4.6879507776
5.5501072675
-2.6448967436
-1.0302940504
-1.5633969636
0.3644380917
0.8106751428
0.4072023880
-0.1099158182
0.6273710175
-71.7072739831
-36.4581666575
39.5065052779
-2.5850662468
-2.4060567611
4.0369907545
-5.0828803190
-26.6589950239
13.2478416133
70.3793986077
61.6767573979
-50.2408995849
5.0541342115
-4.3628368303
-1.6138390640
-5.6951977198
11.7929735905
-6.0213692930
5.1206798084
2.0138385521
0.9148093866
-3.8153129067
-1.9158885155
-0.2799411544
6.8838058463
-0.5859500996
-1.3620008561
-1.3434481242
-1.4423573090
2.6765729335
-2.0810289773
-1.4995737151
4.3018434501
-3.7018912164
6.5032136609
14.0688092275
11.7218612165
-10.5206477287
-2.9506729088
-13.2721778430
13.8322967599
-1.2971247229
10.3676605792
-1.5196317612
-17.3588681367
1.3659874944
5.1774862810
-5.5683594974
0.3219322005
-1.3450189072
3.3655782577
-0.2805639552
-6.9058767899
2.4439597924
-12.7732556312
12.7782496765
0.5901423896
3.1963686815
-0.8334609911
-3.8815250526
9.7957629686
-13.5378223525
-0.6492121051
3.2946555774
3.5394673102
5.1033466843
-3.0687874713
-1.6306111411
-0.9779000176
-3.5430754950
-2.5957129951
0.1334097060
-4.6362659466
-5.3449077769
-4.7798056416
1.7827900738
-0.3377449426
2.8723432152
2.2379917583
5.8621598588
1.7485221896
0.6912314488
-1.5300463450
-3.5384000219
3.7849687701
5.9958522641
1.8497481685
0.7250599280
-0.9540998119
0.1158038287
-4.1169967885
0.8992827220
-1.9017219689
4.9073820069
-1.9611127172
1.6486426054
-0.4788655540
-4.8537640701
3.5934006945
-1.1073101552
1.6840865844
2.1352216498
2.8201707873
-1.4979933873
-1.8573921959
-1.1067475194
3.0575741185
-1.4731874673
-6.3692682330
1.6588727418
-21.4797005308
3.8743810287
-9.3506031057
2.4150012535
-3.0085216029
6.6724438717
18.6515242213
13.7600239584
9.2225646163
11.5740817659
-1.5854902344
5.2754752923
3.1661074546
-8.5838182088
0.7806190579
-11.0900430877
2.8118254402
5.4731301557
3.9365545209
-5.7936091980
0.4783572349
4.6370620451
-2.1180662349
-7.1216774957
-3.6538607189
1.7718267711
2.4834112265
-3.8133973131
0.7697316221
-1.2365985586
2.8807241216
2.0133497054
-4.6542395866
1.2761125859
-1.4983579976
1.5022786551
3.5293539017
2.6710143268
-1.9008246507
-1.8704033282
-1.8257085874
3.2617007747
-2.4268338512
6.8720580930
-5.5564483693
-8.7162306753
-0.8896555244
-6.1985957602
-0.5067362530
-8.3751239337
-1.8091525969
1.0775088317
-4.9072947042
9.6253136344
9.1095953556
-8.0885145983
-12.0654532002
-2.9447154284
-42.4507975291
9.3848740800
57.2324493194
9.5875254169
-0.7076313425
-2.3970347553
0.4273106599
4.5455292285
-5.0764768845
40.7389092704
-11.8933834612
-51.9003142288
-1.6482555065
-1.3178662260
-7.1518436325
0.5630843096
-3.4543589939
3.7815085465
-0.9507994301
2.9637035619
3.8225974386
-1.9924318768
-4.1469278184
-4.9663813877
3.3982044291
5.7265625462
1.3978076766
2.1934979602
1.2350984377
1.1443349463
-7.0935621288
1.8331335650
0.3628694510
6.2786270248
0.4066654669
-1.5548128153
3.9444967005
-2.1352594806
-0.8595836015
2.8062209477
1.9404626631
-3.8613993815
-2.0034311562
-3.0407067021
0.2070313167
1.5768497446
4.1270299578
5.1363041874
4.4166383014
-0.1985684070
7.1950042312
-0.6766394882
2.9309981406
-2.7994750848
-5.5941930553
-3.5838795824
-1.5081835367
-5.8717055697
-13.2665247042
22.1048513156
-4.2981780982
-12.3506324774
-6.9748193532
-0.1555273404
4.2104706829
2.8183487296
-15.8040218651
25.4707781865
-20.3212304626
-11.3156851982
42.0297252340
10.7069964045
6.8755953573
-1.2771714940
-6.4508849425
16.0333712170
-18.5369602591
6.0995968146
10.3282185677
-22.7897096753
-8.7074267347
3.6824876356
-5.6653115635
-3.6447135013
0.7956876131
3.7817857181
1.7449230515
1.3807260025
-3.6141265625
-0.7349350888
-0.1340304499
-1.8202596406
-1.7665831138
5.5381101904
-2.4392843908
10.0678534985
-3.3520526883
0.9450519460
-2.1978219028
-5.1886887631
-1.0143100744
1.0704423511
-2.1997758392
-6.9278681608
-0.2929820187
0.0415276651
2.0663612881
-0.9814050617
2.2631612578
3.9336819607
1.3205006376
0.8004357892
5.7963798675
-8.1619706780
1.6881007548
1.5632544771
1.5107652549
-0.7176070403
-2.7480745119
1.2818277622
-6.5916659481
-1.5103343294
9.0870004440
3.9247765422
1.3243280498
-7.8734329434
1.7512949092
0.6634143632
-4.0741821926
2.9618206359
-3.3589368360
-0.4937395404
-3.4799534439
-0.9009145140
-2.9012871498
-1.5702674802
4.0677423455
0.1362587745
-6.8074772963
-6.8680182355
-6.1897951495
5.8051162615
3.4547060667
5.5450675762
1.4021432510
3.7589132567
1.7748174151
8.9886713058
0.2141534793
-0.1132263605
-7.2529591306
-0.7518032361
-0.7102871358
-0.5613387991
-2.3910397462
0.5206187144
-4.5552002365
5.1634202462
10.6291774282
-0.6880800174
-4.7472479646
-8.3416856805
2.5394288116
1.9256660678
-0.5181079396
3.4435917820
-0.3345029363
-4.8704421893
-1.7705127119
0.4340961984
1.6933055458
1.5450170705
0.3337658082
3.8393256914
10.2768218713
1.7181146643
-13.0019257069
-0.8579752989
1.6339648735
20.3874971098
-10.0653469392
-6.9606253370
-4.2500648041
-13.0313727905
3.8629423351
-14.5248712596
8.7133282148
-4.2714425592
6.4468044409
3.4688953878
4.7206049054
2.6797262282
0.2595661572
2.7389172307
3.3106879667
-3.4913441485
1.0518753263
0.6987509907
0.5293941037
-1.2267907370
-6.5633781206
-2.2717032860
-0.0789405906
4.4829718404
4.0876255188
-3.1906693732
-3.1882784740
2.0929189957
0.8575537890
-1.0953587542
5.6155295874
2.3883093497
-2.4102976281
-1.8149532240
-0.0907861230
2.8280356448
-3.5113841497
-3.1530277517
4.1997005238
0.1353814820
-1.1005308085
-7.5401709344
-3.6323480896
0.9020302479
1.0275318718
-0.6663142985
3.8903561955
10.4649778990
0.3243284889
-2.0180871375
-1.0494459945
0.3440564278
4.0392276322
0.0089580266
-0.6662941160
0.1108280220
-0.1677746359
6.8425891942
-7.5124014135
-6.6560063224
-3.4066668961
-1.7835222070
-5.2835899439
-7.1928930219
8.2401869899
6.5606821950
0.0296099025
-4.5889858116
3.7075031022
-0.0356499950
0.4073932255
1.2469842937
1.8451282068
1.8875598731
-3.4312782589
18.3422665061
3.6108659210
4.7899159185
-2.1640385716
-5.6223129282
-0.2794157844
-10.0991552197
-0.4626077986
-3.3988714324
4.6722275426
-5.2633362407
-6.6821821081
-2.5768890388
1.0934010890
2.1147237699
-5.1093667187
2.0113179074
5.5148968849
-9.2660151138
1.9149262288
1.6292620460
-1.9217309029
2.0371708085
0.3004051514
0.4364287129
0.5926072854
-2.4994511404
1.3687533235
2.5532290874
-7.8239156955
2.6639285031
2.3279596792
0.9331164406
-2.2079904699
-0.2120552831
3.2920923399
35.3612038992
-8.3114238170
-1.5362744986
-13.2101023027
-10.9367082796
-0.6186602461
-13.3060596083
13.6152656586
5.6294102938
3.6591488554
8.0454293269
0.9221920157
-3.4406936084
-3.7468010453
-0.6654748416
2.8771569292
-5.7209824032
-0.5101404142
-0.8054630854
-2.0897685144
-7.8583634427
-3.8860757381
6.3990437264
4.6046866341
-2.4281478412
2.7969444526
-4.5923415526
-4.0752931022
39.7223024231
56.3098587459
-1.1611898615
4.2699585830
-1.6974696143
-0.6438167971
0.1907250465
2.6681080890
-0.1918723618
-6.1815577627
0.4295180801
-1.4726317335
3.6359363524
-1.2576064686
0.6535142209
2.6621656971
-0.8208213157
42.3424318201
-37.5948408160
-58.6961069000
-14.6077065392
2.0985048046
1.2134530257
19.5752596610
-7.6744550941
-12.1831838830
-10.8170529243
-16.7926180589
10.9314020822
-0.6907412599
0.2632169487
-0.7805335517
-21.7912144577
8.2944422118
11.7294000716
0.0047898280
2.9447801317
4.7549543962
0.5054435917
-0.1524811389
-4.6215108511
1.2603967741
-1.5219982415
-3.0741826133
5.0035206098
-4.7605155095
0.2939036566
-3.1145673884
2.8515172921
1.4804897535
-0.5802051360
-0.5286886332
-1.2608307414
1.0940514702
2.5022323901
-7.5790189131
-3.8204787876
-6.1277874050
6.7920584629
-0.3833914038
4.2269975203
1.0334287537
-7.0097796234
-2.6263104379
-2.8495254096
2.8087317386
6.8402671700
7.0643583963
4.7099681124
-1.2175622977
-0.4358093688
3.2618840184
0.2518453359
1.6168754809
-0.9931999969
0.3615500902
-1.7368118151
-2.7471638025
-3.0438462620
-1.4783791876
4.8956072612
-5.5545635800
6.7025167609
-1.4236348814
3.8400181005
1.7920681416
-2.5848257276
1.8861982584
-7.1889104652
-2.3666295406
2.8365625337
2.8031838412
3.7780054947
0.2845856617
0.5371051036
1.0482127371
-2.2134531747
-1.3253413487
-1.7913706430
2.0580088938
2.5726415511
0.4384922491
-2.6294928673
-3.6748261860
2.0742310022
2.4911400475
1.3224254831
-1.5423038379
-7.4444719600
5.0334056939
-1.6620406938
-2.5493833952
-1.2268575088
1.4569750305
6.8110465917
-8.1129615716
-1.2199129585
-3.0691349292
-4.5671661542
-2.2176221919
1.7012576598
3.5771889495
1.1168167024
1.5516821545
1.7555277096
-8.0380186515
15.6033036017
46.5465986325
4.3576316357
5.1709507995
9.4869420179
-17.5624196883
-12.3387690638
-10.9128460411
0.2116673055
2.2658340560
7.6009021923
5.4159659563
0.6978037141
-5.9524241931
1.3627794101
-2.3916329580
-1.6365055555
19.9374303474
-1.4707299555
-31.1590066375
-5.9005440185
-4.5051633376
-9.1538396270
4.4116954090
8.4697209852
-0.5016283532
7.2828281991
1.0618337679
8.8314702447
-4.0313346916
-0.4038033232
0.9552444037
-7.9225542463
-11.6575051633
-17.5745515611
-14.8230609980
-0.8712858172
-5.1161019876
14.3750034435
-1.4250465744
4.1327674936
0.9229305828
1.7944892685
4.4529789760
-0.7665338575
-3.2765237513
2.2230082089
-0.3900538843
5.5967398945
3.0595509747
0.6940867113
3.3028286530
-4.0689659659
-3.0279384596
3.3532634547
2.1199617981
3.5438011159
-0.1141680218
1.3114501428
0.9260800771
-2.2668526727
-1.2320832065
-6.5365103778
2.4397463028
1.4534161238
1.7289120832
-3.7704914920
-2.8804777934
7.1217384263
0.6393126016
0.4586139723
-5.1587772309
5.9615111651
-3.3061469113
-3.3813638438
-3.2629998030
-1.8399290933
7.1653916490
-8.0526065788
2.3914910688
-0.9479347889
-1.7411753251
-4.8860275568
-1.9992820679
-0.2084261478
3.4747006247
1.0283844456
1.3998417207
1.7214376131
1.1041878470
-2.1416705620
-4.8833399214
-0.9721051048
2.8431558718
2.4923198897
-1.0353870784
-3.8165258777
3.2063135128
-3.8415142458
2.8631175432
4.1294880623
3.1954768287
2.3702769952
-2.7656834932
1.2007783514
-2.2123967894
-2.0800308960
0.6398933331
4.9102602746
-1.3130764211
-0.0639333119
-1.6000811089
0.5841320706
-0.5555393942
-0.2782085140
-0.1160965801
-2.4317996334
-1.2670716151
1.6635276495
3.1644943877
-5.3585947032
-1.1378105731
1.4750489216
2.7250101776
-0.1154417527
0.0592380206
-7.2037867624
0.4633298704
0.5354226959
3.1900589420
0.1577575997
-2.4742616174
4.9764561306
-0.2853890174
3.1458810803
5.2670837503
-5.9092781018
-1.5597306755
0.1756535234
4.7473084363
-1.1497543918
-2.1616702095
1.3772435715
-9.4672988034
9.5901127366
0.5872154042
6.2047404853
-2.3329070499
-0.8658216596
1.1142198010
-1.3193412340
-3.3110509466
0.3821312878
-0.4500065790
-0.6161122538
-0.4838325169
0.0786372337
-0.0706393561
-0.0028154531
-0.1250980804
0.5704368056
1.5045377402
3.8804945367
1.2570428850
-0.3194396827
-5.8373283001
1.8788828669
0.2618298682
0.3128451409
-1.3882474699
2.3561927955
-3.8260131853
12.8345078869
0.6708224858
3.8954496917
-1.0799210942
-2.6574840208
-7.1479119751
-10.0115669744
6.6784970603
-25.1781368228
-31.8296593515
2.3567833001
9.5650754547
-6.0627880339
1.9678219323
-1.4491294701
0.0200538006
-0.3578325846
4.2264250814
-0.0997646389
-0.1105962382
-2.2315071254
2.4409073369
0.9208146415
-1.0363146382
-5.9844061681
3.5555397972
-4.2375951588
-0.9264873541
-1.8547035897
2.6373985604
-0.6892969040
-2.3063788414
-0.9888700332
3.3698283028
-3.8164531977
0.4478959116
-1.2030328474
3.1950732621
-0.5135693355
1.3722247523
0.4336195000
3.8693397093
0.9936598012
-13.4775874106
16.3921354523
33.5744422572
0.3663070984
-0.6535178461
-1.0711346472
2.4490952726
-0.8496297420
6.0954536920
-4.7083878560
2.8692735818
-14.9838104571
28.3518206659
-20.6922391893
-14.1075406144
-4.7964376121
1.6218618885
3.6504193150
1.6258389244
4.7442603115
-3.1203118055
-0.0328930581
-2.6856584619
2.4012804881
-2.7202933155
-2.1985223462
-1.5839738858
3.4975760148
-4.9536590748
-1.7988794203
-1.8541589895
2.7889910587
-0.5508306540
-2.2517409412
-0.2456444607
4.2193815161
-6.7051879171
-1.9435437391
-1.8584870715
3.4954477038
-0.9739993328
0.6067044174
0.6237353445
4.5676258708
1.6297045871
-9.4329348952
-2.4404444540
3.8469741441
6.1434878284
4.6965901420
-3.2146003598
-11.2358718949
14.8451082077
24.8639698006
-1.4736735767
-2.6968736019
1.3652239228
5.3708171556
-4.9265750126
-5.2785758729
1.3739576118
0.0871132972
-0.4583180339
-18.0187862856
4.7495022116
5.7007918790
-2.1535313604
-2.8988437303
2.8199493046
14.6809697152
0.2548162448
12.9298239778
-1.6488032752
-7.9030713396
-0.9093305186
-1.8111261209
3.1843811700
-0.1021400852
2.9864702469
-0.2732296656
-0.0129007992
-4.8602404059
1.1534676681
-1.1101921080
3.0641470295
-0.8592136573
1.0710621333
1.4842526238
2.5443011018
0.1258500549
-0.8294198861
-3.1067024710
-18.7030885655
0.7600844910
-0.2432204166
-0.1892205557
1.0748820347
10.9341481991
2.7510652644
3.8032498603
6.8791191220
-1.0780853662
0.6676852112
-2.8515742101
1.3483902279
-7.3693738447
-2.9524268364
-2.5763693279
-4.7772109749
3.3540811702
3.5213075508
2.2425774059
0.2094412916
-2.0631190973
-0.4718191845
-4.8331179293
-3.6043286477
6.4528603390
0.2662146746
-0.6973280834
-4.7751297397
2.9791148914
1.2829300402
-2.6114239180
-0.7268759831
0.9593234710
1.0542589891
-4.3414510271
-1.0588234140
1.8431354088
2.8312934545
0.8091796225
-0.2497928734
2.2968545884
-0.0982630029
-4.3860659162
6.0439285299
0.0962185908
2.8581226124
-5.6649991968
-1.0198222833
5.7189266269
-3.4896025375
4.1787897172
-4.5008662859
-7.0214419466
1.9087489122
4.6111827835
5.0444089812
-4.9671562059
0.3949795505
3.1518565664
-0.5179646805
-23.4519851818
23.1119333311
2.2080327583
-25.2600691206
7.0243209891
-20.7696024084
6.7054448209
0.9070309808
18.0772102089
-2.3696615022
4.8126024404
-7.9893350723
0.8502063088
-3.1486329093
1.1820713767
3.7994032917
1.1089401993
5.9379542528
-1.3621390649
5.5110582400
-8.0250959286
-4.9660736147
-3.1275428484
8.5480928704
30.9855565725
-10.2385657784
20.6981512265
18.9153159633
-14.8169512557
-13.1083111260
1.5685636009
-2.8804188207
-0.5299432953
-5.9198581220
-9.4385981668
-2.6528528863
-3.4811646323
-6.8683396465
2.4752579253
2.8369165477
4.6853692208
-5.1700786704
0.0448428818
2.9700712064
-0.5930094153
6.0455878170
-4.9767248390
7.1666173148
-6.2049148046
1.8950230228
2.7991577578
1.0397670352
5.8119012858
-8.1131602682
-1.8606648404
4.3019362918
-6.0167211260
1.1131827359
-2.8515086305
1.0531938131
3.5109786323
1.2348020612
5.0882887646
-4.0190246967
1.4595581439
-2.3656281132
-4.4953790862
-3.2922342568
4.8087157027
5.1899851394
2.3100385550
-1.4899565143
0.1404555636
1.8865169322
3.0781320826
1.5884266723
-3.6319198783
0.3145144155
-1.4489949694
-4.9344894687
-3.0353236738
3.0995846254
9.4412731995
4.1567027280
14.8702001615
-19.2697797639
3.4585005230
-7.3352257048
-1.7152017296
-5.6923354377
2.5330670222
5.3209596724
4.7249159549
3.4992210275
-4.3293652938
-3.1624137797
-2.0533353924
-2.2745242989
-0.6502537823
8.3624793372
10.3407642967
-4.1451603957
-18.8899493630
0.8213239434
-3.0189832395
-2.8690787871
1.8991955176
2.2552940666
-3.6408306930
-9.1199719679
-1.3918884284
1.1993051975
1.3639254041
2.0697220194
3.1677687572
5.8126902171
-1.0111333733
-4.8386327302
-0.8509271653
-3.3307301771
2.7608384445
1.2541533245
0.6535688629
0.1345880977
1.3054846443
5.0841944589
7.0444250640
2.4614462784
3.5728841448
-3.1360227999
-3.0065029794
-1.2829883742
-6.0970211520
-0.2319502126
-4.4680324219
2.0750582694
4.5492954149
4.0664810558
3.5457801259
-3.9768416001
-2.7899526767
-1.5380295400
-2.4986801548
-0.6574121384
0.1914626497
2.2685538562
-4.5267962462
-0.4728846902
-1.2091512858
8.3194933461
-3.2756603113
-2.5261533177
-1.1987460829
1.9324456129
-2.4847608473
-4.7588385742
0.0661050505
1.9512354649
1.3847664065
1.8554526309
2.8348471380
0.3588274812
-4.5452469859
-1.2852567250
-3.4210126900
2.7041236444
1.2241412945
0.7092317814
-0.3499875707
1.9297776736
4.6920949863
9.4074932189
-5.7964400071
-3.4271363654
2.1775032288
-5.6259731653
-0.7411956424
-8.8141736001
-1.0445463429
-1.2214240517
3.1099344275
3.1594612732
2.4499578017
3.0333969120
-3.4236138045
-2.3258314305
-1.4539074565
-2.5162922447
-0.3668471073
-13.7105572822
-9.3905483122
-10.7068514689
-12.2274474423
-7.1081419250
16.3054307073
-4.3147085031
-6.1430924161
-1.6790423041
10.4481981266
23.1246790158
-13.4996857317
0.6590840304
7.5454619050
-0.1816884965
14.6237800155
4.8079871093
14.1729401390
-3.3452817079
-2.2763209047
-3.0124527529
2.3802889003
1.3836244781
0.5522977338
-1.9736028680
3.3037553434
3.6815289648
1.0265358129
-3.2142591629
-5.9607097580
-1.7467428401
1.3818350419
1.8521467607
1.8104025846
5.1489238347
2.6114903946
4.0088192536
-3.9901816035
0.9279170573
-0.6882895640
-1.0231663879
-2.6310792831
-5.2139742779
1.9673015502
-1.5800676204
-0.0043141650
-1.0780484370
-6.5505837159
-1.5144709189
2.8366125244
5.5216639635
-1.7356424517
-0.4258839707
5.3165904158
-4.5113137748
-1.5534704447
5.3993297335
3.8845190751
-2.3927518719
-2.7953132232
2.7344117346
0.3960815841
-2.8087404025
-1.6266124744
8.9965522250
4.4374642614
3.7074068129
-4.5185802203
-4.0082857248
-0.1307348070
-2.5309646612
0.2681771434
1.6654175790
0.0551092901
-13.0446594687
-2.5616522500
3.4460327271
2.6354989408
8.9757838149
3.0668243314
22.3914883883
-20.4959811148
-12.2153891280
7.5751916024
-0.3117633198
-15.6430938759
-0.0794336943
-3.5082460588
5.5105645275
-1.8713028072
5.7886056149
-9.3452897134
10.6729441388
0.2099275417
6.0924811043
-0.6111209251
-4.0258088678
-7.4444202583
-0.4699251433
11.2739409207
44.4227405058
-9.2434535547
-4.2945452894
-11.1001498409
-19.6981926143
3.3468533650
-6.7258555388
1.3038804534
0.9911626252
5.0332956374
2.9185096686
2.8851530774
-2.2413298672
-2.7812456687
0.0611523597
-2.9115199013
0.3018206816
-3.1296347722
7.7886801470
1.2683459179
-0.1548206360
6.4123974048
7.0111952320
4.8753129875
-12.5694035685
-0.8085089641
1.1974022180
-3.7340073208
3.1760464354
0.8421605666
0.1567543529
-1.8129166871
-4.0029230981
2.6394624287
-3.1049863926
6.3818421720
-2.7701727616
0.9496890071
-3.4132729890
6.8620396179
5.0413462545
-8.0152911118
-5.5294957106
-7.3690722727
-4.3470543874
-2.9438202318
0.3075870731
4.3172716783
6.6607344242
-1.4511406173
1.4490807823
-1.9666341941
-3.0275017989
-0.0678287157
5.8419835929
4.1231738676
4.0266726998
-3.8099599609
-4.4855364270
0.0410826058
-3.0385582178
0.1822793746
13.2509818465
2.7252978003
0.8510594383
-1.3739792172
2.0090428691
1.5215557303
-6.2721852476
-3.5620217689
11.6055019261
-86.2059108556
-89.1762191844
-24.8584709692
-19.9755671896
-7.2107371977
3.4694287621
-12.8963634503
-3.5391013716
-5.6858481205
71.3798345849
-144.2391652258
81.0365994696
17.0024217309
-203.3980468550
165.9935071289
3.1375132146
16.7394862385
7.4967487161
16.1043799753
220.0691837721
-67.3866403652
-17.1066977508
215.4653934093
-165.7629024347
16.8277662495
-4.0754702856
-8.1422791701
-0.1364704588
8.9276641146
5.2300370356
6.3588658113
-7.3981781685
-5.7168665198
-0.0945892478
-3.3371281485
0.3485693770
-6.5068196411
-24.0143828659
-3.8368211891
2.6240354572
6.8959457327
-3.2266587480
10.7805903748
0.8775611826
13.8600080852
-0.0652179827
1.7457895055
8.8009785599
-1.5352212057
0.2165115356
-1.4410991854
-3.8513573708
-1.6442787104
-7.3448646956
0.6886144755
14.0769628630
-3.4044903793
-1.4617988128
1.1712298406
0.8247715830
3.1246786707
3.2527209674
-1.7794156492
2.1599329938
-5.4017809544
-3.3175053818
-0.6936866430
2.3829256549
1.7833862973
-3.9890090531
1.4154863031
0.9035883338
-4.5983506471
0.0030182936
3.8440981064
2.5838706266
0.0351342643
-4.0427807922
0.7397387554
-1.0128436150
-1.6231949450
-88.0069351305
-39.8269137896
-16.8674497027
80.4633660860
-1.8577100948
1.0085635519
6.7786551075
41.6925365348
17.3341222387
-1.8412752666
91.1983847504
101.3106629207
-31.3560875239
-72.4624379436
-98.6797661480
31.9579934679
-16.2936510705
-2.0986703494
-61.3467457570
15.3854695460
49.0272052905
82.0795212707
-4.5449504733
-47.8090998892
-19.1669705678
-9.6284736627
-3.5381181459
-72.1549580398
-142.1095087872
132.6001500904
-9.5444257465
52.3317301551
-0.0725959698
84.9521453726
87.8332603128
-130.2161007019
-70.9882183830
50.0030688610
-63.5326520372
25.2096842565
-48.9936761925
39.1356074055
42.9642508539
-2.7271281413
22.3981414486
-21.0503440452
36.6610298655
11.8597416064
39.1310649296
-2.6754715802
-0.2634128273
-18.2500628651
-32.6391717769
-9.2794235056
-43.4912686512
-30.6013770422
-50.8435012864
25.2973783428
45.7310003809
61.1363916759
17.5240724024
-16.2269326163
-9.4249546865
19.2115675618
-87.0979572215
-149.5416309799
-17.3994780543
-3.9960487235
-3.3643297665
-0.2958931753
91.8664287814
149.8240428575
-24.4711310554
-59.5374527006
50.3545030199
-5.2911717378
29.2821055502
-1.1366081039
30.1651496548
28.8862527037
-47.1239298177
66.7284932225
58.9661392898
11.7782486328
20.1372829779
-6.1399760137
16.3487068809
-87.9456595076
-52.4785688968
-30.3238437019
-80.4627821837
71.1333806251
22.0096208417
75.5122415176
-19.0011041276
-5.0809757114
6.6952545170
-53.7067484206
-16.7521543314
-34.9692670197
43.7840267843
37.2138221097
-2.4934481201
-29.6073586910
-37.9306552933
37.7615043048
-11.6802018549
2.3193279201
2.3234812332
-75.8350245462
-126.3084123601
-4.9371460761
-6.9744854272
-13.0439727763
-0.0602899944
84.7036678751
137.1225177360
-6.5495623342
157.8945518815
-45.7621344358
42.3144559465
-147.5461190833
6.2278635780
-34.2172757202
-11.8108503647
41.8955546382
-78.7275744511
9.6213120297
-51.0536691328
17.8254635398
-32.1397203348
26.1287013536
59.9849448405
21.1646736546
23.0145658662
-41.1092953370
29.4332241220
-34.9753196686
3.2377717067
-0.4470176414
-0.2829551172
38.5049300105
-25.8570582306
33.6389833528
59.6656662979
38.9682366821
-61.8344729975
-36.7880602930
-26.9316991350
61.1410635930
-23.4381296114
-14.9442306680
3.2262351649
0.8270162829
-24.7427209869
-1.0533847798
-1.5095657997
20.5853616120
-0.0993095436
-0.3683376696
2.4126236188
2.0094523737
61.1857205237
48.3821165566
-1.5741706670
-20.6078940065
13.9989142959
18.7211079808
-40.7200623782
-60.2064837646
-17.7135862790
2.1856906249
-46.3778057535
-73.9271988238
-23.5718975515
-0.0326461188
29.2609405472
22.5064472002
45.7591854137
43.4626148598
-54.5021265012
60.8498382207
29.9589325806
29.2598047990
-40.0841787163
-44.8778274226
22.8202539151
-18.4878019786
15.5422150367
-15.2580851529
-5.2296091610
-22.3806734226
0.7493479381
-3.5696644819
37.9331501679
17.7844768936
7.8070750756
-14.6227872082
-50.4914604575
-158.1803604394
-5.5237658748
4.1195530433
154.7413530713
6.7520984999
45.4567890071
0.4240772736
0.3414756688
-69.2181226473
-32.9007891468
13.9603864137
63.6458301320
7.0495195979
-33.5813588419
5.5494290314
26.8478446368
16.8091580893
-26.6489627056
-7.0210072553
15.9084319707
26.9499157479
7.1726105413
-18.5174911379
-0.2166430453
0.5810927573
2.2980554803
-53.7351702437
36.6017190405
-36.1024747005
11.4828575986
-8.1880324870
-2.2178147452
41.6730118608
-27.0246211513
38.9593229317
-43.3524855954
-24.1374754120
2.3812275523
14.3905154577
11.4130153189
-14.0958520391
30.6164474584
12.3173753232
13.2664535324
121.1724636833
114.4592834692
3.4047848072
11.9861496112
-73.2580365845
-6.1111910561
-133.8538470237
-42.9080844014
3.8153271281
-76.9817627014
-29.3799595143
20.7366171243
26.4083951213
-15.0409534407
-28.0329018656
50.2931956749
44.8942072121
4.8478696811
-74.6457912459
-53.7356427036
3.4688220253
62.3639218954
15.4749852887
-47.7914707714
12.1820984507
38.5122200377
43.4712803956
-9.5700880545
-38.1783667678
11.8613733846
9.5904643338
45.1147551969
-11.8111998427
2.6935722031
-6.6111452943
-0.8851888508
-115.1340685896
-3.2102248746
-73.5245069268
126.5957770392
-18.7812945670
102.0099063233
-10.6689858211
20.3111612427
-28.5709888296
-55.2726152680
-28.2248691285
-109.7703569053
6.7959220916
-19.2876307657
93.4404729683
46.1541843812
48.3841141281
15.3835436397
-49.5536656567
14.2748874057
-61.1564817553
59.9433590789
0.6518395916
17.0640209371
-9.0500584910
-12.1838842687
45.5858088980
96.7120891375
-77.8245303669
5.0471097888
-3.1530606475
24.2525742198
10.6255749186
-96.0828257369
51.3126142487
-15.2990877478
8.4610498364
60.1132097221
-21.3267219759
-13.1729264074
-26.7707924192
25.0133471950
5.1426257085
-34.8293849073
-3.3828323694
-94.9248069405
-53.8387718580
6.0960822487
86.3798118558
5.0413175142
46.0457575986
10.6579081381
48.1970748351
-52.0347984342
-53.3904674380
-46.5645870359
-25.0280231144
6.8477426662
3.3994981789
9.8242809957
45.3773000597
45.6098809599
14.7590876000
-20.4981598569
-12.6521016862
30.5985587757
0.1775540031
-1.9261462761
6.3090099192
19.9766838874
15.9378809567
-37.5730456097
8.0391419146
6.2867276280
7.0653071511
3.1341503272
-16.8005550844
-7.5179693251
-12.2076077474
8.7967494722
1.1519593423
-25.4101613919
-30.3507075175
31.3347952219
8.5128519188
69.9872537290
-11.2810567024
17.4619921209
-41.0204812921
-19.9649970578
-52.3368183013
2.9476818589
-38.2065247944
53.2241580393
6.4069664151
22.0821036671
5.1571089916
-9.6703542465
16.7574972943
32.7752172505
17.0100827492
67.5655363538
-6.1024155330
9.5796896734
-61.0507318251
-29.6770704527
-24.7598785279
-4.0497387083
-82.7889855555
-36.3330348049
87.7463339651
52.4440404215
6.0699959310
-3.1884016127
28.4382015947
31.8482159922
-89.3515264836
2.2853126366
15.4269976446
8.2691236558
0.1666670124
-16.2945654650
-9.1659261790
-4.1500987498
-0.8478621395
2.5035132052
60.6133019500
133.7262777473
65.6580927563
-7.9290791038
0.6839153286
-44.9225439995
-56.6035271826
-134.0219866827
-18.9259742672
-36.6605467839
17.6846132789
40.5973430140
20.3968859720
24.5087683484
1.0437348930
17.3469715644
-42.4953904807
-42.4739721552
-3.5159710933
-71.1782976996
83.6304313673
-42.5361844376
40.8568445533
-50.9412640391
47.9782528586
30.0422068547
-33.9429403936
37.2939717118
-48.6576699229
39.4074649224
-1.7179340587
6.0078086831
-7.4425235674
-34.1946067243
44.5038973673
-32.7204553884
35.1153615997
86.3164877136
-4.1718245854
-59.1167065047
-55.1221463096
-11.5788324717
23.5298102345
-32.8553287797
16.7832639167
4.3856682555
-2.7524774324
27.4393156922
-11.7990015301
-11.0757151657
-44.1405494030
1.9749056990
11.6204767817
20.2208170405
58.6013319111
-80.5939802264
-101.8726125569
-9.2268949237
-32.3074108619
-16.8614926282
-44.5133792834
114.0998099721
115.1527718077
-80.6478185137
-49.3288771255
47.1777307907
-17.4140359199
-9.7177360208
11.0226120488
97.1681448417
58.9874944133
-60.6526158279
39.6558058806
42.2088016114
-80.9456292174
-60.6322934065
-4.6303233518
48.4189385994
20.1848678418
-38.1666480108
35.7567432721
192.9623583861
55.5312533535
57.1613533345
-151.2914395722
-103.6895390097
-36.7731924614
-39.4082196688
49.8148710707
-21.1041904912
-116.4824744317
-81.9469324833
-34.7329305917
61.6823798062
36.7080540053
-41.9478910035
54.7805103445
47.0133375806
77.1386429003
69.4451401765
-42.7089844488
116.9401677554
-40.8894762316
46.8735664264
-147.9410368868
-29.1282890396
-6.4283058597
30.4108122226
60.7908325813
41.1148759826
-36.1764214834
-11.9138446864
-71.1951736760
17.2293727603
-50.5728480928
28.6294095314
22.3637235856
-30.2592170839
161.2135887604
67.7223595563
75.7407065274
-112.1624942298
-50.2063212850
-42.5019490803
-46.8518096758
-20.0978571871
126.0028441273
-31.7807276478
40.3596144207
-72.5770448630
-23.9755782641
-65.9921237492
-54.1172700562
55.4971739940
24.9298889877
133.0914396391
-45.8430537667
97.9006307827
-45.1282789491
-103.5020396449
-36.0643983139
-89.1874345411
148.8565762412
-64.2113265288
32.8314286941
-25.0831660083
44.8391357990
-21.1168831620
40.9920891272
-32.7576538438
-12.4805576562
-13.7766344571
-11.0992023060
49.6853544140
-14.5021777066
-28.7233038057
-29.8540739129
20.6231776451
-7.0221700234
-22.3096775205
-6.5443297091
33.1025418004
37.3981705711
-31.6184041726
-85.9571350377
19.9902859556
30.5063793875
31.9738338919
-54.8308639363
0.4138000914
55.5189502053
94.8033899138
20.2500475163
-66.8418743055
-47.8185772001
2.1416559254
83.3835129382
-45.0737223073
-22.9139204689
-14.0415412504
26.3402505084
-29.0640445649
15.8384660679
-2.5161044672
-30.7695025904
-3.9235016329
-24.7171863443
56.7351895148
-15.6449117458
8.1859568555
52.0713545888
-9.5082016845
26.6307293277
-28.6778310343
43.0649926604
-34.6743008414
-20.4350092708
-34.3349163054
115.3327448231
0.2579970207
-129.9195871356
-69.1825163267
34.8299206938
15.5785565253
-46.6948546385
-35.2946581639
113.5003547094
-25.6256313080
-35.7076230784
-29.3810705785
-7.0145337675
30.6259796396
59.3111677958
33.0808777832
5.1012761884
-28.1749640414
-124.3985284377
-41.1974512984
38.4636191122
35.0599407363
1.2665017406
-52.2711525473
90.1931560973
40.2579006190
17.4011488002
-7.0616458072
-13.2290866889
-11.8210642434
-2.1990195778
9.4436748080
12.1199438589
7.9419855851
2.8483906922
0.7860577267
-8.9495256246
-30.6922811429
-54.0258588840
14.0229566189
21.1490059263
5.2658502601
-5.5265427291
11.2566855060
47.8440660697
-42.5973515883
-99.0714624161
-4.6810774222
-15.4141299927
68.2968137929
71.2523166366
59.4747468809
29.3709326105
-64.5798447602
-33.4607211303
-24.8419933292
40.2535854256
-24.1951794519
6.3034039669
7.7917680120
57.4291507952
20.3857408024
-49.6225109367
-24.5586515880
171.3392026726
0.0952012839
-107.1607153139
-125.6668439849
-41.7652032313
132.2546429259
-46.8921832113
41.0867702043
53.5371514388
-64.5783873981
-42.8111372818
-38.5936461219
33.0019322184
-26.0201746705
-13.8940604386
30.6379264239
66.3427088303
31.5928779172
32.3975828479
-11.7760625367
-32.8765110343
-61.8278319195
25.4279923402
2.5630504318
30.5472085164
-10.4567403369
-10.3333411432
-7.8557851167
121.9084116259
13.4418474172
-73.2443237704
-100.4005551809
-6.0117925865
81.3929759028
-24.3368271904
70.8905158022
-66.8831164142
-35.0005004516
-7.5791281048
48.1600163733
52.5651453352
-61.7239771580
21.1250527439
-13.8671675828
-2.8663561850
20.8786910218
-85.3459755461
63.0154171977
-18.2963968580
35.5502778036
-61.1620474347
-5.4555445716
48.2206048427
-51.0813216491
55.5209408818
34.0593552553
50.8362426261
-41.2093377033
21.7458149796
2.0877416721
-16.6391808920
-57.3259888349
53.0084888733
20.8657071193
-1.9359152015
-40.0816879511
-41.7889212745
15.8659464211
-13.7000419053
23.2951458715
-11.0801352709
-4.6412596644
65.6539359265
-53.1251222406
-3.2149776973
7.5448711606
11.5007065572
5.9945516216
-72.5674018528
40.2395478498
-62.4180111483
3.7779082207
-28.5376146847
-6.4913177920
28.8255294040
28.0421144069
71.0160885886
-30.2156741897
3.0693872830
81.8251359561
-32.8786494136
100.2029778056
-97.3798639920
30.8229770168
-75.4367077978
14.2402324687
-1.0078502753
-27.2843665305
-67.4093928448
74.2995759980
-31.2139085303
-0.6730861091
3.7039587951
-8.0733930983
68.2091069288
-78.4839428118
37.9273128122
-64.2306938492
55.5942377331
10.9423421928
43.0173479198
-38.1994327189
19.9364875838
19.7121168613
-13.0341547135
-30.4061187647
-23.7960172138
79.4425354342
-83.7532826332
3.7453092261
-0.0001348489
6.1769690850
19.6226132761
-80.2141179397
78.0076819306
57.9787863017
149.0067871291
-35.2823444218
-44.2803057753
-25.5539617265
36.5097931822
-12.2376632812
-123.4512782888
-2.5899612401
-57.8990727123
37.1848125585
33.9242761478
14.8803165679
-32.1253538741
2.3397831565
43.3606346995
-8.1695307281
-34.4456373980
43.4195329275
-30.4718747638
-105.8835851191
-44.1432766609
35.7151033459
89.9491931356
-0.7063195455
-6.8950712491
18.1352012027
8.5869915132
9.7020498372
-71.5451106496
22.4769584900
-19.2006145165
17.7752800589
-29.7046883228
12.7854689032
53.3046251621
-18.8852315139
-80.3531268597
14.7231844463
25.8502665718
21.0397194304
29.3881854193
-6.9411891624
58.5299856823
-44.7455366651
32.3813957454
33.4453523728
-26.4016317302
-24.2325535895
-7.2896717118
23.3591043793
-6.5125037733
-26.2906767944
2.0416810458
5.2826168972
87.8633398733
-44.5144261193
20.1818593835
-74.6493381657
13.9100252674
-27.0538589581
-13.9306453820
30.5038101635
15.5083109627
-7.2628388227
75.8195492352
-2.5325797758
0.0179998138
-78.8354967288
-6.6970874362
-1.1720337198
-1.1066808698
4.8244765863
-57.6185528512
-15.9574221052
17.3764586972
54.4204121718
-14.1953891142
-21.7480402349
3.0166520625
26.9016875177
-16.1654559193
-24.2717179705
-7.6859876280
10.3626702328
-28.9544082220
-11.1309171223
2.2827501509
49.9856612560
21.3839629508
115.6265929798
-10.9788718578
-56.1598629853
-64.4048881542
-12.4034299706
-13.7603958766
-51.7979553936
27.0411579716
71.4532452907
-67.2949859019
-107.5803964862
45.3719599425
84.4976099487
95.7909054142
38.4963497411
-19.8378767426
19.9694612085
-80.5946022478
18.5907312648
13.8101734827
-112.7291804263
9.6892746604
-19.7008973329
110.5131927614
-21.7672588078
-2.7051806800
-2.6371951133
-14.3246311612
13.0039890472
20.9034370581
-15.4825538228
-18.1628589814
25.0182313867
31.3805706354
8.5876766051
-47.9066215554
-20.8317214963
-64.4898949810
-17.3760723915
-4.8471635509
-0.4010621066
-2.1659442399
27.0715201046
60.6070341508
19.3623928680
-100.0541350055
2.1537585644
32.8001770120
58.7982325539
10.8071798137
19.4273335499
35.9190217585
-11.6983308377
-51.3338376411
3.6706976446
5.4651567199
-2.5604959665
-19.3650596520
-19.4641522789
-26.3324505755
11.5524748743
22.1874088148
35.0170332733
-92.0323087212
-29.6163735826
105.6735506918
-12.7580237566
-2.8146080205
-71.9236278330
111.1855681329
23.6694871772
-38.1621359494
17.1614006887
-55.4311319818
-35.7861435797
18.2325191313
53.3159481125
-18.2820679491
-37.4109249405
2.3376289831
52.7495618230
35.2027022924
123.8189642212
37.8571070705
32.2594283396
-16.4311298932
-8.7191702979
-66.7098138559
-108.9329785820
-26.7730577260
-114.2833592449
-14.5859027774
-9.4025814675
114.8351926938
21.4842854174
30.8344182424
-2.0589723911
-6.4665935133
-22.8036325595
-72.4517114566
-105.2836098526
13.9269401492
82.5313348627
97.5929751668
37.6433853654
-13.7030317768
17.3430391230
-46.8325459780
-125.0923385239
-66.8407145536
-97.1350434823
87.7445725890
-86.1106952510
20.1987608672
37.3134796807
151.5809730981
79.0209869180
-9.4392912054
-32.6920538355
-75.8250779023
-10.3530857111
26.7933038400
59.5854513699
19.5195333767
8.4163919325
17.4436557062
0.8656493465
25.8743550321
17.3945177282
23.3831164307
-24.1437570568
40.8623562710
-17.3381610146
1.3289344472
-56.4515082947
-14.5599822143
10.7086459785
-9.8684172816
21.0773285643
-14.3277168954
-4.7164462446
-9.8700914912
4.1138091497
12.8323891553
13.6081322264
-31.6084899842
68.2875553312
-22.4366792837
48.6240089532
-47.6502621218
5.5778172276
-21.7169948571
-23.9789180240
16.9001689580
-203.6204820412
-72.3319642188
-50.4307709438
47.7648583089
-2.8443055370
34.3165655724
153.5312939125
78.8645695673
-98.9739061729
-72.1347014355
-146.8657660098
14.9878291934
62.7226639188
141.7162092899
83.6167078970
12.3440477478
6.1825214169
-31.8229349119
49.6933384184
-77.2248324242
29.1262722149
-60.5368352558
41.1846806022
10.1593853027
13.6671621463
37.9307220513
49.0684854191
-15.6490868373
-42.0200776716
-45.5203105267
19.9529832272
-2.0363153498
-7.1972616213
-4.1081620413
43.0786944401
7.7944545843
-27.7872170328
25.4946476361
-22.6687532254
45.6598053740
-50.2815030962
10.6440682581
-21.4996684101
19.1527193060
1.0537618198
23.3350173950
-18.2116974075
6.1030956162
16.5131776436
-9.2601851006
-5.5014894409
-35.6683697460
32.6901569555
4.7106832338
-8.7285106915
42.4040675358
23.1406837809
-6.3140214329
-28.7529643123
-31.1449374480
14.2576221672
-14.9527340836
13.0393574129
8.0875913208
20.7984032547
-29.2950041079
-8.9429385059
-23.6378574612
16.1704950894
2.4749168990
5.2035507304
-6.1253618412
76.7948344218
-9.7801100407
-6.4974264435
-21.6184079965
-24.3320785278
13.6163298107
-55.2782687689
29.0871883521
22.1726145994
-30.5799040101
-66.3016985885
-12.3989419429
-15.7364437369
47.2519326094
-9.0438601432
41.4037050434
17.7940260843
13.4547924603
99.8475284779
-65.9517286868
35.4223171159
-53.7979000832
56.8281804568
-49.0097000332
-41.6399072844
6.6355156974
0.3625640533
-12.6597440164
104.8808937443
48.0859243113
-11.5338243864
-78.0574979233
-53.6448100675
24.4981114928
-30.4578572253
43.5464510848
18.2578256750
43.8288800572
-12.1747510212
-11.6343501825
-39.3578948428
-32.1768952777
-4.1324930892
-1.8145710070
-18.5261593718
-168.0416966984
-22.8198971661
29.9584129389
47.3938937431
46.4601967716
-12.9362837515
116.2554248507
-26.1659465689
11.7271496181
-43.0045830787
0.8036157096
10.3630288197
-3.8869297140
-46.1777215744
-14.4520408771
44.0786442986
51.3658325577
-10.0287954774
75.6669478448
-63.5480487948
33.9586717066
-23.3240918955
34.8709522251
-21.8619031149
-47.3996081953
30.4203344740
90.6353063027
-49.5993580960
23.7418546123
-14.1945809342
6.2249546052
11.5929979505
-79.6827783351
42.6753870201
-39.1841681342
122.2726744183
18.3029031448
29.4931110295
-53.1038263851
-17.7474267129
-48.1884600993
-71.7112636309
2.5125413105
22.0551320550
-15.9048064352
-90.9694571207
-18.6603629188
24.0846689136
32.4526346342
29.6026875649
-8.7703218399
57.4703186881
-15.4370490018
-31.5446227339
119.6138464680
11.2477253993
-9.0573346842
-27.2056626979
44.7595803496
44.9089122317
-98.6739289953
-52.7662867090
87.6518364891
-41.3261216583
59.7938591615
-106.6804886411
-41.4535166016
-30.7271789098
20.2748007960
83.3895957919
-31.9215093659
32.2463334652
-32.4056936231
51.1243386013
-42.8799559800
70.0873379778
-40.8033632364
7.6627822414
-38.0805921412
-9.5668657535
13.6742132616
-45.3804764126
43.3995309647
-32.9987019176
23.5999561641
-15.1523624248
20.7331131824
23.7425540594
-26.3885019743
74.5375699675
-40.2778144929
19.9847229420
5.8952151709
-8.5898354183
-17.2482343306
-82.1038643378
49.0101800316
-1.6181822368
-11.5726687723
105.5572682299
-32.3278696219
0.6187232613
-104.1793910214
21.9526154211
12.9410918111
-3.6934508853
9.4990007681
-6.1690472034
21.0296228861
-15.7919826380
10.4980172002
-7.7293793002
24.2100506572
-4.4251409145
-11.6678161315
-8.0283764853
3.3018778182
19.5997233809
35.5584569925
-13.4697550500
-5.4818839443
-18.1188964084
11.1985584665
-15.9299451926
-18.8894209651
-46.0092954204
8.3184922232
28.3796241181
14.8922392700
5.7717239449
11.6131842916
34.0352382484
-10.3456647968
-36.5374581420
22.0921994182
-14.4281896292
-23.7788737558
-12.5506530186
21.3137647107
23.1988644315
-13.1731932364
-8.6424616570
-0.5975634860
70.8786589747
120.5208731456
77.1636034021
-118.1187697188
-104.6966815176
-4.4534758408
47.0190651658
-17.6321781199
-73.9277361738
18.0112427400
-121.0119150978
87.9571542613
-21.8262036504
4.4006625027
-49.5692346535
3.0506679825
117.5421382667
-38.2105314516
142.9326766867
2.4320267337
77.2956124174
-151.0279982029
-6.9399934269
-90.8585210231
10.4105373671
3.1697954657
14.6287231361
66.0837105390
-3.7165911096
35.7950876316
-58.7751779949
8.2679516842
-14.1126569636
-8.0310914243
-1.3826313871
-22.8102425242
-36.2450280014
-33.3396970808
0.4988221175
4.7729461895
-23.2564649918
-21.5451057859
29.5574418937
55.7284289818
21.5264188255
107.8900083699
68.1849026908
-28.8643781368
-86.1457913663
-75.4896257800
-1.6565000236
-20.6579411304
5.4110125506
29.9253521706
0.6794490193
-1.6841785292
-0.5871777509
-2.7856173352
-1.0757948888
-0.7768383941
-1.1607733235
3.5341859582
3.7033227460
2.6491530635
-1.1846758672
3.4289360705
0.1843708256
-0.6743724772
-2.9788687224
-4.6060097814
-1.6086686724
-1.1334162404
-3.2035860518
0.6009528493
-1.7792910599
3.6040436101
3.2735729766
-2.4144323959
-0.7015269826
0.0482777942
3.2322471443
-0.7538075482
2.3576277589
2.7764423365
4.0034064841
-3.3725136944
1.2510074392
-0.0800567442
1.9971339986
-2.6768968420
2.0059418642
2.4976865888
-2.0233231271
1.5719240024
-0.4715497105
2.8351693445
-1.4069111000
-4.2376840849
-2.8568805482
-6.9478220055
12.1156626681
4.8232327718
-2.1753189176
2.7166647429
-1.9815833857
0.6112093392
-8.5719046963
5.9785314428
7.1777454889
11.6766128888
-4.2539192086
3.7760946701
1.1835346630
0.0175265075
-9.4736711108
1.5161308287
3.5109227589
-6.7836615040
-4.0976870595
12.5598517719
0.1454109548
-6.1438172507
-8.3843646711
0.8344543265
0.5351590931
3.8983850850
5.7104624396
-3.8872172030
-10.7683622287
2.5460488884
-2.2868423719
-1.2908675915
2.8296324309
8.1453294165
2.8120256634
-2.4326084383
-13.3113547228
-1.0004269443
7.4856941398
1.7589812434
-5.0072876541
-3.3036707020
-1.3492522404
-0.9136643197
9.0126549397
-5.5353744116
-0.9260110269
-3.1911138814
-0.0842344368
-0.9101598036
-1.5362412107
2.0422265454
1.3983618931
-6.2923453919
-8.4973278024
-1.3345711669
1.4385470216
1.9919838127
2.1833397889
1.1077314092
2.8579153050
-0.8828262077
-0.3794990601
5.4023603530
-9.3724489138
-1.3153754839
-1.4568495557
2.2578048898
2.0908321407
-1.6910426926
1.9577689493
-9.5247671668
0.9525763745
6.2762255155
2.9177109181
0.9691750247
-0.7557197565
3.7115798381
-0.9877424785
-2.1137081811
4.3047030226
7.9816285163
6.6008077142
-0.8640067552
-3.7567248061
-1.4081653148
-1.4804103399
-0.1885697478
-2.9706983772
-1.1915776148
1.4838177734
-5.7590439551
1.1162941942
-0.0264861692
1.8422589512
1.4087686710
-1.7152211835
3.4019526606
-2.6876354842
-5.4323505424
1.7726036325
7.5479449333
0.9595638334
2.1932728823
-1.3114183354
3.3075673350
-2.3628807903
0.2455743174
0.4029666704
-4.5334637147
0.0437621169
-1.0491646673
2.0209893259
-2.7517649560
1.0541953235
3.3384621389
10.0100823225
-0.4740285072
3.8404962679
-4.2398246479
-0.0596740517
-1.4961442842
-5.9870217485
3.0898326471
-5.2396933587
0.0790952692
5.0133234757
2.2230402400
-0.5460367466
-1.7830787526
-1.6382758884
-1.7362422865
-4.7712631799
0.3964258919
-9.9113050601
-1.3526690779
-0.8516380805
0.7404151097
3.6679918629
0.8717820133
1.9042633359
-3.6740643670
-0.2085064815
3.5794157337
-8.2035050538
15.3544853939
-2.6838786119
2.0783867550
-5.2444332998
1.6780279882
3.6853436706
-1.9091309033
-1.0050365956
-4.2830121283
-10.4380732824
-0.8664332391
-1.9357751986
1.6501417417
1.3702097054
2.5565567083
4.6796285188
19.9244366489
3.0586305383
-3.2379089815
-3.8220475252
0.7244862070
-3.5548576500
-8.8289226860
-1.2898665792
4.0725324710
-3.0696002357
11.9652305443
0.6265583384
-1.6517257892
-1.4181860037
-2.0597367215
2.6421812212
-5.5795478802
0.2491569234
16.8768115541
5.5820933427
-9.3395357193
3.0310205779
-2.7293833822
2.1292416854
2.6087016734
0.1928739391
6.1585571562
-10.5569319534
-0.0151994400
-22.5065025547
18.6462122126
-0.0085470600
9.2994696847
-4.1390178752
3.0089223283
-3.0947835784
-0.2240047470
9.6501126754
7.4134197770
0.8983750219
0.1207678422
2.5447792530
-6.4296824799
0.9484794075
3.3270728019
-10.6489723926
-6.2014320001
12.8027032844
-4.8975885796
-0.7905387140
0.3434912022
-4.2022927600
7.7442756785
-15.1378863942
3.7046287802
-9.3896176185
6.0132235465
0.5422537145
-2.4372322604
-1.0222553994
-5.2095127445
-5.6755747410
1.0690052547
-1.1386797990
-4.8870966000
-7.1912422049
0.8305026203
-0.7007518045
2.6746078728
-2.2184741731
3.1685131355
4.3232143239
2.0685717915
-2.2769062160
2.2003204187
-1.2214921241
1.3800766220
-0.0990668452
0.7598690640
-0.5263647134
-0.5489127797
-1.1194444725
6.6429531945
-7.1701054671
0.9045518081
-1.1684878908
2.9370999292
1.9484469719
-4.1710646689
1.3426256075
-6.5713930331
1.2217712305
3.9442384684
2.5819734031
-1.3539093134
-2.1726701554
-0.2311607394
2.6637601611
-1.8996509726
10.0035794993
5.7030505605
0.0227836621
-2.8839366842
-2.8608809537
-0.0982495171
-3.7129141352
-2.8346627435
1.7350076616
0.2116755220
10.5389545822
1.0220692477
0.3348155313
-4.9738125593
0.0585338206
-0.1774374943
-1.3064990063
-2.4415436765
9.8132651681
-3.5785757232
10.2244446796
-3.7497339457
0.8707964447
-1.6580187682
-2.8881474526
0.6436895789
-1.1546442334
-2.5111497102
-9.6915792001
-3.4458283738
0.2938048606
2.1957275531
-1.6673227054
1.5752397725
4.2414152492
2.0931156722
4.8038156314
1.0419001912
-7.6441521045
-0.2527066289
1.9078362610
1.8229774091
-0.8273600142
-2.3598600107
0.8804607213
-14.2632430074
-0.7013230743
11.8687324020
7.0937624443
0.1927387512
-5.1961967793
0.5433993210
0.9785909577
-4.7626273069
3.3481489665
-7.9121673444
4.4565934355
4.6418321632
-3.9475489046
-3.1445403585
-0.9396230272
-2.3910206774
-0.7119626553
-6.8422128114
5.0620782428
-18.7530336673
-0.9586442756
1.4233001114
-5.8610257249
-5.5905087869
-3.3528883149
18.5904647426
4.9827021929
4.2331801477
7.1382400608
-0.2652368912
2.6205847391
0.3955748124
5.6555406664
3.5831520106
-1.4819341555
-13.3313551775
0.5721877215
5.5353028616
-1.2197980686
-3.5210267771
3.0826772359
-0.4620728238
2.1109067304
4.3262732479
12.3524141514
-2.2644887544
2.7260690949
-4.8126134403
3.5334687867
-13.0679075149
3.4414271575
0.2502822805
-3.2307914172
2.3969255221
-17.9971831068
2.6208881582
0.5446029963
6.5257978055
0.1236169245
-3.3912149085
2.6705353846
-1.6922455769
-13.3435469224
-2.9252514290
-15.6296334157
6.0166795524
-1.0568763082
8.5886706554
2.0787042065
4.7822314706
1.1560676895
6.5571974280
3.7502410056
7.8021788600
-3.6504713188
0.0707929347
1.3557198593
1.7502253079
-1.0071874783
-4.3205885715
-8.5034951038
3.8974037941
7.1850500788
3.2116583367
-2.7254934828
-4.0765030338
2.1313267186
1.9921839390
-0.2047003773
9.6128886688
2.9812258102
-9.0252324553
-0.2525459638
1.1413100136
3.0191003271
-5.1589345153
-2.0997303528
3.0976108777
2.7022374922
-16.9450555511
2.6828386804
-0.0573881819
5.3009694843
-0.3477508521
-3.1682555008
2.8043881391
-1.4428439419
-12.9391327207
-3.4583456899
-15.0986944928
5.5726515335
-0.1532991657
8.0095202281
2.1227215622
4.5621596539
1.2661237920
6.2515592617
4.1747604376
7.4444486873
-3.1691544240
-0.2244099854
1.2152777746
1.4453662100
-1.1575587039
-3.9528826548
-8.4003171694
3.6214990035
6.8004436332
3.3275744149
-2.4562661160
-3.5567372184
2.0771685977
1.9290144870
-0.2963229225
9.2680558685
2.7970884611
-8.8301129908
-0.4075995460
1.0748880650
2.8961937712
-4.6254874004
-1.8698325220
3.2104985064
3.5811878722
-12.5669039481
2.5191626602
-1.9387890830
1.5100733555
-1.8362721286
-2.4634441520
3.2746559806
-0.6809246914
-10.9713117086
-4.9112514999
-12.6520391114
4.2635738137
2.6628229320
6.3293025625
2.2796367325
3.8742486058
1.6312389806
4.6826235927
4.8964026956
5.7971948711
-1.9038691734
-1.0506081285
0.6901668309
0.4655553863
-1.5719750677
-3.1000677046
-7.4553769656
2.3824650896
5.4288541206
3.7542183736
-1.7716288009
-2.1114570081
1.9316058746
1.6839068044
-0.5844451636
7.8573513983
2.0072741988
-7.5900222651
-0.9089541267
0.8357938030
2.5432683905
-3.1740078345
-1.2552760181
3.6160396563
3.9966590024
-1.0065103215
0.1393338201
-1.9826094209
1.7053781807
2.5942136421
-7.1505355759
0.4383997094
5.5932362893
2.0360177627
3.5301044787
-3.9771145032
-2.2465617105
1.7713536540
-0.2096470009
-2.0141650802
2.2065685034
-1.5683105852
-3.7566490660
-4.1990831192
3.0877727614
3.2185912067
0.7508912952
1.8980495006
5.7159392851
-1.6149617852
1.7408065154
6.2347829922
-1.3906246019
-2.3810636264
-5.3743068945
5.7252588112
-1.9600687201
4.2373018586
-1.3993672938
-1.2826494626
-9.4790494485
4.9136285627
-5.6325343270
-4.6611053643
-3.0275128288
-0.6222677344
11.2256904532
-8.4035232497
2.5802434330
4.1587418108
-6.6392258490
-9.9700784914
-2.9230690433
0.6890425600
1.7568835569
-3.3610682003
2.7343769017
5.9545430792
3.4019728547
-4.5033113612
2.6613765883
-0.8653671269
1.7657255497
0.3741404829
-1.2720989345
0.7822111212
-1.9938407886
-5.5521432902
2.5066016698
-5.8424484820
2.9427294194
1.0477417531
0.3851456612
1.2327739437
-1.0228614859
3.6972086361
-8.0851674497
-0.3043821619
4.7978419164
0.6161707884
1.5101444212
-1.7667723233
2.7781766027
0.5763273735
-2.0770458165
8.4577082869
9.7102817979
2.8825232479
-2.5361912490
-4.1289112027
-0.4065405456
1.0068315849
-4.7237610849
-0.4529367167
4.6203167943
-0.4365733855
14.9781007969
-3.7282868775
2.4232199612
-6.8776197229
1.6287667746
-1.9635844482
-2.8117232474
-2.8234336081
-3.9616467446
-9.7313650098
-0.4118341082
5.4837646680
-0.5099002686
0.6640494299
-4.4423827788
3.7296338995
3.8148012485
-15.1709742379
-2.2097382103
-1.8364601850
7.5954323618
3.8997741394
0.5793277721
2.3920795970
-2.9486505564
-16.7706777164
10.7847578608
6.5321326764
5.8041222527
-5.3501996376
-4.9918888741
4.8208026006
0.1580242696
2.5275636109
9.2112649064
3.6689493668
-1.3981483801
-0.5271866167
0.3034725432
-1.8196537985
-5.0455726718
-1.4843393983
1.6314829451
-1.4436700699
-1.7292271894
2.4605877595
3.3343213478
-1.6440545549
-4.5499035539
-0.7943605801
0.4084881311
-2.9988455423
7.2954076956
-2.9149957876
1.1685796210
-4.1214649979
2.7260286882
2.6461301071
-1.9366100273
3.3068017617
1.9840090601
-2.4401191366
-2.7153822951
1.1999759527
-2.1609770924
4.3549116234
-3.0032022816
0.7098978346
2.9375633471
-0.2512916314
-2.6437876743
-7.7295340065
-6.9263363593
2.7097673976
10.3307428790
10.9507951058
4.8785340087
-1.6292896910
-1.4380745340
0.5005010799
-1.2968412834
1.9217248288
-1.6131619325
-0.1409758649
-1.2554439980
-2.2742778532
-4.2642357598
-1.9087045345
13.1567946641
-9.7072822156
-5.7907119169
-0.4173287911
0.9790348733
4.5038108688
-6.5017618334
5.1434559574
-0.3616699151
-13.2355961604
7.9067285511
4.2970663353
7.0562905991
-4.6258724032
0.7203759526
0.7181501692
-0.6743007405
-4.0135119436
0.9308292378
4.7384645202
-0.3626531200
-0.0332361460
-0.7699162287
0.6042306409
-0.4904983966
-0.6301667468
-0.1840126007
0.2344313247
5.7470984644
-5.4556531315
-3.4194231402
-6.0698233182
3.5905212484
2.2577055219
1.6903641291
-2.5554205682
-2.7544508895
-12.6346224482
10.2934923321
-1.6062538272
3.8296041416
0.9861330782
4.1043476699
5.0772334642
-6.2719972649
-3.7523892640
0.6348393834
8.5902366649
3.5949505801
-3.1999941225
-6.9123973143
1.8205307911
0.2887027905
0.2743835024
8.0291957458
9.4092887316
-7.1632598489
0.4835031777
-3.5162761451
0.6021868999
-4.2172261113
-2.0368401572
3.0313796652
3.9153615846
-12.1275122961
-6.8969686733
-3.2495084970
1.6552612755
-0.4039749421
0.3553994939
4.8623220654
3.6417885544
-14.3949879218
-3.2565858553
1.4610984663
2.7401795881
0.0792026807
2.5772441436
4.9544988155
1.6265421582
-2.4716615868
1.5134758678
0.0820282411
4.9511639582
-0.3939014468
-1.7325355363
-5.1725965271
-1.3990824084
7.2315567883
3.8913770375
-3.0413006335
-0.1947968982
6.2266780329
4.7918187481
-4.8374684700
-6.6454565715
1.6987243156
0.2143087713
-0.1572162880
5.0696551017
7.5338567004
-4.7639978736
0.2390618827
-2.9784054752
1.4741596839
-2.9117843481
-2.0687641373
-0.0829827449
4.0035351551
-8.6969701599
-4.6651345194
-2.5156443493
2.2027435080
-0.5581507683
-1.0999474412
1.8718169813
3.6922625729
-10.4512121379
-2.4437617622
-0.1749290740
2.9696914845
-0.4700068399
1.7576770611
2.4997182922
3.0310617779
-0.2938814377
-0.2947770633
-1.7025200264
3.9797520165
2.2476631307
0.1750042860
-3.5923789900
-3.2052021327
8.3639017441
3.8035988978
-3.5103173549
-0.1661595628
3.4874593317
0.6053774005
-2.9642427867
1.2659802101
0.9092613808
3.9401727901
6.8725663844
1.1471403588
-4.1498142726
0.4826669031
2.9737769373
-0.4381358484
-1.3218288375
-3.7974912864
-4.7752791536
-5.1768275657
-1.7782999706
2.5815925720
-6.5126000880
-4.0257178916
4.9725852585
4.1421714328
-2.8828380405
-1.1258825463
-0.0457782476
4.8863914545
2.3957602726
1.3795744648
2.6493445330
1.2806285399
-6.9766883806
-0.3370219368
3.2585380782
1.0282231901
-1.9000545299
8.7848563890
-3.5684362056
-3.3074391391
-8.5843440147
3.7265321220
8.3678880827
-5.0102757130
1.2169852929
5.4096447834
-2.3195321974
-1.7000071024
-1.2068492966
3.7142695835
-6.5594977522
1.0521215692
2.9177084483
0.1479461553
-2.4478748346
0.6530970326
2.0225750568
-0.5118725219
3.2186136746
-0.9488561616
-7.4001722187
-2.0762756195
-1.6915436484
-0.6970584111
1.1351312811
2.9551440354
0.0724835680
-2.9686465834
1.6433702286
5.5482456148
3.1286590574
4.6218151281
3.0080664430
-1.7101056345
-4.7610657780
-4.2331123036
-5.8170662282
6.3621812470
-1.5112101598
9.0827427105
2.7287279207
-0.4878303373
-0.4784431954
-6.0883257205
-1.4914798825
-2.6681065716
0.5472750358
4.8968979854
-5.8120457578
0.7202613555
-11.1558190503
-10.5904989929
4.1991991529
6.9993350723
4.9266181081
-1.1095584641
-1.5455501312
3.0034573128
-1.3467206719
9.4086123565
-13.4134808425
-0.1549469663
-0.9378632676
1.1049775762
-3.4365925483
-4.5648319678
6.8434997192
2.2299598110
-0.3780947350
8.2798913382
-14.1339739473
2.9609554433
-2.2549554524
0.2344348852
-1.6981594429
-3.2834196991
7.6804025616
1.2340341242
-0.7015640063
-1.9538442378
-7.4190581294
0.7400723908
-2.0583754712
5.0250211877
0.6209584095
5.8478160805
4.9999978621
14.0902456809
5.5418767988
0.9592193181
-2.6703035431
2.2745055991
-3.8877986424
-6.6954979995
-3.8141825778
-2.4250158567
-2.1983907189
-2.3784742428
0.7991599482
2.0483950967
1.6713579092
1.1691096423
4.3743839615
1.1256844954
5.7130472203
0.9425594997
2.8634350316
-1.8486244303
0.5038340347
-1.8571841736
-1.0947407361
-1.9124660650
-1.1349990980
-2.9410858250
-7.1792328066
2.0208418376
0.1332784731
3.5047018209
1.6054576295
3.9247566801
3.7076641824
-1.2578765445
1.5562527344
-7.2506831813
-5.0684834760
-1.1604729806
2.2526605198
1.7514843862
-2.2888977539
2.4019736490
1.1034539474
-5.0812346260
0.8913123026
2.7206402891
2.7079928538
-1.4892686250
-1.5393570343
0.8364746588
-0.5974436750
-1.6259809544
