0.0000000000
11.4247807558
48.0672280851
45.0580037457
2.6576523950
48.8674046181
7.8103902157
49.5368413207
62.6887070088
19.1855034656
73.1535925711
25.9080492347
51.4034488401
41.3259383219
54.0208521628
16.3716760102
8.2207318298
76.6656460484
16.7746549433
54.1311919762
3.6571201953
21.5699302981
63.5570954908
37.9711906943
29.9960942967
7.1800084167
33.6993076493
26.6205927313
13.6182648346
68.9577660908
26.0534435176
4.7067801074
8.3251842594
16.5285557745
34.4644799143
39.7032323995
65.2350820769
50.0808043328
27.2002195340
30.9402312316
32.3321852188
14.2134302641
74.8306535666
67.4545812132
18.1910313446
11.5375227122
50.5605156686
44.3156022648
76.3424084720
64.3479866243
3.7655686663
50.3262766100
52.9010048717
48.3307565957
55.2774584471
43.3918653469
23.7515285384
1.2561168194
50.3040975764
57.4749040536
59.0804234840
26.7179604708
35.7450279331
28.1832413148
27.4331947692
29.8156298562
59.8371719332
59.2210699578
23.0386091578
8.1259180929
40.7571324579
29.9012222005
68.5398026302
6.9907304710
32.6091978588
45.9811683662
5.7946433796
50.7715534651
27.4358949837
26.8453750777
67.7648122021
45.2039960543
22.5956170996
64.7974025951
7.7210327570
67.9067187342
57.3518419189
72.7113322001
27.1809584640
2.9231249597
65.6374046250
66.2544485065
4.2252238655
61.8179515248
6.0747063898
47.8348546407
35.3047429922
61.3140129333
55.0517549027
6.0100775746
