-18.6595250585
-14.3707025801
1.6928204004
19.6309411317
4.0532032674
3.6291256858
-1.9476680003
-10.6175748345
9.8973907362
4.7775271316
12.7067787187
-7.5633631541
-5.0698958819
0.0516622875
-8.8395969216
-7.4904684088
2.4839615821
-14.6673533971
4.0387087501
6.9038632109
6.2812369497
4.7203803361
-1.2111904661
9.5697385149
-33.3942175424
-12.8411722909
-12.6542531401
34.5616196959
9.6716270381
16.5526343767
-8.0173618401
-46.8691511282
64.5881488630
-15.7545050424
4.6009556171
-49.8572273490
20.1364858929
43.9336668932
-12.4333466408
3.2181279149
-71.8315049036
36.0967163162
1.4839335712
44.2789881244
9.0601180230
-2.2340838359
29.0565906500
-51.3527904490
26.2831822264
-5.2057622668
6.4499688787
-29.9884056102
-0.8161422377
-6.0974875481
-40.5307412945
2.6534133157
20.5228976517
8.2390806395
3.5617605105
-14.0542529853
30.9991512392
-4.0054566222
-7.3009546410
21.8234790776
-6.3438492799
3.4685558906
10.2756854230
8.3689869946
0.0158226576
-27.1014317010
1.7870507716
-3.0045499043
14.8951282792
3.8649405603
3.4173157621
-12.3868214105
1.8678040758
-0.3294475825
-27.8620873185
0.6680889793
-20.9166651734
6.6004531082
-16.1691492701
-2.7792640995
21.3699535416
9.0419557038
24.5761910429
-7.1539389923
-13.1824936852
2.3441238204
8.0683766592
12.4427728797
-6.2486773521
-3.5310638670
1.4660819421
-0.0635764178
36.1228356189
-13.0382908480
8.1502731128
-41.0029936093
-1.6914922601
-4.0091469550
-10.9514776163
8.6769957832
0.8071168126
14.6670593089
-3.8437484211
1.5390834129
0.8772995427
1.9306417155
-5.4431958124
-0.6224709162
-2.6763687985
0.5182379882
-1.7200247464
4.9138488789
-2.1869941458
2.6297712319
5.7284139499
0.6246244009
-30.9391441985
5.8249756817
-10.7893472562
36.2135274447
-2.1597376229
5.8203390489
11.6697975747
-63.2314037026
-12.8308127962
-19.9940226824
7.4054223653
20.2846956821
2.5873110596
52.9511136644
-3.1847797340
-4.8437965911
47.1337961348
28.5556635481
5.4758218169
-45.9599809608
-29.4372226266
-0.1694944239
-1.9641855599
1.5814617623
-42.1573657575
-8.3450579376
-2.2592876705
39.2401707264
0.0211115022
9.4443324210
1.0095882496
-29.2739277720
8.5599474867
-9.0774158650
23.2811391870
-27.2208991102
12.5781352828
12.3101355360
18.5449883702
4.5977360626
-36.1821785894
48.7882261644
-15.6386413997
-2.8289365481
-35.2037542042
9.4477927009
41.0177146220
-20.6535546433
47.0387131450
3.6402571620
4.7738225688
-38.5438172605
1.3908131460
-12.3661296955
-2.3717491394
-23.8578023058
-25.5105247264
4.0845924413
-1.0570538507
8.6440080976
-5.6880135810
23.7054918833
19.1962123389
-52.9880454525
-28.2548978677
54.3339389949
8.0700154895
47.4242770284
-7.3560629783
40.3983043577
-22.9910840097
-41.7152646000
-16.4243538077
3.2007838251
-4.0220156862
19.6187601875
-0.3390706708
7.0796959474
-43.6670937114
76.4738427647
-31.6057876394
-7.4204054485
-15.6441377662
17.1432322966
50.6251569065
-63.4262691644
14.3453849049
45.6577412818
68.8150456123
-64.3102390548
-9.5291519691
-6.4869208261
-0.8436394860
-38.8606534390
-62.5932737746
62.2133675318
9.5139400189
-2.5306765468
12.6619871858
-1.3790591040
-0.7030166985
4.3786723581
-8.5949926041
-17.6933895289
30.1891077745
12.9726048215
19.9394705039
-12.5738591452
-15.4737705643
3.6523586550
-29.2973967233
31.4949495848
53.0905506123
-27.9222615625
-17.5552830930
11.2623288624
-4.0789371723
-10.9783902457
-67.0176258594
26.6426872849
-36.5808851330
8.6143763380
2.0583957718
41.0387122835
-12.0076895209
-1.4855095521
-55.2721598606
-4.5465564118
-22.9959755980
23.7884010439
1.1617872031
-12.4651805046
29.1307020667
6.9933620821
35.4250638889
-14.4198568168
-24.6235095999
29.1290241037
7.2686144238
-3.5005771170
-5.3203867072
5.0464719925
27.9088070266
-24.3454337742
-20.7168025835
2.6633281205
2.6450590758
29.2542558791
-9.6341177461
-6.1612169392
40.4301429648
-21.7307274484
-21.7470801764
-37.9180129492
8.5246557148
30.4139228010
-8.2557369423
23.3470422220
-8.6043761527
11.8695214214
-12.5062413861
-2.7674875265
-0.1358806150
3.2930385874
8.0383464575
-14.5274871753
6.0430231217
-1.8171699112
41.0791980329
-3.7111691835
21.4548145941
-38.6226234161
5.9272175851
-11.3289410295
-12.0819088490
-16.0569783318
2.8124166168
6.7686810554
6.9681843360
2.9561735783
4.9348536555
8.9520678773
-6.1296202434
25.1857208917
-31.5677257462
-4.3144306843
8.0877959683
-7.9612230082
-11.2282585052
-35.3517185246
37.4496252856
5.7778456731
-44.5406341426
-4.5265074219
-18.7664545857
56.0417650095
0.3065478342
17.2078569965
3.8008909925
-41.5057563909
90.9894952609
-14.0235136515
17.5087981812
-75.7367972134
3.1905713745
25.0518573899
-13.0681657047
-41.9144358454
-1.1604009566
-32.0581261500
25.6978221600
2.2911310209
-28.3820020839
11.7475341030
2.0343291574
59.8141934802
43.6097453231
4.0124008989
-0.1842415250
-37.0940892321
0.6172923548
-3.8783109017
-9.2826823259
-7.2376414796
2.6404366731
3.9463911382
6.6465443213
-0.1488940186
3.6852562168
-0.3490222366
-2.6825742970
7.0580069414
-37.7132552135
-3.5924061630
-16.9585010198
12.1594224395
13.6268171060
5.0358717725
21.8642577294
-5.7808268739
24.2781978554
-3.2357376327
11.4318078704
-22.4967406892
2.4441375312
-3.5704147678
-1.7024446745
-11.5046717838
7.7133137558
1.3651468339
23.5946858464
-12.3595791176
1.6955893359
-8.6979483829
-6.3615597941
-2.4289718287
-15.0795630961
1.5339036656
-2.9605789724
2.9234598216
3.3408397812
2.2498009538
9.5556365105
-1.7283113934
-11.5465888416
-6.2954089186
25.7819349478
8.3424265595
1.3598840778
-4.5590385593
-6.0472553832
-27.0562867879
14.7663959053
2.8283341416
32.5189671305
-11.6918541910
5.0449742771
-3.3800436380
-23.3334192969
-0.1672033818
1.9513986517
0.1489995583
-4.0063116126
-19.6823354194
2.1066001510
5.5516230550
20.5838260897
-3.2196185152
-36.4828897212
1.8074792301
3.1297769364
40.2949513226
-5.3898650486
-4.3482271125
-71.7328501649
-3.9889793812
-31.3001078398
29.8929716119
5.4694752035
-18.9713676664
36.7732615176
2.8520129865
50.1797946902
-47.5585105122
-18.8109034110
9.0594658112
8.8439181211
7.1319997741
-25.4990434275
39.9691478252
10.9287818324
17.7497097943
-11.0392309316
16.4086793800
-10.8103164577
13.2904726805
-11.1733173713
7.2993158107
-3.6974039576
45.7759564444
-12.4349522676
6.1644032902
1.5570109358
0.9204498736
-1.3041021837
-50.0059612792
9.8968523651
13.7173618877
-54.1125795050
-16.1439691523
-15.9531355450
-13.0135210307
16.5040754315
-1.1783652405
64.5637336117
4.7685443968
31.3347770459
-1.3233080416
5.3464799214
-29.3289578439
0.8736495285
-4.1913085174
32.9100178937
-21.3719765839
32.2390544392
-11.8650152310
12.3070547248
-0.8535661492
-21.3470158464
12.6632287599
-32.0669203364
16.0689007630
18.3176878239
-26.3247221871
13.5833252533
-23.5863849693
9.9132240664
-31.3560320347
2.1200499436
15.9377599489
21.2408701591
-15.5704544376
3.7378505742
-17.0127531809
4.1913049599
-2.3220992217
-0.9662339542
-12.0643762107
34.5720159516
0.6822182580
11.0348160508
-10.4691812402
-1.0191176565
6.2673792283
-27.8513910454
-9.2811763097
-25.1443350901
-17.3093328476
6.0579647005
9.7650119056
4.6893730025
0.2982291695
21.5206535939
14.9527648265
-40.5666829066
2.6988179277
-3.3356624056
43.2868186725
-6.2831520806
19.4704080975
-13.3295342365
-22.5104632249
23.3415565281
22.8304881261
24.2281542390
-8.5055542107
-9.9900700292
1.7369407481
-32.6102115576
110.0042871872
118.4389851109
31.6207564925
-105.0116926305
-71.5856103925
-59.8106537491
-7.2236141831
-46.7236723276
29.8293608047
28.0304136904
-5.2866626151
8.2708990873
-24.4311071269
4.1052568819
-11.6911936784
29.4870041725
-6.9320363878
8.6635341322
-3.2564186751
18.9207299444
15.3884849812
-28.5739290353
-10.8700922596
-20.3533486792
-36.5231359309
26.6198278552
-30.0058908149
44.7137275897
26.1907721190
3.4472510966
-9.4465558702
-52.7477943521
26.2802638752
-41.9813729326
-3.1532577461
-2.4388664742
37.2023279263
-7.3097085088
20.4584816595
-20.8403812986
-30.6989251158
-29.9915753594
19.6413326440
23.7728736604
9.7148390326
8.4735484002
16.9996911578
2.0869970368
274.7482697293
223.0720889664
114.4366069282
-251.3860036987
-158.9086639675
-129.7222914756
-25.8577207700
-63.7740984464
15.4558098379
-38.0291533928
5.2240194531
-19.4777330287
47.7437777885
-12.8329567942
14.4777269745
13.5012046760
-27.0034386608
9.5395458531
-10.8567847677
46.2996030469
-11.9625849264
-12.2724697132
6.3756878870
2.4433240452
-1.8841010692
-18.9683141295
-12.7308690500
-4.2217419046
-0.5038122496
10.7955100646
6.0192683831
1.4092126330
6.9150800676
0.5962484454
9.1103845772
-12.1316168728
-1.3227447678
-9.9084712213
1.6078455073
-20.4241895503
-4.8871757891
-6.2759042290
15.9876849814
-4.3967232083
2.3429771135
9.3817639668
12.7814237633
12.9344397603
16.1027896868
14.4736571731
-42.6354512172
4.1634092694
-21.8346734033
10.8413498797
-24.4849620318
4.6615781084
33.3163600584
18.7713438024
11.7850813419
-4.3038589243
-27.0220610857
-3.2926520037
-2.9577199131
-23.0292206109
8.6827779370
-6.6377525066
19.1503582938
-4.5620482202
3.4243525342
13.1245061293
-10.7488342326
11.3756500651
-14.5980054981
95.4420098501
17.0287655729
17.5607996188
-54.8521900273
50.0502701754
-3.9577182780
-42.4541434593
-67.9797081892
-19.9736120114
3.2908471559
-3.5835360829
30.8568433736
-9.0402646966
-0.6701796145
-3.8118457786
14.0555313204
-6.5549536291
5.7580492671
-20.2929526831
3.4911176746
-9.7845189668
12.0864707739
13.0701199683
153.7610469732
50.5870819690
112.7551705879
-144.4637883071
-40.2300918264
-112.4080907565
-12.3421745500
-10.4566220131
-6.0996493336
23.0066362959
-18.1137495034
18.3711110832
-35.4114575655
10.4879388508
-16.4482591479
-13.1177077110
-26.0642169466
25.6439115207
-0.3559712566
3.4812680910
10.9356561445
26.8154261659
33.0902121482
-35.8878116994
-4.6137472687
-39.0150960010
9.5415096035
14.2508367288
11.9563225075
-14.2213579425
-10.5740142031
24.1773220393
2.0652392520
-7.1484948027
2.6795444769
-2.2351439765
4.7259549680
-0.7769502393
1.5965337834
4.9085315742
-32.8269522023
-28.9420397317
-14.1045100529
-4.3848849717
-3.7642082307
13.2268761034
36.4598453005
29.3058671755
-35.7006672391
-10.5087420347
12.2214620092
3.2402675400
3.4755120256
-42.4667323324
30.8520419092
5.8826288308
34.2842601173
-21.3679127116
16.0126184445
-14.8596633747
30.9270320330
-8.7224324128
14.7559273134
-1.9751190009
-1.8763551650
3.0530495576
15.7455448385
-17.9037052948
4.6159991781
-22.6972044998
9.1533677048
-7.2435078280
63.9537531439
-17.5343980862
-4.9183645561
-57.6841374222
16.5959258226
22.9977341981
-6.9019575667
4.2749778012
-18.4011733026
-8.1391831410
-16.5348859156
-14.3828823385
6.5564252560
3.7267475582
3.7812155421
-0.9179169203
-26.2810038391
13.7264205163
-7.0906673353
35.2669606401
-31.1455134903
14.9609044295
-2.0805353969
23.1394254271
0.2426168504
-11.2173191350
15.5201795824
-4.3339341880
7.9211001258
-1.9964617418
-1.2782461373
9.1989347767
-8.6423846832
34.6085149083
-4.1630250574
12.0721149999
-29.1183859367
8.1371387535
-15.7192891642
-18.8948904998
33.0121803459
12.7890060216
7.0907799900
-27.3181023812
6.5313340762
5.8603172589
-7.1181764420
-13.2005125177
-24.5799928446
-8.2487333737
23.4788506639
15.4334899652
-0.9759874848
-3.5032903180
9.6001671587
6.6747056398
-22.4482125758
-28.7769435868
1.8832484506
20.8815157022
18.1845939320
-2.3429391666
-7.4712068164
-7.5706596251
-11.1955530494
54.6029514487
4.9267128668
10.7776015151
-11.4164998672
13.8487125955
3.6246408405
-54.1999260773
3.1764326091
-28.7283123053
0.7188357986
9.5365693958
28.1302767996
-7.4353660007
-13.3254170014
-2.1489618986
4.3196958120
-34.8352047472
-12.4360752577
3.7341021353
42.9093706752
3.0850529964
2.6410770265
13.2233328147
41.3246881726
-0.3666023085
7.7655559188
-16.2922133308
0.9641267173
-25.3863293747
-18.3054938355
-6.8853593700
-51.4075762380
3.3844857931
7.3541217589
15.0203007627
9.2194035539
22.8002195706
32.7105501884
-9.9798492778
-30.2416843443
27.9805111889
-12.5788954060
15.1414319049
-18.7044399187
5.1696937699
-1.4138706109
24.3557920830
14.9040576513
5.9882657929
-4.0318379955
-7.1954753955
2.6949947809
-26.5201034892
-1.0781712821
-17.9105677485
335.3937640347
137.8834328082
10.2613450649
-321.4710194738
-116.9785098184
-39.5969364955
-17.0026664294
-20.1261323275
24.8353361255
-37.6327106170
11.3442110859
-12.2358711460
37.5983959769
-10.1052280974
10.0872116365
-35.7513772974
-40.2758735353
-11.8664500969
12.5117934871
20.2697635900
-29.3670292239
24.3072319519
21.4132105980
43.0850468809
-6.1572918102
-16.8412191129
8.0169467963
0.0720943036
-5.6941064248
-7.7119286951
5.0518640051
19.8892418965
-0.0079273376
25.7090722202
-10.9877405909
5.6083868244
-22.7396421411
10.4843030666
-9.7538650134
21.3362875557
-55.4456066878
-62.2322057795
-28.8893433921
16.9034104701
49.6423283131
4.4941090985
35.2406006119
18.0170739310
117.0124189014
-26.4659461953
-7.2013820625
-88.2870711950
12.4877553328
42.1977993299
-28.6358298617
17.7832228069
-36.2781355430
-41.6129681480
11.1108532710
3.4333044372
35.1599409890
-15.0542074741
10.1624116539
-32.2321955431
-66.4662341680
35.0737470527
11.6341547942
19.3340958370
-54.0601701386
21.3297595087
48.1510650673
3.4568789282
170.2390766240
54.5851389523
63.4490550721
-167.1299072079
-55.6395448232
-48.8744568617
2.6121401689
3.9788345235
-12.6407713298
27.2322132057
-15.5075160015
3.3326005678
-11.6120934346
4.4087333916
-6.4610813815
24.7181704309
-50.0381473373
30.2371817114
-17.0974529593
32.6503213958
-16.2478830895
-19.8264030709
26.9629706991
-6.9887503519
203.6611376799
70.6365165637
24.8455616202
-174.5408354264
-59.8812396647
-66.9043212585
-32.5347340537
-9.2316378609
38.1866921820
-8.7243012960
-8.7004813362
2.8232125004
5.5666144391
-0.2357674409
1.2537063729
19.0550677820
-46.1333898412
38.5244750310
6.7255627422
29.0950023659
-4.2789278329
-22.0897154809
26.7708125090
-39.3449882734
15.6729809425
20.4781926851
-35.1365420022
22.5733589708
-16.3730626880
-4.8455658638
-38.7795692855
-4.9013074394
41.0046300680
12.8186709847
-4.7609384216
-1.4455870765
-26.2905379893
5.4412285045
-10.9430593411
-32.1832832176
32.8486151199
-20.4978254453
13.5090252881
-23.1568418531
18.3292414590
18.7996580942
-6.8982862073
13.5207366399
-25.8373053557
-38.8794905008
36.8802823545
19.5264449473
-9.0759703266
-19.6150461379
19.6573260625
44.4816824992
-16.2287412669
-47.8656370362
9.3434186579
-13.0620040822
51.3647864023
-13.8338220078
11.2152332432
-44.3281933522
-6.8302190150
-11.3655146941
23.4558975528
-6.6900670058
-28.9056403855
16.3179863684
18.5173013875
40.5164934319
-15.3694178665
-17.3768687837
14.7230617693
19.8210335892
4.9343532312
22.4622576599
-3.3964556579
11.9359023498
-35.5838881282
-46.4822709628
6.2872052803
-8.7406967142
52.0245934780
-15.0122489119
10.7654715620
-43.8652558074
-7.4381408653
-11.0344650423
23.3450144363
-6.5806780473
-29.1336180462
16.0472591906
18.6891295438
40.3578031924
-39.5214234164
-25.9566778977
46.8063526212
-10.8049896662
3.6502395597
-4.6254301603
49.2570739338
26.3611713385
-44.3954185984
-29.8422117483
14.9961487679
-3.1274574342
35.9441284073
-18.4001155337
4.6773829785
5.1455963237
-36.5516316562
7.3427566723
-0.4008967893
2.2677853969
-2.5063312600
-6.5644688059
40.6790246057
-9.9388559891
1.4765754366
-28.6170663219
-15.2561666284
-8.6939793778
-5.4631333333
9.6270442129
2.9352565538
31.0889880746
9.1816262621
2.9439843332
-6.9524185986
6.3626732975
-17.3590930483
6.0129383713
-11.0483298788
4.3218433675
-1.3211747162
-22.7945737883
-18.1444034567
6.7374448549
11.5094744342
16.2923461448
-1.9015305395
14.7465734108
-17.6740366268
-44.6345467088
66.2732150584
10.1043576911
8.6793994801
-53.8847382158
19.5150039669
33.3798878568
-11.1642931320
-42.5428039419
7.5952681682
-7.9956325155
42.7943999697
-10.9754896821
5.7944533565
-3.5555384102
-0.8331127880
-15.5581620244
11.5534999147
-0.7848823203
3.7738645225
-6.2654605398
0.1760616035
15.3600556629
9.7211263541
-11.9262591023
-0.4477350813
-30.7074892493
17.2859670643
-1.4198614725
19.0022659027
-0.5375541292
0.4930175518
-19.7484756224
-1.5407898361
-10.5457841058
22.0317219959
-5.1951573034
4.3114233951
47.2204904953
-8.0227182776
20.8512601910
-6.6122522121
13.0834191593
-21.6763104556
-40.3502991995
0.6379330786
1.7524716892
5.3669237959
-2.7164821942
-5.2346588059
-2.5018843616
6.9290978773
6.0240235998
-5.4062248915
-3.1753025040
4.5175744923
35.1158751899
-2.8605213855
26.3831496894
-30.8245351741
2.7785893567
-21.6372417846
-54.7634868545
-17.0792823393
28.6560282674
19.0909856773
12.8608323254
-46.9826264900
33.9543880042
4.8881398767
17.1468348772
245.4996382874
83.3345437863
45.7073983145
-244.8906479956
-85.9757903879
-41.6549101084
-3.1822171346
2.0534887676
-7.6186327656
23.9169555419
-0.4370056048
20.3879906110
-23.2182043084
-2.2311524404
-18.8383034205
-1.9852674161
-16.0753683321
45.1370723224
6.0315631679
13.8431166184
4.2564158541
-2.6334746089
1.6870133440
-50.7514630527
82.2135494650
2.4990478333
-25.6238755750
-102.0234231179
-6.7926255284
45.9917448600
17.6983012765
7.5069741100
-20.5595815993
-25.8672205309
-7.9647413943
-7.4596970574
29.7347877259
0.7707518558
22.0333157643
1.4625505118
3.1438599673
7.9754566408
2.2108046189
1.0069367122
-2.9879113890
-7.0481383843
-1.0637585878
-13.6626318332
-4.4742047811
-19.1777938785
25.4113411033
4.4758554698
20.7800671255
-10.3639284901
-0.4944358160
2.5046781996
-20.9459447387
-44.1535606854
3.7705477292
0.9993402238
42.1643657686
-10.3600768831
-0.6131478454
15.8123858727
31.7419896169
-39.8331355820
-47.2201169559
-3.9636296883
2.2886810763
32.6002161157
-21.0244745937
40.8021633743
10.4849647651
-7.5733396225
25.5794516524
-3.5400169558
-26.7719698884
-10.6812947389
-6.1482379249
34.1809545158
-18.5420581606
-29.4021739517
-2.3381341446
-13.1235254400
31.1844623915
-1.3895004215
11.1005922011
2.7364161577
19.3428117579
-20.0936924997
-22.8700904249
7.1734958588
17.0464250960
20.8776261484
-26.9155904784
6.3913682438
-30.8790007863
-17.9713764167
52.4778095099
-14.9948811053
0.0509614563
-14.2880602334
43.3476427567
22.0473323882
-39.5109168776
25.3096067393
2.0903577062
11.8210170247
-22.5499457540
3.9091522177
-6.9913342964
-29.5520759340
-35.6866423143
-33.0737574381
-1.5530644617
15.6575164084
-0.7393543810
28.6681582205
14.6422764474
33.7260960961
35.7729500911
48.6207571545
-23.8367536531
-8.7653159298
-7.4544627614
-1.3648325864
-27.3303117856
-41.7789536726
20.4589180484
-36.1413525041
2.3542307312
6.7516678149
36.9205937855
0.6201668299
-1.9160523311
22.5288105350
-21.0473221650
-44.8422524417
-17.4135029261
-29.3591706649
13.5559015270
-12.4937817696
35.5551552350
32.5522666920
-8.9933113781
71.1844918512
-86.1044705849
-26.9037712152
-11.9302945144
52.0204620128
42.4963142868
-47.3772596746
27.9824784968
8.9299401106
-10.0387878770
-0.5714833715
-8.3621447002
2.6795930963
-0.6447884173
31.5630238922
-90.4502181068
54.9702806768
-1.9271636480
71.8587768424
7.6956423742
-28.5432632235
26.2055536095
-61.7535487450
-84.5073426958
-61.3849933588
95.0354400042
30.0976344804
59.1763351095
-98.2386417562
52.7493145985
1.9537406848
3.5070980489
-6.7078296970
5.9906315429
-14.4805884055
3.2098092502
-2.0959643558
8.6529576289
37.2449256560
-1.3231455816
-68.1692883641
-3.7952546970
-1.7652751992
7.8894239787
-33.1529976110
-0.7355822253
63.3927004174
21.5252356780
15.8321051992
-25.5518132891
7.5113534156
-8.1975039177
3.7031422353
-25.8352396231
-7.7052654625
24.5634657983
-29.1454681412
1.7198670297
-14.8243550010
26.9374134843
-4.7446449857
18.9814733914
-4.7968100692
-0.0057252335
0.9273941502
-4.1935627985
12.0919576537
-11.4878352334
12.6160240434
-6.9295615406
12.8925748795
9.2641927151
17.5023317979
4.2266311212
-5.8760082883
-1.5870743410
-11.2341094377
-4.8057821315
-18.0471491946
0.5182273156
-1.9407035644
-1.0883066531
-4.2785365058
4.4342455445
-2.8599379524
2.5101449201
28.3383762313
-20.4977815692
-34.5003094176
11.4003534753
7.7103574577
2.8493721217
-39.0198950938
10.6159526059
33.6391206915
-26.5043982297
-5.8086407414
0.7531777131
-4.9092312196
4.8355490768
7.4072959918
28.2012516706
7.0928077757
-8.3802655149
30.8563785245
-9.5797979921
6.3312509201
-28.3335913685
1.3781649809
-5.7983512113
-49.6644667523
-37.3006731608
-18.6192610611
18.5853982259
0.5308908966
-39.2130576901
31.9121054208
38.7201373771
57.8702110694
-24.1950064650
-1.9979891032
29.2334266068
9.3550031248
0.5374058993
-3.0250459557
11.4841792899
7.7118611023
-26.7791726781
-3.6103253850
-5.1843839507
-3.0981399221
-0.0257018872
0.9172398058
0.7243440235
-10.1889780182
-38.6136999732
48.1483139195
7.9935952431
38.2720690748
1.2499816507
3.0523285671
-1.6262770120
-49.2756892436
38.9237448484
22.9250623907
-30.6395216675
-9.8113568883
-3.6591630026
6.2592894306
-26.3333052941
-13.0308473329
26.6314206230
-26.8779590449
-9.0977245538
-14.1699446813
37.0722875713
2.0732318109
5.6392862465
-6.1417940726
1.2398557665
3.4051526054
17.5076123416
-15.7453076706
-8.9910974156
-20.1932389898
20.1510290296
12.1227361202
60.6324429548
-4.3609262686
12.1021131839
-39.0968359238
3.4334870565
16.9842029070
-22.9025148368
2.3063548295
-27.0924477803
20.6715592457
-7.7898917188
15.8887503846
-22.6878387387
3.6626695302
-10.0693196888
-9.5857817386
-27.5953303316
35.8880654691
0.5550523782
12.5092166576
-35.5722265817
20.8217695463
30.9987243369
-9.3250832062
-12.8237594224
-8.7209524850
47.8364558956
0.2409839493
-13.1749173560
-10.2783938806
2.8080159661
10.1104825526
-34.3682483919
-21.9398182420
-11.6875472217
-10.0150402534
26.4262205691
-8.0532394169
15.2581137770
18.8758969071
3.9420485937
41.4189861366
-23.7876871685
21.5218204600
-52.3830787144
-0.7744659054
-5.8640597687
7.7902664441
4.3270729201
-5.5732859726
21.0468134398
-2.9281925074
-13.5789400185
-5.0606783508
-0.1990253872
19.2932045305
-18.0553824789
28.5248684798
3.3710407438
21.7646898942
-31.4222931933
3.8461734630
-18.4509809369
-6.4462500858
39.8382548515
5.8014735269
2.2136399614
1.7462282438
-0.5705596025
6.3171927918
-46.0553995432
-10.8801861261
23.6530315258
29.8184309212
-32.7986450255
6.7780290289
-2.9557039859
5.2856309347
-29.6182173228
-29.6090235085
29.8485785211
34.5173119856
-19.0901164569
18.9190745123
-37.0063394744
8.3804220458
-18.6538152408
-12.3665056066
-13.9135246581
-27.5862444287
9.0263121080
5.8490849863
26.1507441037
5.4671758605
20.5515854830
-1.0782282024
21.1864614672
39.2852717634
-32.5416403834
10.4781438158
-8.4887330762
3.3386969691
-31.3025601560
-32.5739900874
31.4514126702
41.8120030219
-8.4248068357
21.8501474241
-37.4814389900
8.6449626984
-19.8209825981
64.8732792485
-43.9973500365
-9.4047277504
-27.6920130190
42.3311315756
-19.1931659170
-38.4719364081
0.2609985498
29.3263134217
84.7121194049
88.4072062320
65.4329255692
-93.5877184164
-96.0050132827
-40.9853827056
5.8357051583
8.7828699133
-27.2051262579
-29.9825926245
1.3903399960
-6.9092409934
28.0100860282
-5.9775339446
7.6998497331
10.6680275656
-17.5034690181
40.4499026098
-11.8670074415
4.9716573730
-17.7941266019
0.0773333429
15.9524311563
-25.3302166313
-27.4459074286
-22.6123529340
-13.4918270566
26.3030201368
-2.4230722768
-37.5465119374
4.2370416069
26.2020008341
52.9221708776
15.8375304153
-11.4231381972
-1.3058358811
-5.7896175027
-1.1968121611
-2.8184240802
-7.8728234104
-35.5605069291
-19.9115285657
8.5816246344
9.5090733332
15.2188328406
-5.6164090292
38.1841117951
3.3586084016
30.7025004221
-15.9715777223
1.6756245406
-13.1916874995
-16.5761128147
-10.7088607659
-22.6511192159
33.0349615102
14.4915835101
-41.1827597758
-20.6544807840
0.9381580162
38.3002280216
5.1923456777
16.2390224961
-14.9298425473
0.0700202701
-23.2817842837
10.6548789762
1.5066578153
24.5830938151
6.1919337420
1.6682545475
-14.9792161644
-15.1111538627
-26.1176319049
13.7369507719
11.0138089025
20.1021558369
-9.9719551436
5.0629053575
18.2326785414
-7.2642683217
-17.0077939998
-12.5850854886
-2.0843976764
17.9441637698
4.7847678681
8.3489225888
20.4091199008
-90.7865660898
28.0176825166
-6.1756106601
77.1349400338
-4.8626075645
-13.2668780302
20.9291200466
-28.8414532603
-6.6565729667
-18.9996890733
85.3438576576
-9.5179232541
18.6650475134
-83.8186995589
14.2714952402
0.8574651898
-2.1033058886
-34.6037679924
-16.3482525522
-11.8588464934
31.6250516035
1.9951146280
18.8571333673
-19.2839194065
11.7293219786
-19.5137505345
4.1386050628
11.6876776640
10.6030388128
14.2544120351
-5.0426239431
-3.9052353895
-5.4694858760
-13.1073458447
33.0592356465
0.7143058914
2.4777703136
-8.8355816688
8.6247986821
6.6083389415
-18.4059949263
-4.7239058372
0.4390440630
-7.3488044542
11.9658839321
-0.3653880087
6.4016909774
-16.2225428833
-1.4212157013
-20.7671651908
0.1599721320
-9.2456544848
7.8817622692
10.5377156533
9.9126880669
14.0062751014
-29.6912377671
-16.5459426840
79.7793789156
16.2212313448
18.7931217464
-90.8201087484
11.7528810537
-1.5666529975
10.8669711298
-0.0527651183
11.2095756025
10.7211591083
-4.6477856082
-4.4924714541
-8.1491098041
5.9500876874
-13.6941739804
0.7840154716
5.6290204332
2.3449159612
-3.9196421546
-12.2810575635
13.6584078726
-0.5347199726
-14.1703644685
-10.9852088234
1.6170926844
7.8937001163
-6.6529929170
-2.4866143052
11.6791633358
8.6119477385
1.9678189724
-48.9012592080
2.4926253261
-6.8947725646
45.1644023674
0.1579514614
19.2362735577
-47.4157330542
38.9081581729
-25.8548759408
30.4530104455
13.3398913594
22.4913676501
17.5772578864
-55.2234669155
3.1665664238
89.0347311965
24.7663226331
-69.3033660535
-65.1465322646
-30.2278823573
48.6660906161
-20.7658773690
5.7864003199
8.4927151255
24.5926872574
3.5407047428
20.0831847752
-21.9700358064
-2.1190170773
-11.5238551109
-3.4152310561
-1.1809242823
71.9440541246
30.6608300190
11.9394835854
-53.2514536284
-28.6394336282
-11.5381539646
-24.1184605197
6.6146286346
10.0342354388
-6.1130848962
-2.4273140250
13.3844137067
2.4312593133
-5.4161325813
-24.0607409636
0.5483547562
-51.0075320673
15.0148423431
-21.3151831685
39.6555501746
6.6412448042
25.4282843793
-1.3651314180
-23.5543412120
6.5454289655
2.2215080070
-1.2307497043
4.0512596763
5.8803970806
12.6736487323
-13.3669700064
-30.9083526878
10.9307337244
10.8479882097
25.1308971559
-6.0113113994
-8.2590003729
10.3926649408
-14.4640672883
-3.9318064971
27.6295133436
17.0312190750
30.5119786907
-27.3411432444
-10.8005569979
-25.7454857964
-39.2465659593
13.9522861967
-67.1444395449
-6.5808760825
-49.7910658009
20.0236390261
44.2006064993
30.6849523679
46.9817572696
3.0249949646
-21.5505924859
-27.0211645910
2.3479410380
1.0972360251
-2.3702703974
-4.0344717453
19.3765216199
24.7639841575
3.9099502877
-14.0193525404
-0.7801484487
-2.3795851674
2.4571604215
4.4831578700
28.5732827527
-46.2172666469
31.4602187150
5.6289824864
30.3633633444
4.9550236011
-34.3942977301
29.2580707251
-39.8503290702
-36.9918236120
-12.3234667447
-12.4313639170
31.9000430605
4.2384776587
7.1525207281
3.7534467365
6.2430137823
5.0109205217
-13.5611773273
0.4353228984
-12.7827744345
17.4214077328
5.1676742851
18.5519385761
-16.0392156406
-25.9973640540
42.4842792008
-1.8961195534
-16.6396714449
-33.7817179019
17.1698069617
39.8287918516
-17.9730164328
-43.0038192408
2.1293623419
1.7218106208
7.7963699605
54.9109578656
2.1174612558
32.1127482931
-59.8350737437
-0.3379808842
-2.9177594907
-6.1992634165
-4.1129648392
7.2993276691
0.6168832401
5.1170175896
-37.2410811640
-98.2059695039
108.3431097304
20.6994964406
107.2135394172
-122.6303979822
14.4065718559
-8.9682842336
13.8702569291
76.6232692253
-15.0286111266
4.2767257287
-74.1205014132
18.0368644079
13.2694607888
-4.7493231229
2.5348400296
-18.1332079452
22.4808943148
6.5586095725
-1.3226617590
-14.8607496038
-3.8826095702
-5.6761955037
20.2564976025
-13.3029749872
-16.9004921188
-10.2321295350
-14.8915921056
5.2570474573
-11.8468054783
27.0605498812
18.4088184104
9.0340046494
39.5889273349
-5.0119984499
33.7841749615
-48.7442267723
-14.1381297910
-48.6158869113
7.6133154609
19.3836105689
-32.5578484389
-7.5177296751
1.9720227738
22.4476350719
3.6475785356
5.3271839397
-7.8622753672
4.4501879719
5.2920036366
0.4427901303
-3.2901427672
-0.1902086698
15.2345203125
-2.2216076176
-13.1249425183
15.8037944649
35.0640255398
-8.5861580991
42.0307809390
-18.5743722894
14.8931396263
-55.5393971125
-11.5579396981
-5.5830395032
-10.7800965216
-5.0282290363
45.0220091214
-21.5634386862
-5.0739858426
-7.8438984111
237.2227471526
47.0575158175
-224.4604071059
-211.2967991020
-45.1728751912
204.9277317574
7.4218035533
10.4488108877
-18.1705654497
4.3617741439
46.9503147329
-28.1172728827
41.4491930284
-35.7921915243
-18.5350095301
-46.8151847544
-13.3893574720
47.1774125007
-25.0648316608
-23.3138470145
-29.8745080895
25.7723794524
7.6307401878
29.0919002095
-7.3075111481
-19.9603246789
39.2502823806
0.5623180173
10.3269433392
-1.4614571677
3.5204055407
16.7801199140
-33.6931095963
18.1301046030
-34.4991472948
63.6162394805
2.6691102744
25.0790000722
-3.7881206860
-18.2819738931
17.9565154750
-63.1412265311
-14.8937384752
-6.9223362200
17.8421376892
-3.4408404478
-2.4766805270
1.0448989950
266.5316429624
96.2648236213
-211.9746380544
-276.3226544009
-95.2531886126
214.7343749334
28.3219725123
10.3274354626
-20.7165499997
15.4905110618
42.6832429243
-17.6681038714
38.3366819164
-35.4255062071
-22.2019646846
-54.0235739431
-9.1977916274
38.9398473642
15.6241445107
1.2334273301
13.9042264899
-15.2739530363
-0.1712411656
-10.4389281006
-10.3541061808
29.3718176441
2.9062295724
2.4116751725
-0.0148467116
-0.6785741730
7.1893861092
-29.0011953395
-1.9705274300
13.4926310558
-19.9623583938
-42.6843078082
-5.1065003783
-20.3821859263
5.9695579875
-7.9832760670
38.9265849342
32.9923246478
-38.3951746399
16.0694106741
-30.0473738553
36.0806434464
-6.8726353112
25.5139292718
-19.4782702140
8.8156097584
-0.5435058581
22.2851169423
-11.6855419669
-8.5296611437
2.7222335162
-6.3654066578
17.1838769484
485.1738004687
145.1222245522
297.5585962107
-457.8727018414
-145.3212748420
-351.9583931788
-30.5156488642
0.2376149790
50.8225316050
-38.7165158230
6.7085530592
-29.0647539697
40.8198928620
0.2166552643
34.6571355172
-24.8785670935
-31.9613568963
32.5897131345
23.4195337819
42.6177288446
-13.3011784403
2.6445420498
-14.4983926010
-23.7116274174
5.8108748632
30.0824343886
-17.2418324866
35.4309088922
-32.5571333776
-8.8317656370
-44.5306707184
-0.6084910533
24.9043104851
-19.1200138446
6.7394086052
-5.8397488713
17.7245415349
-2.2963416000
9.9052670828
-4.7576643185
-29.3298045334
-13.0429867727
7.1701932955
23.0831561528
1.3936223999
-4.3169766819
5.0588616445
4.3201001833
-16.8448655696
7.0349103437
-5.7660240383
18.1589074607
-5.6152148887
-0.8376272793
1.9858781235
-4.6749757241
9.8673961097
34.5161249602
2.4044462944
15.6346273327
-34.7392110325
-4.6665930241
-15.7823248391
-7.7306673323
-22.8837821288
61.4257767539
-1.4054807958
20.3062162989
-53.3481932361
3.7586917050
0.2742301480
-8.8330629455
-34.1804908525
-5.3087749659
44.8822021916
15.2303402280
-7.0464046868
-17.6350485929
24.5506919342
16.9206608785
-26.3439754787
-14.9467644782
1.1908948216
-8.1735724890
17.3341062224
0.3164709399
10.2185077956
-9.0427620748
-4.4354456142
-26.0682440578
25.5116394156
-6.4936955277
-6.9011559391
-19.6760575846
7.0455402098
29.5621792873
-8.9755332710
1.1308581350
-45.5828614410
-9.3922550896
-11.3032177972
6.6848421966
19.1876268603
12.5485960187
40.2603058332
15.0039041588
18.9149300030
15.3755688164
-29.2938439479
-3.7988193308
-15.4270105377
35.9696595336
-48.6737143788
40.1633255001
-24.5004977162
12.3848790052
-44.9984630906
-3.9242384689
24.1463929711
7.6543253513
-4.2705451328
20.4376867765
20.0304410020
-1.8269400436
-13.8065346530
-3.0542650432
12.8425028029
-9.6048203932
-19.7439219984
-29.0489028519
-8.8043810434
-22.0352059926
30.7306925725
11.5092633547
20.3759887286
-4.8893933091
-23.9062059061
22.6045394369
-3.7152745602
15.4754248106
15.2802842339
7.4904458779
9.6763620955
-36.2304398889
-12.0558322365
32.6198263449
-22.1260199599
11.8958601045
17.3385139881
14.6196055661
-0.4075955972
-53.9088048303
7.5112478759
-20.0116300286
-3.4673131307
-18.7924173577
16.8697219532
2.5843701774
20.7316516668
-9.7733720747
80.8491520817
-3.0324005328
1.7155399011
-68.5542533985
6.8437589314
10.8501796412
-9.4884266802
-1.5352827971
-15.4389543140
-24.2868841304
25.8482779294
11.7576338988
25.8912835878
-9.0461796645
4.0308810230
-3.5279273212
-21.0174081756
-25.7088528399
-4.2472457566
-29.0916073071
24.0962058681
4.4351029065
24.9713519261
-13.4364364895
103.9831119741
3.6276884482
-0.2237608151
-91.0162478020
7.6007396320
16.4346077626
-13.6818483637
-7.0275332356
-16.8817783843
-22.8360568288
217.4990117015
7.3095828098
21.5061401031
-213.7523681268
8.4104320882
1.8570449532
-3.8272830384
-27.4129327872
-5.9643426650
-29.3461537038
23.6248109153
2.6084474644
23.2035983222
-12.6106545618
99.0319565818
-2.2998374552
1.7161316350
-84.6157841685
9.0780894219
19.8883975787
-11.6113985326
-2.4348856107
-50.5530270278
2.2875889181
10.3976940865
10.1054190175
6.6355966502
21.2632896424
35.2418540443
-8.3720630625
-29.8617935174
-11.2480584688
-2.7061120270
-13.5932590315
10.4518027610
2.1159172927
11.1624254347
-15.3119829119
-6.1496514457
-29.8355473298
1.9478814514
-6.2327503406
-8.7272967268
14.9082744969
14.6324339788
41.2245736654
2.6293300996
13.2878579042
-40.6827279828
15.2794399161
-16.8251165971
11.6908402982
-18.6566873443
1.8774212348
28.7609916727
0.0269624347
1.5427737457
-9.5688183033
3.1581149450
0.7178788261
4.9691493222
-6.1325480813
-26.1714891815
4.4629357475
16.9419241682
-7.0912163790
33.8589042007
-11.0289378440
33.7063234068
-36.6771930951
-22.9293053247
-39.9052239564
6.3434662537
-2.4585407388
-20.6956863380
2.8134376247
22.4223304410
57.8966398762
-6.2018829362
3.1742980979
6.5807622419
10.5867643503
-6.7519180270
0.1820299342
-4.7061550044
-19.3989565190
-10.8033164466
21.3905136283
14.2253008591
21.5712094930
-13.8808014147
9.5315343209
-17.4432200662
-7.1047586671
-16.5085413034
66.5712390776
-1.6543268616
2.1644655654
-58.6311275716
0.2762342169
13.5638170063
-8.0275778482
-4.9074702478
